1377299112, 46.03
1377299122, 46.03
1377299127, 46.03
1377299130, 46.03
1377299131, 46.03
1377299136, 46.03
1377299141, 46.03
1377299146, 46.03
1377299151, 46.03
1377299156, 46.03
1377299161, 46.03
1377299166, 46.03
1377299171, 46.03
1377299176, 46.03
1377299181, 46.03
1377299186, 46.03
1377299191, 46.03
1377299196, 46.03
1377299201, 46.03
1377299206, 46.03
1377299211, 46.03
1377299216, 46.03
1377299221, 46.03
1377299226, 46.03
1377299231, 46.03
1377299236, 46.03
1377299241, 46.03
1377299246, 46.03
1377299251, 46.03
1377299256, 46.03
1377299261, 46.03
1377299266, 46.03
1377299271, 46.03
1377299276, 46.03
1377299281, 46.03
1377299286, 46.03
1377299291, 46.03
1377299296, 46.03
1377299301, 46.03
1377299306, 46.03
1377299311, 46.03
1377299316, 46.03
1377299321, 46.03
1377299326, 46.03
1377299331, 46.03
1377299336, 46.03
1377299342, 46.03
1377299346, 46.03
1377299351, 46.03
1377299356, 46.03
1377299361, 46.03
1377299366, 46.03
1377299371, 46.03
1377299376, 46.03
1377299381, 46.03
1377299386, 46.03
1377299391, 46.03
1377299396, 46.03
1377299401, 46.03
1377299407, 46.03
1377299411, 46.03
1377299416, 46.03
1377299421, 46.03
1377299426, 46.03
1377299431, 46.03
1377299436, 46.03
1377299441, 46.03
1377299446, 46.03
1377299451, 46.03
1377299456, 46.03
1377299461, 46.03
1377299466, 46.03
1377299471, 46.03
1377299476, 46.00
1377299481, 46.03
1377299486, 46.03
1377299491, 46.03
1377299496, 46.03
1377299501, 46.03
1377299506, 46.03
1377299511, 46.03
1377299516, 46.03
1377299521, 46.03
1377299526, 46.03
1377299531, 46.03
1377299536, 46.03
1377299541, 46.03
1377299546, 46.03
1377299551, 46.03
1377299556, 46.03
1377299561, 46.03
1377299566, 46.03
1377299571, 46.03
1377299576, 46.03
1377299581, 46.03
1377299586, 46.03
1377299591, 46.03
1377299596, 46.07
1377299601, 46.03
1377299606, 46.03
1377299611, 46.03
1377299616, 46.03
1377299621, 46.03
1377299626, 46.03
1377299631, 46.03
1377299636, 46.03
1377299641, 46.07
1377299646, 46.03
1377299651, 46.03
1377299656, 46.03
1377299661, 46.03
1377299666, 46.03
1377299671, 46.03
1377299676, 46.03
1377299681, 46.07
1377299686, 46.07
1377299691, 46.03
1377299696, 46.07
1377299701, 46.03
1377299706, 46.03
1377299711, 46.03
1377299716, 46.03
1377299721, 46.03
1377299726, 46.03
1377299731, 46.07
1377299736, 46.03
1377299741, 46.07
1377299746, 46.03
1377299751, 46.03
1377299756, 46.07
1377299761, 46.10
1377299766, 46.07
1377299771, 46.07
1377299776, 46.03
1377299781, 46.10
1377299786, 46.07
1377299791, 46.07
1377299796, 46.03
1377299801, 46.03
1377299806, 46.03
1377299811, 46.07
1377299816, 46.07
1377299821, 46.07
1377299826, 46.07
1377299831, 46.07
1377299836, 46.07
1377299841, 46.03
1377299846, 46.03
1377299851, 46.10
1377299856, 46.07
1377299861, 46.10
1377299866, 46.03
1377299871, 46.07
1377299876, 46.03
1377299881, 46.07
1377299886, 46.07
1377299891, 46.07
1377299896, 46.07
1377299901, 46.07
1377299906, 46.07
1377299911, 46.07
1377299916, 46.07
1377299921, 46.10
1377299926, 46.07
1377299931, 46.07
1377299936, 46.07
1377299941, 46.07
1377299946, 46.03
1377299951, 46.03
1377299956, 46.07
1377299961, 46.07
1377299966, 46.10
1377299971, 46.03
1377299976, 46.07
1377299981, 46.07
1377299986, 46.07
1377299991, 46.07
1377299996, 46.07
1377300002, 46.07
1377300006, 46.07
1377300011, 46.10
1377300016, 46.10
1377300021, 46.07
1377300026, 46.07
1377300031, 46.07
1377300036, 46.03
1377300041, 46.07
1377300046, 46.10
1377300051, 46.10
1377300056, 46.07
1377300061, 46.07
1377300066, 46.10
1377300071, 46.07
1377300076, 46.07
1377300081, 46.07
1377300086, 46.07
1377300091, 46.10
1377300096, 46.07
1377300101, 46.07
1377300106, 46.10
1377300111, 46.07
1377300116, 46.10
1377300121, 46.07
1377300126, 46.07
1377300131, 46.10
1377300136, 46.10
1377300141, 46.03
1377300146, 46.10
1377300151, 46.07
1377300156, 46.07
1377300161, 46.10
1377300166, 46.10
1377300171, 46.10
1377300176, 46.10
1377300181, 46.07
1377300186, 46.10
1377300191, 46.07
1377300196, 46.07
1377300201, 46.07
1377300206, 46.03
1377300211, 46.07
1377300216, 46.07
1377300221, 46.07
1377300226, 46.10
1377300231, 46.10
1377300236, 46.07
1377300241, 46.03
1377300246, 46.07
1377300251, 46.10
1377300256, 46.10
1377300261, 46.10
1377300266, 46.07
1377300271, 46.07
1377300276, 46.07
1377300281, 46.07
1377300286, 46.10
1377300291, 46.10
1377300296, 46.10
1377300301, 46.10
1377300306, 46.10
1377300311, 46.10
1377300316, 46.10
1377300321, 46.07
1377300326, 46.07
1377300331, 46.10
1377300336, 46.10
1377300341, 46.10
1377300346, 46.10
1377300351, 46.07
1377300356, 46.10
1377300361, 46.07
1377300366, 46.10
1377300371, 46.07
1377300376, 46.07
1377300381, 46.10
1377300386, 46.10
1377300391, 46.10
1377300396, 46.10
1377300401, 46.07
1377300406, 46.10
1377300411, 46.10
1377300416, 46.10
1377300421, 46.10
1377300426, 46.07
1377300431, 46.07
1377300436, 46.10
1377300441, 46.10
1377300446, 46.07
1377300451, 46.07
1377300456, 46.10
1377300461, 46.10
1377300466, 46.07
1377300471, 46.10
1377300476, 46.07
1377300481, 46.10
1377300486, 46.07
1377300491, 46.07
1377300496, 46.07
1377300501, 46.10
1377300506, 46.07
1377300511, 46.10
1377300516, 46.10
1377300521, 46.10
1377300526, 46.07
1377300531, 46.10
1377300536, 46.10
1377300541, 46.07
1377300546, 46.07
1377300551, 46.10
1377300556, 46.10
1377300561, 46.10
1377300566, 46.10
1377300571, 46.07
1377300576, 46.10
1377300581, 46.07
1377300586, 46.10
1377300591, 46.10
1377300596, 46.10
1377300601, 46.10
1377300606, 46.10
1377300611, 46.10
1377300616, 46.10
1377300621, 46.10
1377300626, 46.10
1377300631, 46.10
1377300636, 46.10
1377300641, 46.10
1377300646, 46.10
1377300651, 46.10
1377300656, 46.10
1377300661, 46.07
1377300666, 46.10
1377300671, 46.10
1377300676, 46.10
1377300681, 46.10
1377300686, 46.07
1377300691, 46.10
1377300696, 46.10
1377300701, 46.10
1377300706, 46.10
1377300711, 46.10
1377300716, 46.07
1377300721, 46.10
1377300726, 46.10
1377300731, 46.10
1377300736, 46.10
1377300741, 46.10
1377300746, 46.10
1377300751, 46.07
1377300756, 46.10
1377300761, 46.10
1377300766, 46.10
1377300771, 46.10
1377300776, 46.10
1377300781, 46.10
1377300786, 46.10
1377300791, 46.10
1377300796, 46.10
1377300801, 46.10
1377300806, 46.07
1377300811, 46.07
1377300816, 46.10
1377300821, 46.10
1377300826, 46.10
1377300831, 46.10
1377300836, 46.10
1377300841, 46.10
1377300846, 46.10
1377300851, 46.10
1377300856, 46.10
1377300861, 46.10
1377300866, 46.10
1377300871, 46.10
1377300876, 46.10
1377300881, 46.10
1377300886, 46.10
1377300891, 46.10
1377300896, 46.10
1377300901, 46.10
1377300906, 46.10
1377300911, 46.10
1377300916, 46.10
1377300921, 46.10
1377300926, 46.10
1377300931, 46.10
1377300936, 46.10
1377300941, 46.10
1377300946, 46.10
1377300951, 46.10
1377300956, 46.10
1377300961, 46.10
1377300966, 46.10
1377300971, 46.10
1377300976, 46.10
1377300981, 46.10
1377300986, 46.10
1377300991, 46.10
1377300996, 46.10
1377301001, 46.10
1377301006, 46.10
1377301011, 46.10
1377301016, 46.10
1377301021, 46.10
1377301026, 46.10
1377301031, 46.10
1377301036, 46.10
1377301041, 46.10
1377301046, 46.10
1377301051, 46.10
1377301056, 46.10
1377301061, 46.10
1377301066, 46.10
1377301071, 46.10
1377301076, 46.10
1377301081, 46.10
1377301086, 46.10
1377301091, 46.10
1377301096, 46.10
1377301101, 46.10
1377301106, 46.10
1377301111, 46.10
1377301116, 46.10
1377301121, 46.10
1377301126, 46.10
1377301131, 46.10
1377301136, 46.10
1377301141, 46.10
1377301146, 46.10
1377301151, 46.13
1377301156, 46.10
1377301161, 46.10
1377301166, 46.13
1377301171, 46.10
1377301176, 46.10
1377301181, 46.10
1377301186, 46.10
1377301191, 46.13
1377301196, 46.10
1377301201, 46.13
1377301206, 46.10
1377301211, 46.13
1377301216, 46.10
1377301221, 46.10
1377301226, 46.10
1377301231, 46.10
1377301236, 46.10
1377301241, 46.13
1377301246, 46.10
1377301251, 46.10
1377301256, 46.10
1377301261, 46.10
1377301266, 46.13
1377301271, 46.10
1377301276, 46.10
1377301281, 46.13
1377301286, 46.13
1377301291, 46.10
1377301296, 46.10
1377301301, 46.10
1377301306, 46.10
1377301311, 46.10
1377301316, 46.10
1377301321, 46.10
1377301326, 46.10
1377301331, 46.10
1377301336, 46.10
1377301341, 46.10
1377301346, 46.13
1377301351, 46.10
1377301356, 46.10
1377301361, 46.10
1377301366, 46.13
1377301371, 46.10
1377301376, 46.13
1377301381, 46.10
1377301386, 46.13
1377301391, 46.10
1377301396, 46.10
1377301401, 46.10
1377301406, 46.13
1377301411, 46.10
1377301416, 46.10
1377301421, 46.13
1377301426, 46.10
1377301431, 46.13
1377301436, 46.10
1377301441, 46.10
1377301446, 46.13
1377301451, 46.10
1377301456, 46.10
1377301461, 46.10
1377301466, 46.13
1377301471, 46.10
1377301476, 46.10
1377301481, 46.10
1377301486, 46.13
1377301491, 46.13
1377301496, 46.13
1377301501, 46.10
1377301506, 46.10
1377301511, 46.13
1377301516, 46.13
1377301521, 46.13
1377301526, 46.13
1377301531, 46.13
1377301536, 46.13
1377301541, 46.13
1377301546, 46.13
1377301551, 46.13
1377301556, 46.13
1377301561, 46.13
1377301566, 46.13
1377301571, 46.13
1377301576, 46.13
1377301581, 46.13
1377301586, 46.13
1377301591, 46.10
1377301596, 46.13
1377301601, 46.10
1377301606, 46.16
1377301611, 46.13
1377301616, 46.10
1377301621, 46.10
1377301626, 46.13
1377301631, 46.10
1377301636, 46.13
1377301641, 46.13
1377301646, 46.13
1377301651, 46.13
1377301656, 46.10
1377301661, 46.13
1377301666, 46.10
1377301671, 46.13
1377301676, 46.13
1377301681, 46.10
1377301686, 46.13
1377301691, 46.13
1377301696, 46.13
1377301701, 46.13
1377301706, 46.13
1377301711, 46.13
1377301716, 46.13
1377301721, 46.13
1377301726, 46.16
1377301731, 46.10
1377301736, 46.13
1377301741, 46.13
1377301746, 46.13
1377301751, 46.13
1377301756, 46.16
1377301761, 46.10
1377301766, 46.13
1377301771, 46.13
1377301776, 46.13
1377301781, 46.16
1377301786, 46.13
1377301791, 46.13
1377301796, 46.13
1377301801, 46.13
1377301806, 46.10
1377301811, 46.13
1377301816, 46.13
1377301821, 46.13
1377301826, 46.13
1377301831, 46.13
1377301836, 46.13
1377301841, 46.13
1377301846, 46.13
1377301851, 46.13
1377301856, 46.13
1377301861, 46.16
1377301866, 46.10
1377301871, 46.13
1377301876, 46.10
1377301881, 46.10
1377301886, 46.13
1377301891, 46.13
1377301896, 46.13
1377301901, 46.10
1377301906, 46.10
1377301911, 46.13
1377301916, 46.13
1377301921, 46.10
1377301926, 46.13
1377301931, 46.13
1377301936, 46.13
1377301941, 46.13
1377301946, 46.13
1377301951, 46.13
1377301956, 46.10
1377301961, 46.13
1377301966, 46.13
1377301971, 46.13
1377301976, 46.13
1377301981, 46.10
1377301986, 46.13
1377301991, 46.10
1377301996, 46.10
1377302001, 46.13
1377302006, 46.13
1377302011, 46.13
1377302016, 46.13
1377302021, 46.10
1377302026, 46.10
1377302031, 46.13
1377302036, 46.13
1377302041, 46.10
1377302046, 46.13
1377302051, 46.13
1377302056, 46.13
1377302061, 46.10
1377302066, 46.10
1377302071, 46.13
1377302076, 46.13
1377302081, 46.13
1377302086, 46.10
1377302091, 46.10
1377302096, 46.13
1377302101, 46.10
1377302106, 46.13
1377302111, 46.10
1377302116, 46.10
1377302121, 46.13
1377302126, 46.13
1377302131, 46.10
1377302136, 46.13
1377302141, 46.10
1377302146, 46.13
1377302151, 46.10
1377302156, 46.10
1377302161, 46.10
1377302166, 46.10
1377302171, 46.10
1377302176, 46.10
1377302181, 46.10
1377302186, 46.10
1377302191, 46.10
1377302196, 46.10
1377302201, 46.10
1377302206, 46.13
1377302211, 46.10
1377302216, 46.10
1377302221, 46.10
1377302226, 46.10
1377302231, 46.13
1377302236, 46.13
1377302241, 46.13
1377302246, 46.10
1377302251, 46.13
1377302256, 46.10
1377302261, 46.10
1377302266, 46.10
1377302271, 46.10
1377302276, 46.10
1377302281, 46.10
1377302286, 46.10
1377302291, 46.10
1377302296, 46.10
1377302301, 46.10
1377302306, 46.13
1377302311, 46.10
1377302316, 46.10
1377302321, 46.13
1377302326, 46.10
1377302331, 46.10
1377302336, 46.10
1377302341, 46.10
1377302346, 46.10
1377302351, 46.10
1377302356, 46.10
1377302361, 46.10
1377302366, 46.10
1377302371, 46.10
1377302376, 46.10
1377302381, 46.10
1377302386, 46.10
1377302391, 46.10
1377302396, 46.10
1377302401, 46.10
1377302406, 46.10
1377302411, 46.13
1377302416, 46.13
1377302421, 46.10
1377302426, 46.13
1377302431, 46.10
1377302436, 46.10
1377302441, 46.10
1377302446, 46.10
1377302451, 46.10
1377302456, 46.10
1377302461, 46.10
1377302466, 46.10
1377302471, 46.10
1377302476, 46.10
1377302481, 46.10
1377302486, 46.13
1377302491, 46.10
1377302496, 46.10
1377302501, 46.10
1377302506, 46.10
1377302511, 46.10
1377302516, 46.10
1377302521, 46.13
1377302526, 46.13
1377302531, 46.13
1377302536, 46.13
1377302541, 46.10
1377302546, 46.13
1377302551, 46.10
1377302556, 46.10
1377302561, 46.10
1377302566, 46.13
1377302571, 46.10
1377302576, 46.10
1377302581, 46.13
1377302586, 46.10
1377302591, 46.10
1377302596, 46.13
1377302601, 46.10
1377302606, 46.10
1377302611, 46.10
1377302616, 46.13
1377302621, 46.10
1377302626, 46.13
1377302631, 46.13
1377302636, 46.13
1377302641, 46.13
1377302646, 46.13
1377302651, 46.10
1377302656, 46.10
1377302661, 46.10
1377302666, 46.13
1377302671, 46.13
1377302676, 46.10
1377302681, 46.10
1377302686, 46.13
1377302691, 46.10
1377302696, 46.10
1377302701, 46.10
1377302706, 46.13
1377302711, 46.13
1377302716, 46.10
1377302721, 46.10
1377302726, 46.13
1377302731, 46.13
1377302736, 46.10
1377302741, 46.10
1377302746, 46.13
1377302751, 46.13
1377302756, 46.10
1377302761, 46.13
1377302766, 46.13
1377302771, 46.13
1377302776, 46.13
1377302781, 46.13
1377302786, 46.13
1377302791, 46.13
1377302796, 46.10
1377302801, 46.10
1377302806, 46.13
1377302811, 46.13
1377302816, 46.10
1377302821, 46.10
1377302826, 46.13
1377302831, 46.13
1377302836, 46.10
1377302841, 46.10
1377302846, 46.16
1377302851, 46.13
1377302856, 46.13
1377302861, 46.13
1377302866, 46.10
1377302871, 46.10
1377302876, 46.13
1377302881, 46.13
1377302886, 46.10
1377302891, 46.13
1377302896, 46.13
1377302901, 46.10
1377302906, 46.10
1377302911, 46.10
1377302916, 46.13
1377302921, 46.13
1377302926, 46.10
1377302931, 46.13
1377302936, 46.13
1377302941, 46.13
1377302946, 46.10
1377302951, 46.13
1377302956, 46.10
1377302961, 46.13
1377302966, 46.13
1377302971, 46.13
1377302976, 46.13
1377302981, 46.13
1377302986, 46.13
1377302991, 46.13
1377302996, 46.13
1377303001, 46.10
1377303006, 46.13
1377303011, 46.16
1377303016, 46.10
1377303021, 46.13
1377303026, 46.13
1377303032, 46.10
1377303036, 46.13
1377303041, 46.13
1377303046, 46.13
1377303051, 46.16
1377303056, 46.13
1377303061, 46.13
1377303066, 46.13
1377303071, 46.13
1377303076, 46.13
1377303081, 46.16
1377303086, 46.10
1377303091, 46.16
1377303096, 46.10
1377303101, 46.13
1377303106, 46.10
1377303111, 46.13
1377303116, 46.13
1377303121, 46.13
1377303126, 46.13
1377303131, 46.13
1377303136, 46.13
1377303141, 46.13
1377303146, 46.13
1377303151, 46.16
1377303156, 46.13
1377303161, 46.16
1377303166, 46.13
1377303171, 46.13
1377303176, 46.16
1377303181, 46.13
1377303186, 46.13
1377303191, 46.13
1377303196, 46.10
1377303201, 46.13
1377303206, 46.13
1377303211, 46.13
1377303216, 46.13
1377303221, 46.13
1377303226, 46.13
1377303231, 46.13
1377303236, 46.13
1377303241, 46.13
1377303246, 46.13
1377303251, 46.10
1377303256, 46.16
1377303261, 46.13
1377303266, 46.13
1377303271, 46.13
1377303276, 46.13
1377303281, 46.16
1377303286, 46.13
1377303291, 46.13
1377303296, 46.16
1377303301, 46.13
1377303306, 46.16
1377303311, 46.16
1377303316, 46.13
1377303321, 46.16
1377303326, 46.13
1377303331, 46.16
1377303336, 46.13
1377303341, 46.16
1377303346, 46.16
1377303351, 46.13
1377303356, 46.16
1377303361, 46.16
1377303366, 46.13
1377303371, 46.13
1377303376, 46.13
1377303381, 46.13
1377303386, 46.16
1377303391, 46.13
1377303396, 46.13
1377303401, 46.16
1377303406, 46.16
1377303411, 46.16
1377303416, 46.13
1377303421, 46.13
1377303426, 46.13
1377303431, 46.16
1377303436, 46.13
1377303441, 46.13
1377303446, 46.13
1377303451, 46.16
1377303456, 46.13
1377303461, 46.13
1377303466, 46.10
1377303471, 46.13
1377303476, 46.13
1377303481, 46.16
1377303486, 46.13
1377303491, 46.13
1377303496, 46.16
1377303501, 46.16
1377303506, 46.13
1377303511, 46.13
1377303516, 46.13
1377303521, 46.13
1377303526, 46.16
1377303531, 46.13
1377303536, 46.13
1377303541, 46.13
1377303546, 46.13
1377303551, 46.16
1377303556, 46.16
1377303561, 46.16
1377303566, 46.16
1377303571, 46.13
1377303576, 46.13
1377303581, 46.13
1377303586, 46.16
1377303591, 46.16
1377303596, 46.13
1377303601, 46.16
1377303606, 46.16
1377303611, 46.13
1377303616, 46.13
1377303621, 46.13
1377303626, 46.13
1377303631, 46.13
1377303636, 46.16
1377303641, 46.16
1377303646, 46.16
1377303651, 46.16
1377303656, 46.16
1377303661, 46.16
1377303666, 46.16
1377303671, 46.16
1377303676, 46.16
1377303681, 46.13
1377303686, 46.16
1377303691, 46.13
1377303696, 46.16
1377303701, 46.16
1377303706, 46.16
1377303711, 46.16
1377303716, 46.16
1377303721, 46.16
1377303726, 46.13
1377303731, 46.16
1377303736, 46.13
1377303741, 46.13
1377303746, 46.13
1377303751, 46.16
1377303756, 46.16
1377303761, 46.16
1377303766, 46.16
1377303771, 46.16
1377303776, 46.16
1377303781, 46.16
1377303786, 46.16
1377303791, 46.16
1377303796, 46.16
1377303801, 46.16
1377303806, 46.16
1377303811, 46.16
1377303816, 46.16
1377303821, 46.16
1377303826, 46.16
1377303831, 46.16
1377303836, 46.16
1377303841, 46.16
1377303846, 46.16
1377303851, 46.16
1377303856, 46.16
1377303861, 46.13
1377303866, 46.16
1377303871, 46.16
1377303876, 46.16
1377303881, 46.16
1377303886, 46.16
1377303891, 46.16
1377303896, 46.16
1377303901, 46.16
1377303906, 46.16
1377303911, 46.16
1377303916, 46.16
1377303921, 46.16
1377303926, 46.16
1377303931, 46.16
1377303936, 46.16
1377303941, 46.13
1377303946, 46.16
1377303951, 46.16
1377303956, 46.16
1377303961, 46.16
1377303966, 46.16
1377303971, 46.16
1377303976, 46.16
1377303981, 46.13
1377303986, 46.16
1377303991, 46.16
1377303996, 46.16
1377304001, 46.16
1377304006, 46.16
1377304011, 46.16
1377304016, 46.16
1377304021, 46.16
1377304026, 46.16
1377304031, 46.16
1377304036, 46.16
1377304041, 46.16
1377304046, 46.16
1377304051, 46.16
1377304056, 46.16
1377304061, 46.16
1377304066, 46.16
1377304071, 46.16
1377304076, 46.16
1377304081, 46.16
1377304086, 46.16
1377304091, 46.16
1377304096, 46.16
1377304101, 46.16
1377304106, 46.16
1377304111, 46.16
1377304116, 46.16
1377304121, 46.16
1377304126, 46.16
1377304131, 46.16
1377304136, 46.16
1377304141, 46.16
1377304146, 46.16
1377304151, 46.16
1377304156, 46.16
1377304161, 46.16
1377304166, 46.16
1377304171, 46.16
1377304176, 46.16
1377304181, 46.16
1377304186, 46.16
1377304191, 46.16
1377304196, 46.16
1377304201, 46.16
1377304206, 46.16
1377304211, 46.13
1377304216, 46.16
1377304221, 46.13
1377304226, 46.13
1377304231, 46.16
1377304236, 46.16
1377304241, 46.16
1377304246, 46.16
1377304251, 46.16
1377304256, 46.16
1377304261, 46.16
1377304266, 46.16
1377304271, 46.16
1377304276, 46.16
1377304281, 46.16
1377304286, 46.16
1377304291, 46.16
1377304296, 46.16
1377304301, 46.16
1377304306, 46.16
1377304311, 46.16
1377304316, 46.16
1377304321, 46.16
1377304326, 46.16
1377304331, 46.16
1377304336, 46.16
1377304341, 46.16
1377304346, 46.16
1377304351, 46.13
1377304356, 46.16
1377304361, 46.16
1377304366, 46.16
1377304371, 46.16
1377304376, 46.16
1377304381, 46.16
1377304386, 46.16
1377304391, 46.16
1377304396, 46.16
1377304401, 46.13
1377304406, 46.16
1377304411, 46.13
1377304416, 46.16
1377304421, 46.16
1377304426, 46.16
1377304431, 46.13
1377304437, 46.13
1377304441, 46.16
1377304446, 46.16
1377304451, 46.16
1377304456, 46.13
1377304461, 46.16
1377304466, 46.16
1377304471, 46.13
1377304476, 46.13
1377304481, 46.16
1377304486, 46.16
1377304491, 46.16
1377304496, 46.16
1377304501, 46.16
1377304506, 46.13
1377304511, 46.16
1377304516, 46.16
1377304521, 46.13
1377304526, 46.16
1377304531, 46.16
1377304536, 46.16
1377304541, 46.13
1377304546, 46.16
1377304551, 46.16
1377304556, 46.13
1377304561, 46.16
1377304566, 46.13
1377304571, 46.13
1377304576, 46.16
1377304581, 46.16
1377304586, 46.13
1377304591, 46.16
1377304596, 46.13
1377304601, 46.13
1377304606, 46.16
1377304611, 46.13
1377304616, 46.13
1377304621, 46.16
1377304626, 46.16
1377304631, 46.16
1377304636, 46.13
1377304641, 46.13
1377304646, 46.13
1377304651, 46.16
1377304656, 46.16
1377304661, 46.16
1377304666, 46.13
1377304671, 46.16
1377304676, 46.13
1377304681, 46.13
1377304686, 46.16
1377304691, 46.16
1377304696, 46.13
1377304701, 46.16
1377304706, 46.16
1377304711, 46.16
1377304716, 46.13
1377304721, 46.16
1377304726, 46.13
1377304731, 46.16
1377304736, 46.16
1377304741, 46.10
1377304746, 46.16
1377304751, 46.16
1377304756, 46.16
1377304761, 46.13
1377304766, 46.13
1377304771, 46.16
1377304776, 46.16
1377304781, 46.13
1377304786, 46.16
1377304791, 46.16
1377304796, 46.13
1377304801, 46.16
1377304806, 46.16
1377304811, 46.13
1377304816, 46.13
1377304821, 46.13
1377304826, 46.16
1377304831, 46.13
1377304836, 46.13
1377304841, 46.16
1377304846, 46.13
1377304851, 46.13
1377304856, 46.13
1377304861, 46.16
1377304866, 46.16
1377304871, 46.16
1377304876, 46.13
1377304881, 46.16
1377304886, 46.10
1377304891, 46.13
1377304896, 46.16
1377304901, 46.16
1377304906, 46.13
1377304911, 46.16
1377304916, 46.13
1377304921, 46.16
1377304926, 46.13
1377304931, 46.13
1377304936, 46.16
1377304941, 46.16
1377304946, 46.13
1377304951, 46.16
1377304956, 46.13
1377304961, 46.13
1377304966, 46.13
1377304971, 46.16
1377304976, 46.16
1377304981, 46.16
1377304986, 46.16
1377304991, 46.13
1377304996, 46.16
1377305001, 46.16
1377305006, 46.13
1377305011, 46.13
1377305016, 46.13
1377305021, 46.16
1377305026, 46.16
1377305031, 46.13
1377305036, 46.16
1377305041, 46.16
1377305046, 46.13
1377305051, 46.13
1377305056, 46.13
1377305061, 46.13
1377305066, 46.13
1377305071, 46.13
1377305076, 46.13
1377305081, 46.16
1377305086, 46.16
1377305091, 46.13
1377305096, 46.13
1377305101, 46.16
1377305106, 46.13
1377305111, 46.13
1377305116, 46.16
1377305121, 46.16
1377305126, 46.16
1377305131, 46.13
1377305136, 46.13
1377305141, 46.13
1377305146, 46.16
1377305151, 46.16
1377305156, 46.13
1377305161, 46.13
1377305166, 46.13
1377305171, 46.13
1377305176, 46.13
1377305181, 46.13
1377305186, 46.13
1377305191, 46.16
1377305196, 46.13
1377305201, 46.13
1377305206, 46.16
1377305211, 46.13
1377305216, 46.13
1377305221, 46.16
1377305226, 46.13
1377305231, 46.13
1377305236, 46.16
1377305241, 46.16
1377305246, 46.16
1377305251, 46.16
1377305256, 46.13
1377305261, 46.16
1377305266, 46.13
1377305271, 46.16
1377305276, 46.13
1377305281, 46.13
1377305286, 46.13
1377305291, 46.16
1377305296, 46.13
1377305301, 46.13
1377305306, 46.13
1377305311, 46.13
1377305316, 46.16
1377305321, 46.16
1377305326, 46.16
1377305331, 46.13
1377305336, 46.16
1377305341, 46.13
1377305346, 46.16
1377305351, 46.13
1377305356, 46.16
1377305361, 46.16
1377305366, 46.16
1377305371, 46.13
1377305376, 46.16
1377305381, 46.13
1377305386, 46.13
1377305391, 46.16
1377305396, 46.16
1377305401, 46.16
1377305406, 46.13
1377305411, 46.13
1377305416, 46.16
1377305421, 46.10
1377305426, 46.13
1377305431, 46.13
1377305436, 46.13
1377305441, 46.13
1377305446, 46.13
1377305451, 46.16
1377305456, 46.16
1377305461, 46.16
1377305466, 46.13
1377305471, 46.13
1377305476, 46.13
1377305481, 46.13
1377305486, 46.13
1377305491, 46.16
1377305496, 46.10
1377305501, 46.13
1377305506, 46.13
1377305511, 46.13
1377305516, 46.16
1377305521, 46.13
1377305526, 46.13
1377305531, 46.13
1377305536, 46.16
1377305541, 46.16
1377305546, 46.13
1377305551, 46.13
1377305556, 46.13
1377305561, 46.16
1377305566, 46.16
1377305571, 46.13
1377305576, 46.13
1377305581, 46.13
1377305586, 46.13
1377305591, 46.13
1377305596, 46.16
1377305601, 46.16
1377305606, 46.16
1377305611, 46.16
1377305616, 46.13
1377305621, 46.13
1377305626, 46.13
1377305631, 46.13
1377305636, 46.13
1377305641, 46.13
1377305646, 46.16
1377305651, 46.16
1377305656, 46.13
1377305661, 46.13
1377305666, 46.13
1377305671, 46.13
1377305676, 46.13
1377305681, 46.13
1377305686, 46.13
1377305691, 46.16
1377305696, 46.10
1377305701, 46.13
1377305706, 46.16
1377305711, 46.13
1377305716, 46.13
1377305721, 46.13
1377305726, 46.13
1377305731, 46.13
1377305736, 46.13
1377305741, 46.13
1377305746, 46.13
1377305751, 46.13
1377305756, 46.13
1377305761, 46.13
1377305766, 46.10
1377305771, 46.13
1377305776, 46.16
1377305781, 46.16
1377305786, 46.10
1377305791, 46.13
1377305796, 46.13
1377305801, 46.16
1377305806, 46.13
1377305811, 46.13
1377305816, 46.13
1377305821, 46.13
1377305826, 46.13
1377305831, 46.13
1377305836, 46.13
1377305841, 46.13
1377305846, 46.13
1377305851, 46.13
1377305856, 46.13
1377305861, 46.13
1377305866, 46.13
1377305871, 46.13
1377305876, 46.13
1377305881, 46.10
1377305886, 46.13
1377305891, 46.13
1377305896, 46.13
1377305901, 46.16
1377305906, 46.13
1377305911, 46.13
1377305916, 46.13
1377305921, 46.13
1377305926, 46.13
1377305931, 46.13
1377305936, 46.13
1377305941, 46.13
1377305946, 46.13
1377305951, 46.13
1377305956, 46.13
1377305961, 46.13
1377305966, 46.13
1377305971, 46.10
1377305976, 46.13
1377305981, 46.13
1377305986, 46.10
1377305991, 46.13
1377305996, 46.13
1377306001, 46.13
1377306006, 46.13
1377306011, 46.16
1377306016, 46.10
1377306021, 46.10
1377306026, 46.13
1377306031, 46.13
1377306036, 46.13
1377306041, 46.10
1377306046, 46.13
1377306051, 46.13
1377306056, 46.13
1377306061, 46.13
1377306066, 46.13
1377306071, 46.13
1377306076, 46.16
1377306081, 46.10
1377306086, 46.13
1377306091, 46.10
1377306096, 46.13
1377306101, 46.13
1377306106, 46.13
1377306111, 46.16
1377306116, 46.13
1377306121, 46.13
1377306126, 46.13
1377306131, 46.16
1377306136, 46.10
1377306141, 46.13
1377306146, 46.10
1377306151, 46.13
1377306156, 46.13
1377306161, 46.13
1377306166, 46.13
1377306171, 46.10
1377306176, 46.13
1377306181, 46.13
1377306186, 46.13
1377306191, 46.13
1377306196, 46.13
1377306201, 46.10
1377306206, 46.13
1377306211, 46.10
1377306216, 46.13
1377306221, 46.10
1377306226, 46.13
1377306231, 46.13
1377306236, 46.13
1377306241, 46.13
1377306246, 46.10
1377306251, 46.13
1377306256, 46.13
1377306261, 46.10
1377306266, 46.13
1377306271, 46.13
1377306276, 46.10
1377306281, 46.10
1377306286, 46.10
1377306291, 46.13
1377306296, 46.10
1377306301, 46.10
1377306306, 46.10
1377306311, 46.10
1377306316, 46.13
1377306321, 46.10
1377306326, 46.10
1377306331, 46.10
1377306336, 46.10
1377306341, 46.10
1377306346, 46.10
1377306351, 46.10
1377306356, 46.10
1377306361, 46.10
1377306366, 46.10
1377306371, 46.10
1377306376, 46.10
1377306381, 46.10
1377306386, 46.10
1377306391, 46.10
1377306396, 46.10
1377306401, 46.10
1377306406, 46.10
1377306411, 46.10
1377306416, 46.10
1377306421, 46.13
1377306426, 46.10
1377306431, 46.10
1377306436, 46.10
1377306441, 46.10
1377306446, 46.10
1377306451, 46.10
1377306456, 46.10
1377306461, 46.10
1377306466, 46.10
1377306471, 46.10
1377306476, 46.10
1377306481, 46.10
1377306486, 46.10
1377306491, 46.10
1377306496, 46.10
1377306501, 46.10
1377306506, 46.10
1377306511, 46.10
1377306516, 46.10
1377306521, 46.10
1377306526, 46.13
1377306531, 46.10
1377306536, 46.10
1377306541, 46.10
1377306546, 46.10
1377306551, 46.10
1377306556, 46.10
1377306561, 46.10
1377306566, 46.10
1377306571, 46.10
1377306576, 46.10
1377306581, 46.10
1377306586, 46.10
1377306591, 46.10
1377306596, 46.10
1377306601, 46.10
1377306606, 46.10
1377306611, 46.10
1377306616, 46.10
1377306621, 46.10
1377306626, 46.10
1377306631, 46.10
1377306636, 46.10
1377306641, 46.10
1377306646, 46.10
1377306651, 46.10
1377306656, 46.10
1377306661, 46.10
1377306666, 46.10
1377306671, 46.07
1377306676, 46.10
1377306681, 46.10
1377306686, 46.10
1377306691, 46.10
1377306696, 46.10
1377306701, 46.10
1377306706, 46.07
1377306711, 46.10
1377306716, 46.10
1377306721, 46.10
1377306726, 46.10
1377306731, 46.10
1377306736, 46.10
1377306741, 46.10
1377306746, 46.10
1377306751, 46.10
1377306756, 46.07
1377306761, 46.10
1377306766, 46.10
1377306771, 46.07
1377306776, 46.10
1377306781, 46.10
1377306786, 46.10
1377306791, 46.10
1377306796, 46.07
1377306801, 46.10
1377306806, 46.10
1377306811, 46.07
1377306816, 46.10
1377306821, 46.10
1377306826, 46.10
1377306831, 46.10
1377306836, 46.07
1377306841, 46.10
1377306846, 46.10
1377306851, 46.10
1377306856, 46.10
1377306861, 46.10
1377306866, 46.10
1377306871, 46.10
1377306876, 46.10
1377306881, 46.10
1377306886, 46.07
1377306891, 46.10
1377306896, 46.10
1377306901, 46.10
1377306906, 46.10
1377306911, 46.10
1377306916, 46.10
1377306921, 46.10
1377306926, 46.10
1377306931, 46.10
1377306936, 46.10
1377306941, 46.07
1377306946, 46.10
1377306951, 46.10
1377306956, 46.10
1377306961, 46.10
1377306966, 46.10
1377306971, 46.10
1377306976, 46.10
1377306981, 46.10
1377306986, 46.10
1377306991, 46.10
1377306996, 46.10
1377307001, 46.10
1377307006, 46.10
1377307011, 46.10
1377307016, 46.10
1377307021, 46.10
1377307026, 46.10
1377307031, 46.10
1377307036, 46.10
1377307041, 46.10
1377307046, 46.10
1377307051, 46.03
1377307056, 46.10
1377307061, 46.10
1377307066, 46.07
1377307071, 46.07
1377307076, 46.10
1377307081, 46.10
1377307086, 46.07
1377307091, 46.07
1377307096, 46.10
1377307101, 46.10
1377307106, 46.10
1377307111, 46.10
1377307116, 46.07
1377307121, 46.07
1377307126, 46.07
1377307131, 46.10
1377307136, 46.07
1377307141, 46.10
1377307146, 46.10
1377307151, 46.10
1377307156, 46.10
1377307161, 46.10
1377307166, 46.10
1377307171, 46.10
1377307176, 46.10
1377307181, 46.10
1377307186, 46.07
1377307191, 46.10
1377307196, 46.10
1377307201, 46.10
1377307206, 46.10
1377307211, 46.07
1377307216, 46.07
1377307221, 46.07
1377307226, 46.07
1377307231, 46.07
1377307236, 46.10
1377307241, 46.10
1377307246, 46.07
1377307251, 46.10
1377307256, 46.10
1377307261, 46.07
1377307266, 46.10
1377307271, 46.10
1377307276, 46.10
1377307281, 46.07
1377307286, 46.07
1377307291, 46.10
1377307296, 46.07
1377307301, 46.10
1377307306, 46.07
1377307311, 46.07
1377307316, 46.07
1377307321, 46.07
1377307326, 46.07
1377307331, 46.07
1377307336, 46.07
1377307341, 46.07
1377307346, 46.07
1377307351, 46.10
1377307356, 46.07
1377307361, 46.07
1377307366, 46.07
1377307371, 46.07
1377307376, 46.03
1377307381, 46.07
1377307386, 46.07
1377307391, 46.07
1377307396, 46.07
1377307401, 46.10
1377307406, 46.07
1377307411, 46.07
1377307416, 46.07
1377307421, 46.07
1377307426, 46.10
1377307431, 46.10
1377307436, 46.07
1377307441, 46.07
1377307446, 46.07
1377307451, 46.07
1377307456, 46.07
1377307461, 46.03
1377307466, 46.07
1377307471, 46.07
1377307476, 46.07
1377307481, 46.03
1377307486, 46.07
1377307491, 46.07
1377307496, 46.07
1377307501, 46.10
1377307506, 46.03
1377307511, 46.10
1377307516, 46.10
1377307521, 46.03
1377307526, 46.07
1377307531, 46.10
1377307536, 46.07
1377307541, 46.07
1377307546, 46.03
1377307551, 46.03
1377307556, 46.03
1377307561, 46.07
1377307566, 46.07
1377307571, 46.07
1377307576, 46.07
1377307581, 46.07
1377307586, 46.10
1377307591, 46.07
1377307596, 46.10
1377307601, 46.03
1377307606, 46.07
1377307611, 46.03
1377307616, 46.03
1377307621, 46.03
1377307626, 46.07
1377307631, 46.07
1377307636, 46.03
1377307641, 46.07
1377307646, 46.07
1377307651, 46.10
1377307656, 46.07
1377307661, 46.07
1377307666, 46.07
1377307671, 46.07
1377307676, 46.10
1377307681, 46.03
1377307686, 46.03
1377307691, 46.07
1377307696, 46.03
1377307701, 46.03
1377307706, 46.10
1377307711, 46.10
1377307716, 46.07
1377307721, 46.03
1377307726, 46.03
1377307731, 46.07
1377307736, 46.03
1377307741, 46.03
1377307746, 46.03
1377307751, 46.07
1377307756, 46.03
1377307761, 46.03
1377307766, 46.07
1377307771, 46.03
1377307776, 46.03
1377307781, 46.10
1377307786, 46.07
1377307791, 46.03
1377307796, 46.07
1377307801, 46.07
1377307806, 46.07
1377307811, 46.03
1377307816, 46.07
1377307821, 46.07
1377307826, 46.07
1377307831, 46.03
1377307836, 46.03
1377307841, 46.03
1377307846, 46.03
1377307851, 46.03
1377307856, 46.07
1377307861, 46.03
1377307866, 46.03
1377307871, 46.03
1377307876, 46.03
1377307881, 46.03
1377307886, 46.03
1377307891, 46.07
1377307896, 46.03
1377307901, 46.03
1377307906, 46.03
1377307911, 46.03
1377307916, 46.03
1377307921, 46.07
1377307926, 46.03
1377307931, 46.03
1377307936, 46.03
1377307941, 46.03
1377307946, 46.03
1377307951, 46.03
1377307956, 46.03
1377307961, 46.03
1377307966, 46.03
1377307971, 46.03
1377307976, 46.03
1377307981, 46.07
1377307986, 46.03
1377307991, 46.03
1377307996, 46.03
1377308001, 46.03
1377308006, 46.03
1377308011, 46.03
1377308016, 46.03
1377308021, 46.03
1377308026, 46.03
1377308031, 46.07
1377308036, 46.03
1377308041, 46.03
1377308046, 46.03
1377308051, 46.03
1377308056, 46.03
1377308061, 46.03
1377308066, 46.03
1377308071, 46.03
1377308076, 46.03
1377308081, 46.03
1377308086, 46.03
1377308091, 46.03
1377308096, 46.03
1377308101, 46.03
1377308106, 46.03
1377308111, 46.03
1377308116, 46.03
1377308121, 46.03
1377308126, 46.03
1377308131, 46.03
1377308136, 46.07
1377308141, 46.03
1377308146, 46.03
1377308151, 46.03
1377308156, 46.03
1377308161, 46.03
1377308166, 46.03
1377308171, 46.03
1377308176, 46.03
1377308181, 46.03
1377308186, 46.03
1377308191, 46.03
1377308196, 46.03
1377308201, 46.03
1377308206, 46.03
1377308211, 46.03
1377308216, 46.03
1377308221, 46.03
1377308226, 46.03
1377308231, 46.03
1377308236, 46.03
1377308241, 46.03
1377308246, 46.03
1377308251, 46.03
1377308256, 46.03
1377308261, 46.03
1377308266, 46.03
1377308271, 46.03
1377308276, 46.03
1377308281, 46.03
1377308286, 46.03
1377308291, 46.03
1377308296, 46.03
1377308301, 46.03
1377308306, 46.03
1377308311, 46.03
1377308316, 46.03
1377308321, 46.03
1377308326, 46.03
1377308331, 46.03
1377308336, 46.03
1377308341, 46.03
1377308346, 46.03
1377308351, 46.03
1377308356, 46.03
1377308361, 46.03
1377308366, 46.00
1377308371, 46.03
1377308376, 46.03
1377308381, 46.03
1377308386, 46.03
1377308391, 46.03
1377308396, 46.03
1377308401, 46.03
1377308406, 46.03
1377308411, 46.03
1377308416, 46.03
1377308421, 46.03
1377308426, 46.03
1377308431, 46.03
1377308436, 46.03
1377308441, 46.03
1377308446, 46.03
1377308451, 46.03
1377308456, 46.03
1377308461, 46.03
1377308466, 46.03
1377308471, 46.03
1377308476, 46.03
1377308481, 46.03
1377308486, 46.03
1377308491, 46.03
1377308496, 46.03
1377308501, 46.00
1377308506, 46.03
1377308511, 46.03
1377308516, 46.03
1377308521, 46.03
1377308526, 46.03
1377308531, 46.03
1377308536, 46.03
1377308541, 46.03
1377308546, 46.03
1377308551, 46.03
1377308556, 46.03
1377308561, 46.03
1377308566, 46.03
1377308571, 46.03
1377308576, 46.03
1377308581, 46.00
1377308586, 46.03
1377308591, 46.03
1377308596, 46.03
1377308601, 46.03
1377308606, 46.03
1377308611, 46.03
1377308616, 46.03
1377308621, 46.03
1377308626, 46.03
1377308631, 46.03
1377308636, 46.03
1377308641, 46.03
1377308646, 46.03
1377308651, 46.03
1377308656, 46.03
1377308661, 46.03
1377308666, 46.00
1377308671, 46.00
1377308676, 46.03
1377308681, 46.03
1377308686, 46.03
1377308691, 46.03
1377308696, 46.03
1377308701, 46.03
1377308706, 46.03
1377308711, 46.03
1377308716, 46.03
1377308721, 46.03
1377308726, 46.03
1377308731, 46.03
1377308736, 46.03
1377308741, 46.03
1377308746, 46.03
1377308751, 46.00
1377308756, 46.03
1377308761, 46.03
1377308766, 46.03
1377308771, 46.03
1377308776, 46.03
1377308781, 46.03
1377308786, 46.03
1377308791, 46.03
1377308796, 46.03
1377308801, 46.03
1377308806, 46.00
1377308811, 46.03
1377308816, 46.03
1377308821, 46.00
1377308826, 46.03
1377308831, 46.03
1377308836, 46.03
1377308841, 46.03
1377308846, 46.00
1377308851, 46.03
1377308856, 46.03
1377308861, 46.00
1377308866, 46.00
1377308871, 46.03
1377308876, 46.03
1377308881, 46.03
1377308886, 46.03
1377308891, 46.03
1377308896, 46.00
1377308901, 46.00
1377308906, 46.03
1377308911, 46.03
1377308916, 46.03
1377308921, 46.00
1377308926, 46.03
1377308931, 46.00
1377308936, 46.03
1377308941, 46.03
1377308946, 46.03
1377308951, 46.03
1377308956, 46.03
1377308961, 46.03
1377308966, 46.03
1377308971, 46.03
1377308976, 46.03
1377308981, 46.03
1377308986, 46.03
1377308991, 46.03
1377308996, 46.03
1377309001, 46.03
1377309006, 46.03
1377309011, 46.03
1377309016, 46.03
1377309021, 46.03
1377309026, 46.03
1377309031, 46.03
1377309036, 46.03
1377309041, 46.03
1377309046, 46.03
1377309051, 46.03
1377309056, 46.03
1377309061, 46.03
1377309066, 46.03
1377309071, 46.00
1377309076, 46.03
1377309081, 46.00
1377309086, 46.03
1377309091, 46.00
1377309096, 46.03
1377309101, 46.03
1377309106, 46.03
1377309111, 46.00
1377309116, 46.00
1377309121, 46.03
1377309126, 46.03
1377309131, 46.03
1377309136, 46.03
1377309141, 46.00
1377309146, 46.03
1377309151, 46.00
1377309156, 46.03
1377309161, 46.00
1377309166, 46.03
1377309171, 46.00
1377309176, 46.03
1377309181, 46.03
1377309186, 46.03
1377309191, 46.03
1377309196, 46.03
1377309201, 46.00
1377309206, 46.03
1377309211, 46.03
1377309216, 46.00
1377309221, 46.03
1377309226, 46.03
1377309231, 46.03
1377309236, 46.03
1377309241, 46.03
1377309246, 46.03
1377309251, 46.03
1377309256, 46.00
1377309261, 46.03
1377309266, 46.03
1377309271, 46.03
1377309276, 46.00
1377309281, 46.03
1377309286, 46.03
1377309291, 46.00
1377309296, 46.03
1377309301, 46.00
1377309306, 46.03
1377309311, 46.03
1377309316, 46.03
1377309321, 46.03
1377309326, 46.03
1377309331, 46.03
1377309336, 46.03
1377309341, 46.00
1377309346, 46.00
1377309351, 46.03
1377309356, 46.03
1377309361, 46.03
1377309366, 46.00
1377309371, 46.03
1377309376, 46.00
1377309381, 46.00
1377309386, 46.00
1377309391, 46.03
1377309396, 46.03
1377309401, 46.03
1377309406, 46.03
1377309411, 46.00
1377309416, 46.03
1377309421, 46.03
1377309426, 46.00
1377309431, 46.03
1377309436, 46.03
1377309441, 46.03
1377309446, 46.03
1377309451, 46.03
1377309456, 46.03
1377309461, 46.03
1377309466, 46.03
1377309471, 46.03
1377309476, 46.03
1377309481, 46.00
1377309486, 46.00
1377309491, 46.03
1377309496, 46.03
1377309501, 46.03
1377309506, 46.03
1377309511, 46.03
1377309516, 45.97
1377309521, 46.00
1377309526, 46.03
1377309531, 46.03
1377309536, 46.00
1377309541, 46.03
1377309546, 46.03
1377309551, 46.03
1377309556, 46.00
1377309561, 46.00
1377309566, 46.03
1377309571, 46.00
1377309576, 46.00
1377309581, 46.00
1377309586, 46.03
1377309591, 46.00
1377309596, 46.03
1377309601, 46.03
1377309606, 46.03
1377309611, 46.03
1377309616, 46.03
1377309621, 46.00
1377309626, 46.03
1377309631, 46.03
1377309636, 46.03
1377309641, 46.03
1377309646, 46.00
1377309651, 46.03
1377309656, 46.03
1377309661, 46.03
1377309666, 46.03
1377309671, 46.03
1377309676, 46.00
1377309681, 46.03
1377309686, 46.03
1377309691, 46.00
1377309696, 46.00
1377309701, 46.03
1377309706, 46.00
1377309711, 46.00
1377309716, 46.03
1377309721, 46.03
1377309726, 46.00
1377309731, 46.00
1377309736, 46.03
1377309741, 46.03
1377309746, 46.03
1377309751, 46.03
1377309756, 46.00
1377309761, 46.03
1377309766, 46.00
1377309771, 46.00
1377309776, 46.03
1377309781, 46.03
1377309786, 46.03
1377309791, 46.00
1377309796, 46.00
1377309801, 46.00
1377309806, 46.00
1377309811, 46.00
1377309816, 46.03
1377309821, 46.00
1377309826, 46.00
1377309831, 46.03
1377309836, 46.03
1377309841, 46.03
1377309846, 46.03
1377309851, 46.03
1377309856, 46.03
1377309861, 46.03
1377309866, 46.00
1377309871, 46.00
1377309876, 46.03
1377309881, 46.00
1377309886, 46.00
1377309891, 46.03
1377309896, 46.00
1377309901, 46.00
1377309906, 46.03
1377309911, 46.00
1377309916, 46.00
1377309921, 46.03
1377309926, 46.00
1377309931, 46.03
1377309936, 46.03
1377309941, 46.00
1377309946, 46.03
1377309951, 46.03
1377309956, 46.03
1377309961, 46.03
1377309966, 45.97
1377309971, 46.00
1377309976, 46.00
1377309981, 46.00
1377309986, 46.00
1377309991, 46.00
1377309996, 46.03
1377310001, 46.00
1377310006, 46.03
1377310011, 46.03
1377310016, 46.03
1377310021, 46.03
1377310026, 46.00
1377310031, 46.00
1377310036, 46.00
1377310041, 46.00
1377310046, 46.00
1377310051, 46.00
1377310056, 46.03
1377310061, 46.00
1377310066, 46.03
1377310071, 46.03
1377310076, 46.00
1377310081, 46.03
1377310086, 46.00
1377310091, 46.00
1377310096, 46.03
1377310101, 46.00
1377310106, 46.03
1377310111, 46.03
1377310116, 46.03
1377310121, 46.00
1377310126, 46.03
1377310131, 46.03
1377310136, 46.00
1377310141, 46.00
1377310146, 46.00
1377310151, 46.03
1377310156, 46.00
1377310161, 46.00
1377310166, 46.03
1377310171, 46.00
1377310176, 46.03
1377310181, 46.03
1377310186, 46.03
1377310191, 46.00
1377310196, 46.00
1377310201, 46.00
1377310206, 46.03
1377310211, 46.03
1377310216, 46.03
1377310221, 46.00
1377310226, 46.03
1377310231, 46.00
1377310236, 46.03
1377310241, 46.03
1377310246, 46.03
1377310251, 46.03
1377310256, 46.03
1377310261, 46.00
1377310266, 46.03
1377310271, 46.03
1377310276, 46.00
1377310281, 46.03
1377310286, 46.00
1377310291, 46.03
1377310296, 46.03
1377310301, 46.03
1377310306, 46.03
1377310311, 46.03
1377310316, 46.03
1377310321, 46.03
1377310326, 46.03
1377310331, 46.00
1377310336, 46.00
1377310341, 46.03
1377310346, 46.00
1377310351, 46.03
1377310356, 46.00
1377310361, 46.03
1377310366, 46.03
1377310371, 46.00
1377310376, 46.03
1377310381, 46.03
1377310386, 46.03
1377310391, 46.03
1377310396, 46.03
1377310401, 46.03
1377310406, 46.03
1377310411, 46.03
1377310416, 46.03
1377310421, 46.03
1377310426, 46.03
1377310431, 46.03
1377310436, 46.03
1377310441, 46.03
1377310446, 46.03
1377310451, 46.03
1377310456, 46.03
1377310461, 46.03
1377310466, 46.03
1377310471, 46.03
1377310476, 46.00
1377310481, 46.03
1377310486, 46.00
1377310491, 46.03
1377310496, 46.03
1377310501, 46.03
1377310506, 46.03
1377310511, 46.03
1377310516, 46.03
1377310521, 46.03
1377310526, 46.03
1377310531, 46.03
1377310536, 46.03
1377310541, 46.03
1377310546, 46.03
1377310551, 46.03
1377310556, 46.03
1377310561, 46.03
1377310566, 46.03
1377310571, 46.03
1377310576, 46.03
1377310581, 46.00
1377310586, 46.03
1377310591, 46.03
1377310596, 46.03
1377310601, 46.03
1377310606, 46.03
1377310611, 46.03
1377310616, 46.00
1377310621, 46.03
1377310626, 46.03
1377310631, 46.03
1377310636, 46.03
1377310641, 46.03
1377310646, 46.03
1377310651, 46.03
1377310656, 46.03
1377310661, 46.03
1377310666, 46.03
1377310671, 46.03
1377310676, 46.03
1377310681, 46.03
1377310686, 46.03
1377310691, 46.03
1377310696, 46.03
1377310701, 46.03
1377310706, 46.00
1377310711, 46.03
1377310716, 46.03
1377310721, 46.03
1377310726, 46.03
1377310731, 46.03
1377310736, 46.03
1377310741, 46.03
1377310746, 46.03
1377310751, 46.03
1377310756, 46.03
1377310761, 46.03
1377310766, 46.03
1377310771, 46.03
1377310776, 46.03
1377310781, 46.03
1377310786, 46.03
1377310791, 46.03
1377310796, 46.03
1377310801, 46.03
1377310806, 46.03
1377310811, 46.03
1377310816, 46.03
1377310821, 46.03
1377310826, 46.03
1377310831, 46.03
1377310836, 46.03
1377310841, 46.03
1377310846, 46.03
1377310851, 46.03
1377310856, 46.03
1377310861, 46.03
1377310866, 46.03
1377310871, 46.03
1377310876, 46.03
1377310881, 46.03
1377310886, 46.03
1377310891, 46.03
1377310896, 46.03
1377310901, 46.03
1377310906, 46.03
1377310911, 46.03
1377310916, 46.03
1377310921, 46.03
1377310926, 46.03
1377310931, 46.03
1377310936, 46.03
1377310941, 46.03
1377310946, 46.03
1377310951, 46.03
1377310956, 46.03
1377310961, 46.03
1377310966, 46.03
1377310971, 46.03
1377310976, 46.03
1377310981, 46.03
1377310986, 46.03
1377310991, 46.03
1377310996, 46.03
1377311001, 46.03
1377311006, 46.03
1377311011, 46.03
1377311016, 46.03
1377311021, 46.03
1377311026, 46.03
1377311031, 46.03
1377311036, 46.03
1377311041, 46.03
1377311046, 46.03
1377311051, 46.03
1377311056, 46.03
1377311061, 46.03
1377311066, 46.03
1377311071, 46.03
1377311076, 46.03
1377311081, 46.03
1377311086, 46.03
1377311091, 46.03
1377311096, 46.03
1377311101, 46.03
1377311106, 46.03
1377311111, 46.03
1377311116, 46.03
1377311121, 46.03
1377311126, 46.03
1377311131, 46.03
1377311136, 46.03
1377311141, 46.03
1377311146, 46.03
1377311151, 46.03
1377311156, 46.03
1377311161, 46.03
1377311166, 46.03
1377311171, 46.03
1377311176, 46.03
1377311181, 46.03
1377311186, 46.03
1377311191, 46.03
1377311196, 46.03
1377311201, 46.03
1377311206, 46.03
1377311211, 46.07
1377311216, 46.03
1377311221, 46.03
1377311226, 46.03
1377311231, 46.03
1377311236, 46.03
1377311241, 46.03
1377311246, 46.03
1377311251, 46.03
1377311256, 46.03
1377311261, 46.03
1377311266, 46.03
1377311271, 46.03
1377311276, 46.07
1377311281, 46.03
1377311286, 46.03
1377311291, 46.03
1377311296, 46.03
1377311301, 46.03
1377311306, 46.03
1377311311, 46.03
1377311316, 46.03
1377311321, 46.03
1377311326, 46.03
1377311331, 46.03
1377311336, 46.03
1377311341, 46.03
1377311346, 46.07
1377311351, 46.03
1377311356, 46.03
1377311361, 46.03
1377311366, 46.07
1377311371, 46.03
1377311376, 46.03
1377311381, 46.03
1377311386, 46.03
1377311391, 46.03
1377311396, 46.03
1377311401, 46.03
1377311406, 46.07
1377311411, 46.03
1377311416, 46.07
1377311421, 46.07
1377311426, 46.03
1377311431, 46.03
1377311436, 46.03
1377311441, 46.03
1377311446, 46.03
1377311451, 46.03
1377311456, 46.03
1377311461, 46.03
1377311466, 46.03
1377311471, 46.07
1377311476, 46.03
1377311481, 46.03
1377311486, 46.03
1377311491, 46.03
1377311496, 46.03
1377311501, 46.03
1377311506, 46.03
1377311511, 46.03
1377311516, 46.03
1377311521, 46.03
1377311526, 46.03
1377311531, 46.03
1377311536, 46.03
1377311541, 46.03
1377311546, 46.03
1377311551, 46.03
1377311556, 46.03
1377311561, 46.07
1377311566, 46.07
1377311571, 46.03
1377311576, 46.07
1377311581, 46.03
1377311586, 46.07
1377311591, 46.03
1377311596, 46.07
1377311601, 46.03
1377311606, 46.03
1377311611, 46.03
1377311616, 46.03
1377311621, 46.03
1377311626, 46.07
1377311631, 46.07
1377311636, 46.03
1377311641, 46.03
1377311646, 46.03
1377311651, 46.03
1377311656, 46.07
1377311661, 46.03
1377311666, 46.07
1377311671, 46.03
1377311676, 46.03
1377311681, 46.03
1377311686, 46.03
1377311691, 46.03
1377311696, 46.03
1377311701, 46.03
1377311706, 46.03
1377311711, 46.03
1377311716, 46.03
1377311721, 46.10
1377311726, 46.03
1377311731, 46.07
1377311736, 46.03
1377311741, 46.03
1377311746, 46.03
1377311751, 46.03
1377311756, 46.03
1377311761, 46.03
1377311766, 46.03
1377311771, 46.03
1377311776, 46.03
1377311781, 46.03
1377311786, 46.07
1377311791, 46.03
1377311796, 46.03
1377311801, 46.03
1377311806, 46.03
1377311811, 46.03
1377311816, 46.03
1377311821, 46.07
1377311826, 46.07
1377311831, 46.03
1377311836, 46.03
1377311841, 46.03
1377311846, 46.03
1377311851, 46.07
1377311856, 46.03
1377311861, 46.03
1377311866, 46.03
1377311871, 46.03
1377311876, 46.03
1377311881, 46.03
1377311886, 46.03
1377311891, 46.03
1377311896, 46.07
1377311901, 46.03
1377311906, 46.07
1377311911, 46.03
1377311916, 46.03
1377311921, 46.07
1377311926, 46.07
1377311931, 46.03
1377311936, 46.03
1377311941, 46.03
1377311946, 46.03
1377311951, 46.03
1377311956, 46.03
1377311961, 46.03
1377311966, 46.03
1377311971, 46.03
1377311976, 46.03
1377311981, 46.03
1377311986, 46.03
1377311991, 46.03
1377311996, 46.03
1377312001, 46.03
1377312006, 46.03
1377312011, 46.03
1377312016, 46.03
1377312021, 46.03
1377312026, 46.03
1377312031, 46.07
1377312036, 46.03
1377312041, 46.07
1377312046, 46.07
1377312051, 46.03
1377312056, 46.07
1377312061, 46.03
1377312066, 46.07
1377312071, 46.03
1377312076, 46.03
1377312081, 46.03
1377312086, 46.03
1377312091, 46.03
1377312096, 46.07
1377312101, 46.03
1377312106, 46.03
1377312111, 46.03
1377312116, 46.03
1377312121, 46.07
1377312126, 46.03
1377312131, 46.03
1377312136, 46.03
1377312141, 46.03
1377312146, 46.03
1377312151, 46.03
1377312156, 46.03
1377312161, 46.03
1377312166, 46.03
1377312171, 46.03
1377312176, 46.03
1377312181, 46.03
1377312186, 46.07
1377312191, 46.07
1377312196, 46.07
1377312201, 46.03
1377312206, 46.03
1377312211, 46.03
1377312216, 46.07
1377312221, 46.03
1377312226, 46.03
1377312231, 46.03
1377312236, 46.03
1377312241, 46.03
1377312246, 46.03
1377312251, 46.07
1377312256, 46.03
1377312261, 46.07
1377312266, 46.07
1377312271, 46.03
1377312276, 46.03
1377312281, 46.07
1377312286, 46.03
1377312291, 46.03
1377312296, 46.07
1377312301, 46.03
1377312306, 46.07
1377312311, 46.03
1377312316, 46.07
1377312321, 46.07
1377312326, 46.03
1377312331, 46.07
1377312336, 46.03
1377312341, 46.03
1377312346, 46.03
1377312351, 46.03
1377312356, 46.03
1377312361, 46.03
1377312366, 46.03
1377312371, 46.03
1377312376, 46.07
1377312381, 46.03
1377312386, 46.10
1377312391, 46.07
1377312396, 46.07
1377312401, 46.07
1377312406, 46.07
1377312411, 46.07
1377312416, 46.07
1377312421, 46.07
1377312426, 46.03
1377312431, 46.03
1377312436, 46.03
1377312441, 46.07
1377312446, 46.03
1377312451, 46.03
1377312456, 46.07
1377312461, 46.07
1377312466, 46.03
1377312471, 46.07
1377312476, 46.07
1377312481, 46.07
1377312486, 46.03
1377312491, 46.03
1377312496, 46.03
1377312501, 46.07
1377312506, 46.03
1377312511, 46.03
1377312516, 46.07
1377312521, 46.07
1377312526, 46.03
1377312531, 46.07
1377312536, 46.07
1377312541, 46.03
1377312546, 46.03
1377312551, 46.07
1377312556, 46.07
1377312561, 46.10
1377312566, 46.07
1377312571, 46.07
1377312576, 46.07
1377312581, 46.03
1377312586, 46.03
1377312591, 46.07
1377312596, 46.07
1377312601, 46.07
1377312606, 46.07
1377312611, 46.07
1377312616, 46.03
1377312621, 46.03
1377312626, 46.03
1377312631, 46.03
1377312636, 46.07
1377312641, 46.07
1377312646, 46.07
1377312651, 46.07
1377312656, 46.07
1377312661, 46.03
1377312666, 46.03
1377312671, 46.03
1377312676, 46.03
1377312681, 46.07
1377312686, 46.03
1377312691, 46.03
1377312696, 46.07
1377312701, 46.03
1377312706, 46.03
1377312711, 46.07
1377312716, 46.07
1377312721, 46.07
1377312726, 46.07
1377312731, 46.07
1377312736, 46.07
1377312741, 46.07
1377312746, 46.03
1377312751, 46.07
1377312756, 46.03
1377312761, 46.07
1377312766, 46.07
1377312771, 46.07
1377312776, 46.07
1377312781, 46.03
1377312786, 46.03
1377312791, 46.10
1377312796, 46.07
1377312801, 46.03
1377312806, 46.07
1377312811, 46.07
1377312816, 46.03
1377312821, 46.03
1377312826, 46.07
1377312831, 46.07
1377312836, 46.07
1377312841, 46.07
1377312846, 46.07
1377312851, 46.10
1377312856, 46.03
1377312861, 46.03
1377312866, 46.07
1377312871, 46.07
1377312876, 46.07
1377312881, 46.07
1377312886, 46.07
1377312891, 46.07
1377312896, 46.07
1377312901, 46.03
1377312906, 46.07
1377312911, 46.07
1377312916, 46.07
1377312921, 46.03
1377312926, 46.10
1377312931, 46.07
1377312936, 46.07
1377312941, 46.10
1377312946, 46.07
1377312951, 46.07
1377312956, 46.07
1377312961, 46.10
1377312966, 46.07
1377312971, 46.07
1377312976, 46.07
1377312981, 46.07
1377312986, 46.07
1377312991, 46.10
1377312996, 46.07
1377313001, 46.03
1377313006, 46.07
1377313011, 46.07
1377313016, 46.07
1377313021, 46.10
1377313026, 46.07
1377313031, 46.07
1377313036, 46.07
1377313041, 46.07
1377313046, 46.03
1377313051, 46.03
1377313056, 46.07
1377313061, 46.07
1377313066, 46.10
1377313071, 46.03
1377313076, 46.07
1377313081, 46.07
1377313086, 46.07
1377313091, 46.07
1377313096, 46.07
1377313101, 46.03
1377313106, 46.03
1377313111, 46.10
1377313116, 46.07
1377313121, 46.10
1377313126, 46.03
1377313131, 46.07
1377313136, 46.07
1377313141, 46.07
1377313146, 46.07
1377313151, 46.03
1377313156, 46.07
1377313161, 46.07
1377313166, 46.07
1377313171, 46.07
1377313176, 46.03
1377313181, 46.07
1377313186, 46.07
1377313191, 46.07
1377313196, 46.07
1377313201, 46.03
1377313206, 46.03
1377313211, 46.07
1377313216, 46.07
1377313221, 46.07
1377313226, 46.03
1377313231, 46.03
1377313236, 46.03
1377313241, 46.07
1377313246, 46.03
1377313251, 46.03
1377313256, 46.07
1377313261, 46.03
1377313266, 46.07
1377313271, 46.07
1377313276, 46.07
1377313281, 46.03
1377313286, 46.07
1377313291, 46.10
1377313296, 46.07
1377313301, 46.03
1377313306, 46.03
1377313311, 46.07
1377313316, 46.03
1377313321, 46.03
1377313326, 46.07
1377313331, 46.03
1377313336, 46.10
1377313341, 46.07
1377313346, 46.07
1377313351, 46.07
1377313356, 46.03
1377313361, 46.07
1377313366, 46.07
1377313371, 46.10
1377313376, 46.07
1377313381, 46.03
1377313386, 46.07
1377313391, 46.07
1377313396, 46.03
1377313401, 46.07
1377313406, 46.10
1377313411, 46.07
1377313416, 46.10
1377313421, 46.07
1377313426, 46.07
1377313431, 46.07
1377313436, 46.07
1377313441, 46.03
1377313446, 46.03
1377313451, 46.07
1377313456, 46.10
1377313461, 46.07
1377313466, 46.07
1377313471, 46.07
1377313476, 46.07
1377313481, 46.07
1377313486, 46.03
1377313491, 46.03
1377313496, 46.07
1377313501, 46.07
1377313506, 46.07
1377313511, 46.07
1377313516, 46.07
1377313521, 46.07
1377313526, 46.07
1377313531, 46.07
1377313536, 46.07
1377313541, 46.10
1377313546, 46.07
1377313551, 46.03
1377313556, 46.07
1377313561, 46.03
1377313566, 46.10
1377313571, 46.07
1377313576, 46.07
1377313581, 46.03
1377313586, 46.03
1377313591, 46.07
1377313596, 46.07
1377313601, 46.07
1377313606, 46.10
1377313611, 46.07
1377313616, 46.10
1377313621, 46.10
1377313626, 46.03
1377313631, 46.03
1377313636, 46.07
1377313641, 46.07
1377313646, 46.07
1377313651, 46.07
1377313656, 46.07
1377313661, 46.03
1377313666, 46.07
1377313671, 46.03
1377313676, 46.07
1377313681, 46.03
1377313686, 46.07
1377313691, 46.07
1377313696, 46.07
1377313701, 46.07
1377313706, 46.07
1377313711, 46.03
1377313716, 46.03
1377313721, 46.07
1377313726, 46.07
1377313731, 46.07
1377313736, 46.10
1377313741, 46.07
1377313746, 46.07
1377313751, 46.07
1377313756, 46.07
1377313761, 46.07
1377313766, 46.07
1377313771, 46.07
1377313776, 46.03
1377313781, 46.07
1377313786, 46.07
1377313791, 46.07
1377313796, 46.03
1377313801, 46.03
1377313806, 46.07
1377313811, 46.03
1377313816, 46.07
1377313821, 46.07
1377313826, 46.07
1377313831, 46.03
1377313836, 46.03
1377313841, 46.07
1377313846, 46.07
1377313851, 46.07
1377313856, 46.03
1377313861, 46.10
1377313866, 46.07
1377313871, 46.07
1377313876, 46.03
1377313881, 46.07
1377313886, 46.10
1377313891, 46.07
1377313896, 46.07
1377313901, 46.07
1377313906, 46.03
1377313911, 46.03
1377313916, 46.07
1377313921, 46.07
1377313926, 46.03
1377313931, 46.03
1377313936, 46.10
1377313941, 46.10
1377313946, 46.07
1377313951, 46.03
1377313956, 46.03
1377313961, 46.07
1377313966, 46.07
1377313971, 46.07
1377313976, 46.03
1377313981, 46.07
1377313986, 46.07
1377313991, 46.07
1377313996, 46.07
1377314001, 46.07
1377314006, 46.07
1377314011, 46.03
1377314016, 46.03
1377314021, 46.07
1377314026, 46.03
1377314031, 46.07
1377314036, 46.03
1377314041, 46.07
1377314046, 46.07
1377314051, 46.07
1377314056, 46.07
1377314061, 46.07
1377314066, 46.07
1377314071, 46.03
1377314076, 46.03
1377314081, 46.03
1377314086, 46.07
1377314091, 46.07
1377314096, 46.07
1377314101, 46.03
1377314106, 46.07
1377314111, 46.10
1377314116, 46.03
1377314121, 46.10
1377314126, 46.07
1377314131, 46.03
1377314136, 46.07
1377314141, 46.07
1377314146, 46.03
1377314151, 46.07
1377314156, 46.10
1377314161, 46.07
1377314166, 46.07
1377314171, 46.07
1377314176, 46.03
1377314181, 46.03
1377314186, 46.07
1377314191, 46.07
1377314196, 46.03
1377314201, 46.07
1377314206, 46.03
1377314211, 46.07
1377314216, 46.07
1377314221, 46.07
1377314226, 46.10
1377314231, 46.07
1377314236, 46.03
1377314241, 46.10
1377314246, 46.03
1377314251, 46.07
1377314256, 46.10
1377314261, 46.07
1377314266, 46.07
1377314271, 46.07
1377314276, 46.03
1377314281, 46.07
1377314286, 46.07
1377314291, 46.07
1377314296, 46.07
1377314301, 46.07
1377314306, 46.10
1377314311, 46.10
1377314316, 46.10
1377314321, 46.07
1377314326, 46.07
1377314331, 46.07
1377314336, 46.07
1377314341, 46.10
1377314346, 46.10
1377314351, 46.07
1377314356, 46.07
1377314361, 46.07
1377314366, 46.03
1377314371, 46.07
1377314376, 46.10
1377314381, 46.07
1377314386, 46.10
1377314391, 46.07
1377314396, 46.07
1377314401, 46.07
1377314406, 46.10
1377314411, 46.07
1377314416, 46.07
1377314421, 46.07
1377314426, 46.07
1377314431, 46.07
1377314436, 46.10
1377314441, 46.07
1377314446, 46.10
1377314451, 46.07
1377314456, 46.07
1377314461, 46.10
1377314466, 46.07
1377314471, 46.07
1377314476, 46.07
1377314481, 46.10
1377314486, 46.07
1377314491, 46.07
1377314496, 46.07
1377314501, 46.07
1377314506, 46.07
1377314511, 46.03
1377314516, 46.07
1377314521, 46.07
1377314526, 46.10
1377314531, 46.10
1377314536, 46.07
1377314541, 46.10
1377314546, 46.07
1377314551, 46.03
1377314556, 46.07
1377314561, 46.07
1377314566, 46.10
1377314571, 46.07
1377314576, 46.10
1377314581, 46.07
1377314586, 46.07
1377314591, 46.07
1377314596, 46.07
1377314601, 46.10
1377314606, 46.07
1377314611, 46.07
1377314616, 46.07
1377314621, 46.07
1377314626, 46.10
1377314631, 46.07
1377314636, 46.07
1377314641, 46.10
1377314646, 46.07
1377314651, 46.07
1377314656, 46.07
1377314661, 46.10
1377314666, 46.10
1377314671, 46.07
1377314676, 46.07
1377314681, 46.07
1377314686, 46.03
1377314691, 46.10
1377314696, 46.07
1377314701, 46.10
1377314706, 46.07
1377314711, 46.07
1377314716, 46.10
1377314721, 46.07
1377314726, 46.10
1377314731, 46.07
1377314736, 46.07
1377314741, 46.07
1377314746, 46.10
1377314751, 46.10
1377314756, 46.10
1377314761, 46.07
1377314766, 46.10
1377314771, 46.07
1377314776, 46.07
1377314781, 46.10
1377314786, 46.07
1377314791, 46.10
1377314796, 46.10
1377314801, 46.10
1377314806, 46.07
1377314811, 46.10
1377314816, 46.07
1377314821, 46.10
1377314826, 46.07
1377314831, 46.07
1377314836, 46.07
1377314841, 46.07
1377314846, 46.10
1377314851, 46.10
1377314856, 46.03
1377314861, 46.07
1377314866, 46.07
1377314871, 46.03
1377314876, 46.10
1377314881, 46.10
1377314886, 46.07
1377314891, 46.07
1377314896, 46.10
1377314901, 46.10
1377314906, 46.07
1377314911, 46.10
1377314916, 46.07
1377314921, 46.10
1377314926, 46.07
1377314931, 46.10
1377314936, 46.10
1377314941, 46.07
1377314946, 46.10
1377314951, 46.10
1377314956, 46.10
1377314961, 46.07
1377314966, 46.10
1377314971, 46.10
1377314976, 46.10
1377314981, 46.10
1377314986, 46.10
1377314991, 46.10
1377314996, 46.07
1377315001, 46.10
1377315006, 46.07
1377315011, 46.10
1377315016, 46.10
1377315021, 46.10
1377315026, 46.10
1377315031, 46.10
1377315036, 46.10
1377315041, 46.10
1377315046, 46.07
1377315051, 46.07
1377315056, 46.10
1377315061, 46.10
1377315066, 46.10
1377315071, 46.10
1377315076, 46.10
1377315081, 46.10
1377315086, 46.10
1377315091, 46.10
1377315096, 46.10
1377315101, 46.10
1377315106, 46.07
1377315111, 46.10
1377315116, 46.07
1377315121, 46.10
1377315126, 46.10
1377315131, 46.07
1377315136, 46.10
1377315141, 46.07
1377315146, 46.10
1377315151, 46.10
1377315156, 46.10
1377315161, 46.10
1377315166, 46.07
1377315171, 46.10
1377315176, 46.10
1377315181, 46.10
1377315186, 46.10
1377315191, 46.10
1377315196, 46.10
1377315201, 46.10
1377315206, 46.10
1377315211, 46.10
1377315216, 46.10
1377315221, 46.10
1377315226, 46.10
1377315231, 46.10
1377315236, 46.10
1377315241, 46.10
1377315246, 46.10
1377315251, 46.10
1377315256, 46.10
1377315261, 46.10
1377315266, 46.10
1377315271, 46.10
1377315276, 46.10
1377315281, 46.10
1377315286, 46.10
1377315291, 46.10
1377315296, 46.10
1377315301, 46.10
1377315306, 46.10
1377315311, 46.10
1377315316, 46.10
1377315321, 46.10
1377315326, 46.10
1377315331, 46.10
1377315336, 46.10
1377315341, 46.10
1377315346, 46.10
1377315351, 46.10
1377315356, 46.10
1377315361, 46.10
1377315366, 46.10
1377315371, 46.10
1377315376, 46.13
1377315381, 46.13
1377315386, 46.13
1377315391, 46.10
1377315396, 46.10
1377315401, 46.10
1377315406, 46.10
1377315411, 46.13
1377315416, 46.10
1377315421, 46.13
1377315426, 46.10
1377315431, 46.10
1377315436, 46.10
1377315441, 46.10
1377315446, 46.10
1377315451, 46.10
1377315456, 46.13
1377315461, 46.10
1377315466, 46.10
1377315471, 46.13
1377315476, 46.13
1377315481, 46.10
1377315486, 46.10
1377315491, 46.10
1377315496, 46.10
1377315501, 46.13
1377315506, 46.10
1377315511, 46.10
1377315516, 46.10
1377315521, 46.10
1377315526, 46.13
1377315531, 46.10
1377315536, 46.10
1377315541, 46.10
1377315546, 46.10
1377315551, 46.16
1377315556, 46.10
1377315561, 46.13
1377315566, 46.13
1377315571, 46.13
1377315576, 46.13
1377315581, 46.13
1377315586, 46.13
1377315591, 46.13
1377315596, 46.10
1377315601, 46.10
1377315606, 46.13
1377315611, 46.13
1377315616, 46.10
1377315621, 46.10
1377315626, 46.13
1377315631, 46.10
1377315636, 46.13
1377315641, 46.13
1377315646, 46.10
1377315651, 46.10
1377315656, 46.13
1377315661, 46.13
1377315666, 46.13
1377315671, 46.13
1377315676, 46.16
1377315681, 46.13
1377315686, 46.10
1377315691, 46.13
1377315696, 46.16
1377315701, 46.13
1377315706, 46.13
1377315711, 46.10
1377315716, 46.13
1377315721, 46.13
1377315726, 46.13
1377315731, 46.10
1377315736, 46.13
1377315741, 46.13
1377315746, 46.13
1377315751, 46.10
1377315756, 46.13
1377315761, 46.13
1377315766, 46.16
1377315771, 46.16
1377315776, 46.13
1377315781, 46.13
1377315786, 46.13
1377315791, 46.16
1377315796, 46.13
1377315801, 46.16
1377315806, 46.13
1377315811, 46.13
1377315816, 46.16
1377315821, 46.10
1377315826, 46.13
1377315831, 46.16
1377315836, 46.13
1377315841, 46.13
1377315846, 46.13
1377315851, 46.13
1377315856, 46.16
1377315861, 46.13
1377315866, 46.13
1377315871, 46.16
1377315876, 46.13
1377315881, 46.13
1377315886, 46.13
1377315891, 46.16
1377315896, 46.16
1377315901, 46.16
1377315906, 46.13
1377315911, 46.16
1377315916, 46.13
1377315921, 46.16
1377315926, 46.16
1377315931, 46.16
1377315936, 46.16
1377315941, 46.16
1377315946, 46.16
1377315951, 46.16
1377315956, 46.16
1377315961, 46.16
1377315966, 46.16
1377315971, 46.16
1377315976, 46.16
1377315981, 46.16
1377315986, 46.16
1377315991, 46.16
1377315996, 46.16
1377316001, 46.16
1377316006, 46.16
1377316011, 46.16
1377316016, 46.16
1377316021, 46.16
1377316026, 46.16
1377316031, 46.16
1377316036, 46.16
1377316041, 46.16
1377316046, 46.16
1377316051, 46.16
1377316056, 46.16
1377316061, 46.16
1377316066, 46.16
1377316071, 46.16
1377316076, 46.16
1377316081, 46.16
1377316086, 46.16
1377316091, 46.16
1377316096, 46.16
1377316101, 46.16
1377316106, 46.16
1377316111, 46.16
1377316116, 46.16
1377316121, 46.16
1377316126, 46.16
1377316131, 46.16
1377316136, 46.16
1377316141, 46.16
1377316146, 46.16
1377316151, 46.16
1377316156, 46.16
1377316161, 46.16
1377316166, 46.16
1377316171, 46.16
1377316176, 46.16
1377316181, 46.16
1377316186, 46.16
1377316191, 46.16
1377316196, 46.16
1377316201, 46.16
1377316206, 46.16
1377316211, 46.16
1377316216, 46.16
1377316221, 46.16
1377316226, 46.16
1377316231, 46.16
1377316236, 46.16
1377316241, 46.16
1377316246, 46.20
1377316251, 46.20
1377316256, 46.16
1377316261, 46.16
1377316266, 46.16
1377316271, 46.16
1377316276, 46.16
1377316281, 46.20
1377316286, 46.16
1377316291, 46.20
1377316296, 46.16
1377316301, 46.16
1377316306, 46.20
1377316311, 46.16
1377316316, 46.16
1377316321, 46.16
1377316326, 46.20
1377316331, 46.20
1377316336, 46.16
1377316341, 46.16
1377316346, 46.16
1377316351, 46.16
1377316356, 46.16
1377316361, 46.20
1377316366, 46.20
1377316371, 46.16
1377316376, 46.20
1377316381, 46.16
1377316386, 46.16
1377316391, 46.16
1377316396, 46.16
1377316401, 46.16
1377316406, 46.16
1377316411, 46.16
1377316416, 46.16
1377316421, 46.16
1377316426, 46.16
1377316431, 46.16
1377316436, 46.16
1377316441, 46.16
1377316446, 46.16
1377316451, 46.20
1377316456, 46.16
1377316461, 46.16
1377316466, 46.16
1377316471, 46.20
1377316476, 46.16
1377316481, 46.20
1377316486, 46.16
1377316491, 46.16
1377316496, 46.16
1377316501, 46.16
1377316506, 46.16
1377316511, 46.16
1377316516, 46.16
1377316521, 46.16
1377316526, 46.16
1377316531, 46.16
1377316536, 46.16
1377316541, 46.16
1377316546, 46.16
1377316551, 46.20
1377316556, 46.16
1377316561, 46.16
1377316566, 46.20
1377316571, 46.16
1377316576, 46.16
1377316581, 46.16
1377316586, 46.16
1377316591, 46.16
1377316596, 46.20
1377316601, 46.16
1377316606, 46.20
1377316611, 46.20
1377316616, 46.20
1377316621, 46.20
1377316626, 46.20
1377316631, 46.16
1377316636, 46.20
1377316641, 46.20
1377316646, 46.16
1377316651, 46.16
1377316656, 46.16
1377316661, 46.16
1377316666, 46.16
1377316671, 46.20
1377316676, 46.20
1377316681, 46.20
1377316686, 46.20
1377316691, 46.20
1377316696, 46.20
1377316701, 46.20
1377316706, 46.16
1377316711, 46.20
1377316716, 46.20
1377316721, 46.16
1377316726, 46.20
1377316731, 46.20
1377316736, 46.20
1377316741, 46.20
1377316746, 46.20
1377316751, 46.20
1377316756, 46.20
1377316761, 46.16
1377316766, 46.16
1377316771, 46.20
1377316776, 46.16
1377316781, 46.20
1377316786, 46.20
1377316791, 46.23
1377316796, 46.20
1377316801, 46.20
1377316806, 46.20
1377316811, 46.20
1377316816, 46.20
1377316821, 46.20
1377316826, 46.20
1377316831, 46.23
1377316836, 46.23
1377316841, 46.16
1377316846, 46.20
1377316851, 46.20
1377316856, 46.20
1377316861, 46.20
1377316866, 46.20
1377316871, 46.20
1377316876, 46.20
1377316881, 46.20
1377316886, 46.20
1377316891, 46.20
1377316896, 46.16
1377316901, 46.20
1377316906, 46.20
1377316911, 46.20
1377316916, 46.20
1377316921, 46.20
1377316926, 46.20
1377316931, 46.23
1377316936, 46.20
1377316941, 46.16
1377316946, 46.23
1377316951, 46.20
1377316956, 46.20
1377316961, 46.20
1377316966, 46.20
1377316971, 46.20
1377316976, 46.23
1377316981, 46.20
1377316986, 46.23
1377316991, 46.20
1377316996, 46.23
1377317001, 46.23
1377317006, 46.23
1377317011, 46.20
1377317016, 46.20
1377317021, 46.20
1377317026, 46.20
1377317031, 46.23
1377317036, 46.23
1377317041, 46.20
1377317046, 46.23
1377317051, 46.20
1377317056, 46.23
1377317061, 46.23
1377317066, 46.23
1377317071, 46.23
1377317076, 46.20
1377317081, 46.20
1377317086, 46.23
1377317091, 46.23
1377317096, 46.23
1377317101, 46.20
1377317106, 46.23
1377317111, 46.23
1377317116, 46.20
1377317121, 46.23
1377317126, 46.20
1377317131, 46.23
1377317136, 46.23
1377317141, 46.23
1377317146, 46.20
1377317151, 46.23
1377317156, 46.23
1377317161, 46.23
1377317166, 46.23
1377317171, 46.23
1377317176, 46.23
1377317181, 46.20
1377317186, 46.20
1377317191, 46.23
1377317196, 46.20
1377317201, 46.20
1377317206, 46.23
1377317211, 46.20
1377317216, 46.20
1377317221, 46.20
1377317226, 46.20
1377317231, 46.23
1377317236, 46.20
1377317241, 46.20
1377317246, 46.23
1377317251, 46.23
1377317256, 46.23
1377317261, 46.23
1377317266, 46.23
1377317271, 46.23
1377317276, 46.23
1377317281, 46.23
1377317286, 46.20
1377317291, 46.20
1377317296, 46.20
1377317301, 46.20
1377317306, 46.23
1377317311, 46.20
1377317316, 46.23
1377317321, 46.20
1377317326, 46.20
1377317331, 46.16
1377317336, 46.20
1377317341, 46.20
1377317346, 46.20
1377317351, 46.23
1377317356, 46.23
1377317361, 46.20
1377317366, 46.20
1377317371, 46.20
1377317376, 46.23
1377317381, 46.20
1377317386, 46.20
1377317391, 46.20
1377317396, 46.20
1377317401, 46.20
1377317406, 46.20
1377317411, 46.20
1377317416, 46.20
1377317421, 46.20
1377317426, 46.20
1377317431, 46.20
1377317436, 46.16
1377317441, 46.20
1377317446, 46.20
1377317451, 46.20
1377317456, 46.20
1377317461, 46.20
1377317466, 46.20
1377317471, 46.23
1377317476, 46.23
1377317481, 46.23
1377317486, 46.23
1377317491, 46.20
1377317496, 46.23
1377317501, 46.23
1377317506, 46.20
1377317511, 46.23
1377317516, 46.23
1377317521, 46.23
1377317526, 46.23
1377317531, 46.23
1377317536, 46.23
1377317541, 46.23
1377317546, 46.23
1377317551, 46.23
1377317556, 46.20
1377317561, 46.23
1377317566, 46.20
1377317571, 46.23
1377317576, 46.23
1377317581, 46.23
1377317586, 46.23
1377317591, 46.23
1377317596, 46.23
1377317601, 46.23
1377317606, 46.23
1377317611, 46.23
1377317616, 46.23
1377317621, 46.23
1377317626, 46.23
1377317631, 46.23
1377317636, 46.23
1377317641, 46.23
1377317646, 46.23
1377317651, 46.23
1377317656, 46.23
1377317661, 46.23
1377317666, 46.23
1377317671, 46.23
1377317676, 46.20
1377317681, 46.23
1377317686, 46.23
1377317691, 46.23
1377317696, 46.23
1377317701, 46.23
1377317706, 46.23
1377317711, 46.23
1377317716, 46.23
1377317721, 46.23
1377317726, 46.23
1377317731, 46.23
1377317736, 46.23
1377317741, 46.23
1377317746, 46.23
1377317751, 46.23
1377317756, 46.23
1377317761, 46.23
1377317766, 46.23
1377317771, 46.23
1377317776, 46.23
1377317781, 46.23
1377317786, 46.23
1377317791, 46.23
1377317796, 46.23
1377317801, 46.23
1377317806, 46.23
1377317811, 46.20
1377317816, 46.23
1377317821, 46.23
1377317826, 46.23
1377317831, 46.23
1377317836, 46.23
1377317841, 46.23
1377317846, 46.20
1377317851, 46.23
1377317856, 46.23
1377317861, 46.23
1377317866, 46.23
1377317871, 46.23
1377317876, 46.23
1377317881, 46.23
1377317886, 46.23
1377317891, 46.23
1377317896, 46.23
1377317901, 46.20
1377317906, 46.23
1377317911, 46.23
1377317916, 46.23
1377317921, 46.23
1377317926, 46.23
1377317931, 46.23
1377317936, 46.23
1377317941, 46.23
1377317946, 46.23
1377317951, 46.23
1377317956, 46.23
1377317961, 46.23
1377317966, 46.23
1377317971, 46.23
1377317976, 46.23
1377317981, 46.23
1377317986, 46.23
1377317991, 46.23
1377317996, 46.23
1377318001, 46.23
1377318006, 46.23
1377318011, 46.23
1377318016, 46.23
1377318021, 46.23
1377318026, 46.23
1377318031, 46.23
1377318036, 46.23
1377318041, 46.23
1377318046, 46.23
1377318051, 46.23
1377318056, 46.23
1377318061, 46.23
1377318066, 46.23
1377318071, 46.23
1377318076, 46.23
1377318081, 46.23
1377318086, 46.23
1377318091, 46.23
1377318096, 46.23
1377318101, 46.23
1377318106, 46.23
1377318111, 46.23
1377318116, 46.23
1377318121, 46.23
1377318126, 46.23
1377318131, 46.23
1377318136, 46.23
1377318141, 46.23
1377318146, 46.23
1377318151, 46.23
1377318156, 46.23
1377318161, 46.23
1377318166, 46.23
1377318171, 46.23
1377318176, 46.23
1377318181, 46.26
1377318186, 46.23
1377318191, 46.23
1377318196, 46.23
1377318200, 46.23
1377318206, 46.23
1377318211, 46.23
1377318216, 46.23
1377318221, 46.23
1377318226, 46.23
1377318231, 46.23
1377318236, 46.23
1377318241, 46.23
1377318246, 46.23
1377318251, 46.23
1377318256, 46.26
1377318261, 46.23
1377318266, 46.23
1377318271, 46.23
1377318276, 46.26
1377318281, 46.23
1377318286, 46.23
1377318291, 46.23
1377318296, 46.23
1377318301, 46.23
1377318306, 46.23
1377318311, 46.23
1377318316, 46.23
1377318321, 46.23
1377318326, 46.23
1377318331, 46.23
1377318336, 46.23
1377318341, 46.26
1377318346, 46.23
1377318351, 46.23
1377318356, 46.23
1377318361, 46.23
1377318366, 46.23
1377318371, 46.23
1377318376, 46.23
1377318381, 46.23
1377318386, 46.23
1377318391, 46.23
1377318396, 46.23
1377318401, 46.23
1377318406, 46.23
1377318411, 46.20
1377318416, 46.23
1377318421, 46.23
1377318426, 46.23
1377318431, 46.23
1377318436, 46.23
1377318441, 46.23
1377318446, 46.23
1377318451, 46.23
1377318456, 46.23
1377318461, 46.23
1377318466, 46.23
1377318471, 46.23
1377318476, 46.23
1377318481, 46.23
1377318486, 46.23
1377318491, 46.23
1377318496, 46.23
1377318501, 46.23
1377318506, 46.23
1377318511, 46.23
1377318516, 46.23
1377318521, 46.23
1377318526, 46.23
1377318531, 46.23
1377318536, 46.23
1377318541, 46.23
1377318546, 46.23
1377318551, 46.23
1377318556, 46.23
1377318561, 46.23
1377318566, 46.23
1377318571, 46.23
1377318576, 46.23
1377318581, 46.23
1377318586, 46.23
1377318591, 46.23
1377318596, 46.23
1377318601, 46.23
1377318606, 46.23
1377318611, 46.23
1377318616, 46.23
1377318621, 46.23
1377318626, 46.23
1377318631, 46.23
1377318636, 46.23
1377318641, 46.23
1377318646, 46.23
1377318651, 46.23
1377318656, 46.23
1377318661, 46.23
1377318666, 46.23
1377318671, 46.23
1377318676, 46.23
1377318681, 46.23
1377318686, 46.23
1377318691, 46.20
1377318696, 46.23
1377318701, 46.23
1377318706, 46.23
1377318711, 46.23
1377318716, 46.23
1377318721, 46.23
1377318726, 46.23
1377318731, 46.23
1377318736, 46.23
1377318741, 46.23
1377318746, 46.23
1377318751, 46.23
1377318756, 46.23
1377318761, 46.23
1377318766, 46.23
1377318771, 46.23
1377318776, 46.23
1377318781, 46.23
1377318786, 46.23
1377318791, 46.23
1377318796, 46.23
1377318801, 46.23
1377318806, 46.23
1377318811, 46.23
1377318816, 46.23
1377318821, 46.23
1377318826, 46.23
1377318831, 46.23
1377318836, 46.26
1377318841, 46.23
1377318846, 46.23
1377318851, 46.23
1377318856, 46.23
1377318861, 46.23
1377318866, 46.23
1377318871, 46.23
1377318876, 46.23
1377318881, 46.23
1377318886, 46.23
1377318891, 46.23
1377318896, 46.23
1377318901, 46.23
1377318906, 46.23
1377318911, 46.23
1377318916, 46.23
1377318921, 46.23
1377318926, 46.23
1377318931, 46.23
1377318936, 46.23
1377318941, 46.23
1377318946, 46.23
1377318951, 46.23
1377318956, 46.23
1377318961, 46.23
1377318966, 46.23
1377318971, 46.23
1377318976, 46.23
1377318981, 46.23
1377318986, 46.23
1377318991, 46.23
1377318996, 46.23
1377319001, 46.23
1377319006, 46.23
1377319011, 46.23
1377319016, 46.23
1377319021, 46.23
1377319026, 46.23
1377319031, 46.23
1377319036, 46.23
1377319041, 46.23
1377319046, 46.23
1377319051, 46.23
1377319056, 46.23
1377319061, 46.23
1377319066, 46.23
1377319071, 46.23
1377319076, 46.23
1377319081, 46.23
1377319086, 46.23
1377319091, 46.23
1377319096, 46.23
1377319101, 46.23
1377319106, 46.23
1377319111, 46.23
1377319116, 46.23
1377319121, 46.23
1377319126, 46.26
1377319131, 46.23
1377319136, 46.23
1377319141, 46.23
1377319146, 46.23
1377319151, 46.23
1377319156, 46.23
1377319161, 46.23
1377319166, 46.23
1377319171, 46.23
1377319176, 46.23
1377319181, 46.23
1377319186, 46.23
1377319191, 46.23
1377319196, 46.26
1377319201, 46.26
1377319206, 46.23
1377319211, 46.23
1377319216, 46.23
1377319221, 46.23
1377319226, 46.23
1377319231, 46.23
1377319236, 46.23
1377319241, 46.26
1377319246, 46.26
1377319251, 46.26
1377319256, 46.23
1377319261, 46.23
1377319266, 46.26
1377319271, 46.23
1377319276, 46.23
1377319281, 46.23
1377319286, 46.23
1377319291, 46.26
1377319296, 46.23
1377319301, 46.26
1377319306, 46.26
1377319311, 46.23
1377319316, 46.26
1377319321, 46.26
1377319326, 46.26
1377319331, 46.23
1377319336, 46.26
1377319341, 46.23
1377319346, 46.26
1377319351, 46.23
1377319356, 46.23
1377319361, 46.23
1377319366, 46.23
1377319371, 46.26
1377319376, 46.26
1377319381, 46.23
1377319386, 46.26
1377319391, 46.26
1377319396, 46.23
1377319401, 46.26
1377319406, 46.30
1377319411, 46.26
1377319416, 46.26
1377319420, 46.26
1377319426, 46.26
1377319431, 46.23
1377319436, 46.26
1377319441, 46.26
1377319446, 46.26
1377319451, 46.26
1377319456, 46.26
1377319461, 46.26
1377319466, 46.23
1377319471, 46.26
1377319476, 46.30
1377319481, 46.26
1377319486, 46.26
1377319491, 46.30
1377319496, 46.26
1377319501, 46.26
1377319506, 46.30
1377319511, 46.26
1377319516, 46.30
1377319521, 46.26
1377319526, 46.26
1377319531, 46.23
1377319536, 46.30
1377319541, 46.26
1377319546, 46.30
1377319550, 46.26
1377319556, 46.26
1377319561, 46.26
1377319566, 46.26
1377319571, 46.26
1377319576, 46.26
1377319581, 46.26
1377319586, 46.30
1377319591, 46.26
1377319596, 46.26
1377319601, 46.26
1377319606, 46.26
1377319611, 46.30
1377319616, 46.30
1377319621, 46.26
1377319626, 46.26
1377319631, 46.26
1377319636, 46.30
1377319641, 46.30
1377319646, 46.26
1377319651, 46.26
1377319656, 46.30
1377319661, 46.30
1377319666, 46.26
1377319671, 46.30
1377319676, 46.26
1377319681, 46.30
1377319686, 46.30
1377319691, 46.30
1377319696, 46.30
1377319701, 46.26
1377319705, 46.30
1377319710, 46.30
1377319716, 46.26
1377319721, 46.30
1377319726, 46.30
1377319730, 46.30
1377319736, 46.30
1377319741, 46.26
1377319746, 46.30
1377319751, 46.30
1377319756, 46.30
1377319761, 46.30
1377319766, 46.30
1377319771, 46.30
1377319776, 46.26
1377319780, 46.30
1377319785, 46.30
1377319791, 46.26
1377319796, 46.30
1377319801, 46.30
1377319806, 46.30
1377319811, 46.30
1377319816, 46.30
1377319821, 46.30
1377319826, 46.26
1377319831, 46.30
1377319836, 46.30
1377319841, 46.26
1377319846, 46.30
1377319851, 46.30
1377319856, 46.30
1377319860, 46.30
1377319866, 46.30
1377319871, 46.30
1377319876, 46.30
1377319881, 46.30
1377319886, 46.30
1377319890, 46.26
1377319896, 46.30
1377319900, 46.30
1377319905, 46.26
1377319911, 46.30
1377319916, 46.30
1377319920, 46.30
1377319926, 46.26
1377319931, 46.30
1377319935, 46.30
1377319940, 46.30
1377319945, 46.30
1377319951, 46.30
1377319956, 46.26
1377319960, 46.26
1377319965, 46.26
1377319970, 46.30
1377319976, 46.30
1377319981, 46.30
1377319985, 46.30
1377319991, 46.30
1377319995, 46.30
1377320000, 46.30
1377320006, 46.30
1377320010, 46.30
1377320015, 46.30
1377320020, 46.26
1377320025, 46.30
1377320030, 46.30
1377320035, 46.30
1377320040, 46.30
1377320046, 46.30
1377320050, 46.30
1377320055, 46.30
1377320060, 46.30
1377320065, 46.26
1377320070, 46.30
1377320076, 46.30
1377320080, 46.30
1377320086, 46.30
1377320090, 46.30
1377320095, 46.30
1377320100, 46.30
1377320105, 46.30
1377320110, 46.30
1377320115, 46.30
1377320120, 46.30
1377320125, 46.30
1377320130, 46.30
1377320135, 46.26
1377320140, 46.30
1377320145, 46.30
1377320150, 46.30
1377320156, 46.30
1377320161, 46.30
1377320165, 46.30
1377320170, 46.30
1377320175, 46.30
1377320180, 46.30
1377320186, 46.30
1377320190, 46.30
1377320195, 46.30
1377320200, 46.30
1377320205, 46.26
1377320210, 46.30
1377320215, 46.30
1377320220, 46.30
1377320225, 46.30
1377320230, 46.30
1377320235, 46.30
1377320240, 46.30
1377320245, 46.30
1377320250, 46.30
1377320255, 46.30
1377320260, 46.30
1377320266, 46.30
1377320270, 46.30
1377320275, 46.30
1377320280, 46.30
1377320285, 46.30
1377320290, 46.30
1377320295, 46.30
1377320300, 46.30
1377320305, 46.30
1377320310, 46.30
1377320315, 46.30
1377320320, 46.30
1377320325, 46.30
1377320330, 46.30
1377320335, 46.30
1377320340, 46.30
1377320345, 46.30
1377320350, 46.30
1377320355, 46.30
1377320360, 46.30
1377320365, 46.30
1377320370, 46.30
1377320375, 46.30
1377320380, 46.26
1377320385, 46.26
1377320390, 46.30
1377320395, 46.30
1377320400, 46.30
1377320405, 46.30
1377320410, 46.30
1377320415, 46.30
1377320420, 46.30
1377320425, 46.26
1377320430, 46.30
1377320435, 46.30
1377320440, 46.30
1377320445, 46.30
1377320450, 46.30
1377320455, 46.30
1377320460, 46.30
1377320465, 46.30
1377320470, 46.30
1377320475, 46.30
1377320480, 46.30
1377320485, 46.30
1377320490, 46.30
1377320495, 46.30
1377320500, 46.30
1377320505, 46.30
1377320510, 46.26
1377320515, 46.30
1377320520, 46.30
1377320525, 46.30
1377320530, 46.30
1377320535, 46.30
1377320540, 46.30
1377320545, 46.30
1377320550, 46.26
1377320555, 46.30
1377320560, 46.26
1377320565, 46.26
1377320570, 46.30
1377320575, 46.30
1377320580, 46.30
1377320585, 46.26
1377320590, 46.30
1377320595, 46.30
1377320600, 46.30
1377320605, 46.30
1377320610, 46.26
1377320615, 46.30
1377320620, 46.30
1377320625, 46.30
1377320630, 46.26
1377320635, 46.30
1377320640, 46.26
1377320645, 46.30
1377320650, 46.30
1377320655, 46.30
1377320660, 46.30
1377320665, 46.30
1377320670, 46.26
1377320675, 46.30
1377320680, 46.30
1377320685, 46.26
1377320690, 46.30
1377320695, 46.30
1377320700, 46.26
1377320706, 46.30
1377320710, 46.26
1377320715, 46.30
1377320720, 46.30
1377320725, 46.30
1377320730, 46.30
1377320735, 46.26
1377320740, 46.30
1377320745, 46.26
1377320750, 46.30
1377320755, 46.30
1377320760, 46.26
1377320765, 46.30
1377320770, 46.30
1377320775, 46.30
1377320780, 46.26
1377320785, 46.30
1377320790, 46.30
1377320795, 46.26
1377320800, 46.30
1377320805, 46.26
1377320810, 46.26
1377320815, 46.30
1377320820, 46.26
1377320825, 46.30
1377320830, 46.30
1377320835, 46.30
1377320840, 46.30
1377320845, 46.26
1377320850, 46.26
1377320855, 46.26
1377320860, 46.30
1377320865, 46.26
1377320870, 46.30
1377320875, 46.30
1377320880, 46.30
1377320885, 46.30
1377320890, 46.26
1377320895, 46.26
1377320900, 46.26
1377320905, 46.26
1377320910, 46.26
1377320915, 46.26
1377320920, 46.26
1377320925, 46.30
1377320930, 46.26
1377320935, 46.26
1377320940, 46.26
1377320945, 46.26
1377320950, 46.26
1377320955, 46.26
1377320960, 46.30
1377320965, 46.26
1377320970, 46.26
1377320975, 46.26
1377320980, 46.26
1377320985, 46.26
1377320990, 46.26
1377320995, 46.26
1377321000, 46.30
1377321005, 46.26
1377321010, 46.26
1377321015, 46.26
1377321020, 46.26
1377321025, 46.26
1377321030, 46.30
1377321035, 46.26
1377321040, 46.26
1377321045, 46.23
1377321050, 46.23
1377321055, 46.23
1377321060, 46.23
1377321065, 46.26
1377321070, 46.26
1377321075, 46.26
1377321080, 46.26
1377321085, 46.26
1377321090, 46.26
1377321095, 46.26
1377321100, 46.26
1377321105, 46.26
1377321110, 46.26
1377321115, 46.23
1377321120, 46.26
1377321125, 46.23
1377321130, 46.23
1377321135, 46.26
1377321140, 46.23
1377321145, 46.23
1377321150, 46.26
1377321155, 46.26
1377321160, 46.23
1377321165, 46.23
1377321170, 46.26
1377321175, 46.23
1377321180, 46.26
1377321185, 46.26
1377321190, 46.23
1377321195, 46.26
1377321200, 46.26
1377321205, 46.26
1377321210, 46.26
1377321215, 46.23
1377321220, 46.23
1377321225, 46.23
1377321230, 46.23
1377321235, 46.23
1377321240, 46.26
1377321245, 46.26
1377321250, 46.26
1377321255, 46.23
1377321260, 46.26
1377321265, 46.26
1377321270, 46.23
1377321275, 46.23
1377321280, 46.23
1377321285, 46.26
1377321290, 46.23
1377321295, 46.23
1377321300, 46.23
1377321305, 46.26
1377321310, 46.23
1377321315, 46.26
1377321320, 46.23
1377321325, 46.23
1377321330, 46.23
1377321335, 46.26
1377321340, 46.23
1377321345, 46.23
1377321350, 46.23
1377321355, 46.23
1377321360, 46.26
1377321365, 46.23
1377321370, 46.23
1377321375, 46.23
1377321380, 46.23
1377321385, 46.26
1377321390, 46.23
1377321395, 46.23
1377321400, 46.26
1377321405, 46.23
1377321410, 46.23
1377321415, 46.26
1377321420, 46.23
1377321425, 46.23
1377321430, 46.23
1377321435, 46.23
1377321440, 46.23
1377321445, 46.23
1377321450, 46.26
1377321455, 46.23
1377321460, 46.26
1377321465, 46.23
1377321470, 46.23
1377321475, 46.23
1377321480, 46.23
1377321485, 46.23
1377321490, 46.23
1377321495, 46.23
1377321500, 46.23
1377321505, 46.23
1377321510, 46.23
1377321515, 46.23
1377321520, 46.23
1377321525, 46.23
1377321530, 46.23
1377321535, 46.23
1377321540, 46.23
1377321545, 46.23
1377321550, 46.23
1377321555, 46.23
1377321560, 46.23
1377321565, 46.23
1377321570, 46.23
1377321575, 46.23
1377321580, 46.23
1377321585, 46.23
1377321590, 46.23
1377321595, 46.23
1377321600, 46.23
1377321605, 46.23
1377321610, 46.23
1377321615, 46.23
1377321620, 46.23
1377321625, 46.23
1377321630, 46.23
1377321635, 46.23
1377321640, 46.26
1377321645, 46.23
1377321650, 46.23
1377321655, 46.23
1377321660, 46.23
1377321665, 46.23
1377321670, 46.23
1377321675, 46.23
1377321680, 46.23
1377321685, 46.23
1377321690, 46.23
1377321695, 46.23
1377321700, 46.23
1377321705, 46.23
1377321710, 46.23
1377321715, 46.23
1377321720, 46.23
1377321725, 46.26
1377321730, 46.23
1377321735, 46.23
1377321740, 46.23
1377321745, 46.23
1377321750, 46.23
1377321755, 46.23
1377321760, 46.23
1377321765, 46.26
1377321770, 46.23
1377321775, 46.23
1377321780, 46.23
1377321785, 46.26
1377321790, 46.23
1377321795, 46.23
1377321800, 46.23
1377321805, 46.23
1377321810, 46.23
1377321815, 46.23
1377321820, 46.23
1377321825, 46.23
1377321830, 46.23
1377321835, 46.23
1377321840, 46.23
1377321845, 46.23
1377321850, 46.23
1377321855, 46.23
1377321860, 46.23
1377321865, 46.23
1377321870, 46.23
1377321875, 46.23
1377321880, 46.23
1377321885, 46.23
1377321890, 46.23
1377321895, 46.23
1377321900, 46.23
1377321905, 46.23
1377321910, 46.23
1377321916, 46.23
1377321920, 46.23
1377321925, 46.23
1377321930, 46.23
1377321935, 46.23
1377321940, 46.23
1377321945, 46.23
1377321950, 46.23
1377321955, 46.23
1377321960, 46.23
1377321965, 46.23
1377321970, 46.23
1377321975, 46.23
1377321980, 46.23
1377321985, 46.23
1377321990, 46.23
1377321995, 46.23
1377322000, 46.23
1377322005, 46.23
1377322010, 46.23
1377322015, 46.23
1377322020, 46.23
1377322025, 46.23
1377322030, 46.23
1377322035, 46.23
1377322040, 46.23
1377322045, 46.23
1377322050, 46.23
1377322055, 46.23
1377322060, 46.23
1377322065, 46.23
1377322070, 46.23
1377322075, 46.23
1377322080, 46.23
1377322085, 46.23
1377322090, 46.23
1377322095, 46.23
1377322100, 46.23
1377322105, 46.23
1377322110, 46.23
1377322115, 46.23
1377322120, 46.23
1377322125, 46.23
1377322130, 46.23
1377322135, 46.23
1377322140, 46.23
1377322145, 46.23
1377322150, 46.23
1377322155, 46.23
1377322160, 46.23
1377322165, 46.23
1377322170, 46.23
1377322175, 46.23
1377322180, 46.23
1377322185, 46.23
1377322190, 46.23
1377322195, 46.23
1377322200, 46.23
1377322205, 46.23
1377322210, 46.23
1377322215, 46.23
1377322220, 46.26
1377322225, 46.23
1377322230, 46.23
1377322235, 46.23
1377322240, 46.23
1377322245, 46.23
1377322250, 46.23
1377322255, 46.23
1377322260, 46.23
1377322265, 46.23
1377322270, 46.23
1377322275, 46.23
1377322280, 46.23
1377322285, 46.23
1377322290, 46.23
1377322295, 46.23
1377322300, 46.23
1377322305, 46.23
1377322310, 46.23
1377322315, 46.20
1377322320, 46.23
1377322325, 46.23
1377322330, 46.23
1377322335, 46.23
1377322340, 46.23
1377322345, 46.23
1377322350, 46.23
1377322355, 46.23
1377322360, 46.23
1377322365, 46.23
1377322370, 46.23
1377322375, 46.23
1377322380, 46.23
1377322385, 46.23
1377322390, 46.20
1377322395, 46.23
1377322400, 46.23
1377322405, 46.23
1377322410, 46.23
1377322415, 46.23
1377322420, 46.23
1377322425, 46.23
1377322430, 46.23
1377322435, 46.23
1377322440, 46.23
1377322445, 46.23
1377322450, 46.23
1377322455, 46.23
1377322460, 46.23
1377322465, 46.23
1377322470, 46.23
1377322475, 46.23
1377322480, 46.23
1377322485, 46.23
1377322490, 46.23
1377322495, 46.23
1377322500, 46.23
1377322505, 46.23
1377322510, 46.23
1377322515, 46.23
1377322520, 46.23
1377322525, 46.23
1377322530, 46.23
1377322535, 46.23
1377322540, 46.23
1377322545, 46.23
1377322550, 46.23
1377322555, 46.23
1377322560, 46.23
1377322565, 46.23
1377322570, 46.23
1377322575, 46.23
1377322580, 46.23
1377322585, 46.23
1377322590, 46.20
1377322595, 46.23
1377322600, 46.23
1377322605, 46.23
1377322610, 46.23
1377322615, 46.23
1377322620, 46.23
1377322625, 46.23
1377322630, 46.23
1377322635, 46.23
1377322640, 46.23
1377322645, 46.23
1377322650, 46.23
1377322655, 46.23
1377322660, 46.20
1377322665, 46.23
1377322670, 46.20
1377322675, 46.23
1377322680, 46.23
1377322685, 46.23
1377322690, 46.23
1377322695, 46.23
1377322700, 46.23
1377322705, 46.23
1377322710, 46.23
1377322715, 46.20
1377322720, 46.23
1377322725, 46.20
1377322730, 46.23
1377322735, 46.20
1377322740, 46.23
1377322745, 46.20
1377322750, 46.23
1377322755, 46.23
1377322760, 46.23
1377322765, 46.23
1377322770, 46.23
1377322775, 46.23
1377322780, 46.23
1377322785, 46.23
1377322790, 46.23
1377322795, 46.23
1377322800, 46.20
1377322805, 46.20
1377322810, 46.23
1377322815, 46.23
1377322820, 46.23
1377322825, 46.23
1377322830, 46.23
1377322835, 46.20
1377322840, 46.23
1377322845, 46.23
1377322850, 46.23
1377322855, 46.23
1377322860, 46.23
1377322865, 46.20
1377322870, 46.23
1377322875, 46.23
1377322880, 46.23
1377322885, 46.20
1377322890, 46.23
1377322895, 46.23
1377322900, 46.20
1377322905, 46.23
1377322910, 46.23
1377322915, 46.23
1377322920, 46.23
1377322925, 46.20
1377322930, 46.23
1377322935, 46.23
1377322940, 46.20
1377322945, 46.23
1377322950, 46.23
1377322955, 46.23
1377322960, 46.23
1377322965, 46.20
1377322970, 46.20
1377322975, 46.20
1377322980, 46.20
1377322985, 46.23
1377322990, 46.23
1377322995, 46.23
1377323000, 46.23
1377323005, 46.23
1377323010, 46.23
1377323015, 46.23
1377323020, 46.23
1377323025, 46.23
1377323030, 46.20
1377323035, 46.23
1377323040, 46.23
1377323045, 46.20
1377323050, 46.23
1377323055, 46.20
1377323060, 46.23
1377323065, 46.23
1377323070, 46.23
1377323075, 46.20
1377323080, 46.23
1377323085, 46.16
1377323090, 46.23
1377323095, 46.23
1377323100, 46.23
1377323105, 46.20
1377323110, 46.20
1377323115, 46.23
1377323120, 46.20
1377323125, 46.23
1377323130, 46.23
1377323135, 46.23
1377323140, 46.23
1377323145, 46.23
1377323150, 46.23
1377323155, 46.23
1377323160, 46.23
1377323165, 46.20
1377323170, 46.23
1377323175, 46.23
1377323180, 46.20
1377323185, 46.23
1377323190, 46.23
1377323195, 46.20
1377323200, 46.23
1377323205, 46.20
1377323210, 46.23
1377323215, 46.23
1377323220, 46.20
1377323225, 46.23
1377323230, 46.23
1377323235, 46.23
1377323240, 46.23
1377323245, 46.23
1377323250, 46.23
1377323255, 46.20
1377323260, 46.23
1377323265, 46.23
1377323270, 46.20
1377323275, 46.20
1377323280, 46.20
1377323285, 46.23
1377323290, 46.20
1377323295, 46.23
1377323300, 46.23
1377323305, 46.23
1377323310, 46.20
1377323315, 46.23
1377323320, 46.20
1377323325, 46.23
1377323330, 46.20
1377323335, 46.23
1377323340, 46.23
1377323345, 46.23
1377323350, 46.23
1377323355, 46.23
1377323360, 46.23
1377323365, 46.23
1377323370, 46.23
1377323375, 46.23
1377323380, 46.23
1377323385, 46.20
1377323390, 46.23
1377323395, 46.23
1377323400, 46.23
1377323405, 46.23
1377323410, 46.23
1377323415, 46.23
1377323420, 46.23
1377323425, 46.23
1377323430, 46.23
1377323435, 46.23
1377323440, 46.23
1377323445, 46.23
1377323450, 46.23
1377323455, 46.23
1377323460, 46.23
1377323465, 46.23
1377323470, 46.23
1377323475, 46.23
1377323480, 46.23
1377323485, 46.23
1377323490, 46.23
1377323495, 46.23
1377323500, 46.23
1377323505, 46.23
1377323510, 46.23
1377323515, 46.23
1377323520, 46.23
1377323525, 46.23
1377323530, 46.23
1377323535, 46.23
1377323540, 46.23
1377323545, 46.23
1377323550, 46.23
1377323555, 46.26
1377323560, 46.23
1377323565, 46.23
1377323570, 46.23
1377323575, 46.23
1377323580, 46.23
1377323585, 46.23
1377323590, 46.23
1377323595, 46.23
1377323600, 46.23
1377323605, 46.23
1377323610, 46.23
1377323615, 46.23
1377323620, 46.23
1377323625, 46.23
1377323630, 46.23
1377323635, 46.23
1377323640, 46.26
1377323645, 46.23
1377323650, 46.23
1377323655, 46.23
1377323660, 46.23
1377323665, 46.23
1377323670, 46.23
1377323675, 46.23
1377323680, 46.23
1377323685, 46.23
1377323690, 46.23
1377323695, 46.23
1377323700, 46.23
1377323705, 46.23
1377323710, 46.23
1377323715, 46.23
1377323720, 46.23
1377323725, 46.23
1377323730, 46.26
1377323735, 46.23
1377323740, 46.23
1377323745, 46.23
1377323750, 46.23
1377323755, 46.23
1377323760, 46.23
1377323765, 46.23
1377323770, 46.23
1377323775, 46.23
1377323780, 46.23
1377323785, 46.23
1377323790, 46.23
1377323795, 46.23
1377323800, 46.23
1377323805, 46.23
1377323810, 46.23
1377323815, 46.23
1377323820, 46.23
1377323825, 46.23
1377323830, 46.23
1377323835, 46.23
1377323840, 46.26
1377323845, 46.23
1377323850, 46.23
1377323855, 46.23
1377323860, 46.26
1377323865, 46.23
1377323870, 46.23
1377323875, 46.23
1377323880, 46.26
1377323885, 46.23
1377323890, 46.23
1377323895, 46.23
1377323900, 46.23
1377323905, 46.23
1377323910, 46.23
1377323915, 46.23
1377323920, 46.23
1377323925, 46.23
1377323930, 46.23
1377323935, 46.23
1377323940, 46.23
1377323945, 46.23
1377323950, 46.26
1377323955, 46.23
1377323960, 46.23
1377323965, 46.23
1377323970, 46.26
1377323975, 46.23
1377323980, 46.23
1377323985, 46.26
1377323990, 46.26
1377323995, 46.23
1377324000, 46.23
1377324005, 46.26
1377324010, 46.26
1377324015, 46.23
1377324020, 46.26
1377324025, 46.23
1377324030, 46.23
1377324035, 46.23
1377324040, 46.23
1377324045, 46.26
1377324050, 46.23
1377324055, 46.26
1377324060, 46.26
1377324065, 46.23
1377324070, 46.23
1377324075, 46.23
1377324080, 46.23
1377324085, 46.23
1377324090, 46.23
1377324095, 46.26
1377324100, 46.23
1377324105, 46.26
1377324110, 46.26
1377324115, 46.26
1377324120, 46.23
1377324125, 46.23
1377324130, 46.23
1377324135, 46.23
1377324140, 46.23
1377324145, 46.26
1377324150, 46.26
1377324155, 46.23
1377324160, 46.26
1377324165, 46.26
1377324170, 46.26
1377324175, 46.26
1377324180, 46.26
1377324185, 46.23
1377324190, 46.26
1377324195, 46.26
1377324200, 46.26
1377324205, 46.23
1377324210, 46.26
1377324215, 46.26
1377324220, 46.26
1377324225, 46.26
1377324230, 46.26
1377324235, 46.26
1377324240, 46.26
1377324245, 46.26
1377324250, 46.26
1377324255, 46.26
1377324260, 46.26
1377324265, 46.26
1377324270, 46.26
1377324275, 46.26
1377324280, 46.26
1377324285, 46.26
1377324290, 46.26
1377324295, 46.26
1377324300, 46.26
1377324305, 46.26
1377324310, 46.26
1377324315, 46.26
1377324320, 46.26
1377324325, 46.26
1377324330, 46.26
1377324335, 46.26
1377324340, 46.26
1377324345, 46.26
1377324350, 46.26
1377324355, 46.26
1377324360, 46.26
1377324365, 46.26
1377324370, 46.26
1377324375, 46.26
1377324380, 46.30
1377324385, 46.26
1377324390, 46.26
1377324395, 46.26
1377324400, 46.26
1377324405, 46.30
1377324410, 46.26
1377324415, 46.30
1377324420, 46.23
1377324425, 46.26
1377324430, 46.26
1377324435, 46.26
1377324440, 46.30
1377324445, 46.30
1377324450, 46.26
1377324455, 46.26
1377324460, 46.26
1377324465, 46.30
1377324470, 46.26
1377324475, 46.26
1377324480, 46.26
1377324485, 46.26
1377324490, 46.30
1377324495, 46.30
1377324500, 46.26
1377324505, 46.26
1377324510, 46.30
1377324515, 46.30
1377324520, 46.30
1377324525, 46.30
1377324530, 46.26
1377324535, 46.26
1377324540, 46.30
1377324545, 46.30
1377324550, 46.30
1377324555, 46.30
1377324560, 46.30
1377324565, 46.30
1377324570, 46.30
1377324575, 46.26
1377324580, 46.30
1377324585, 46.30
1377324590, 46.26
1377324595, 46.30
1377324600, 46.26
1377324605, 46.30
1377324610, 46.30
1377324615, 46.30
1377324620, 46.30
1377324625, 46.30
1377324630, 46.30
1377324635, 46.30
1377324640, 46.26
1377324645, 46.30
1377324650, 46.30
1377324655, 46.30
1377324660, 46.30
1377324665, 46.30
1377324670, 46.30
1377324675, 46.26
1377324680, 46.30
1377324685, 46.30
1377324690, 46.30
1377324695, 46.30
1377324700, 46.30
1377324705, 46.30
1377324710, 46.26
1377324715, 46.30
1377324720, 46.30
1377324725, 46.30
1377324730, 46.30
1377324735, 46.30
1377324740, 46.33
1377324745, 46.30
1377324750, 46.30
1377324755, 46.30
1377324760, 46.30
1377324765, 46.30
1377324770, 46.26
1377324775, 46.30
1377324780, 46.30
1377324785, 46.30
1377324790, 46.30
1377324795, 46.30
1377324800, 46.30
1377324805, 46.30
1377324810, 46.30
1377324815, 46.30
1377324820, 46.30
1377324825, 46.30
1377324830, 46.30
1377324835, 46.30
1377324840, 46.30
1377324845, 46.30
1377324850, 46.30
1377324855, 46.30
1377324860, 46.30
1377324865, 46.26
1377324870, 46.30
1377324875, 46.30
1377324880, 46.30
1377324885, 46.30
1377324890, 46.30
1377324895, 46.30
1377324900, 46.30
1377324905, 46.30
1377324910, 46.30
1377324915, 46.30
1377324920, 46.30
1377324925, 46.30
1377324930, 46.30
1377324935, 46.26
1377324940, 46.30
1377324945, 46.30
1377324950, 46.30
1377324955, 46.30
1377324960, 46.30
1377324965, 46.30
1377324970, 46.30
1377324975, 46.30
1377324980, 46.30
1377324985, 46.30
1377324990, 46.30
1377324995, 46.30
1377325000, 46.30
1377325005, 46.30
1377325010, 46.30
1377325015, 46.30
1377325020, 46.30
1377325025, 46.30
1377325030, 46.33
1377325035, 46.30
1377325040, 46.30
1377325045, 46.30
1377325050, 46.30
1377325055, 46.30
1377325060, 46.30
1377325065, 46.30
1377325070, 46.30
1377325075, 46.30
1377325080, 46.30
1377325085, 46.30
1377325090, 46.30
1377325095, 46.30
1377325100, 46.30
1377325105, 46.30
1377325110, 46.30
1377325115, 46.30
1377325120, 46.30
1377325125, 46.30
1377325130, 46.30
1377325135, 46.30
1377325140, 46.30
1377325145, 46.30
1377325150, 46.30
1377325155, 46.30
1377325160, 46.30
1377325165, 46.30
1377325170, 46.30
1377325175, 46.30
1377325180, 46.30
1377325185, 46.30
1377325190, 46.33
1377325195, 46.33
1377325200, 46.30
1377325205, 46.30
1377325210, 46.30
1377325215, 46.30
1377325220, 46.33
1377325225, 46.33
1377325230, 46.33
1377325235, 46.33
1377325240, 46.33
1377325245, 46.30
1377325250, 46.30
1377325255, 46.30
1377325260, 46.33
1377325265, 46.30
1377325270, 46.30
1377325275, 46.33
1377325280, 46.33
1377325285, 46.33
1377325290, 46.30
1377325295, 46.33
1377325300, 46.30
1377325305, 46.33
1377325310, 46.33
1377325315, 46.33
1377325320, 46.33
1377325325, 46.33
1377325330, 46.33
1377325335, 46.33
1377325340, 46.30
1377325345, 46.33
1377325350, 46.33
1377325355, 46.33
1377325360, 46.33
1377325365, 46.30
1377325370, 46.33
1377325375, 46.33
1377325380, 46.36
1377325385, 46.33
1377325390, 46.33
1377325395, 46.36
1377325400, 46.36
1377325405, 46.33
1377325410, 46.36
1377325415, 46.33
1377325420, 46.36
1377325425, 46.33
1377325430, 46.33
1377325435, 46.33
1377325440, 46.33
1377325445, 46.33
1377325450, 46.33
1377325455, 46.33
1377325460, 46.36
1377325465, 46.33
1377325470, 46.33
1377325475, 46.36
1377325480, 46.36
1377325485, 46.33
1377325490, 46.36
1377325495, 46.33
1377325500, 46.33
1377325505, 46.36
1377325510, 46.33
1377325515, 46.36
1377325520, 46.33
1377325525, 46.33
1377325530, 46.36
1377325535, 46.36
1377325540, 46.36
1377325545, 46.33
1377325550, 46.33
1377325555, 46.36
1377325560, 46.36
1377325565, 46.36
1377325570, 46.36
1377325575, 46.36
1377325580, 46.36
1377325585, 46.33
1377325590, 46.36
1377325595, 46.36
1377325600, 46.36
1377325605, 46.36
1377325610, 46.33
1377325615, 46.36
1377325620, 46.33
1377325625, 46.36
1377325630, 46.36
1377325635, 46.36
1377325640, 46.36
1377325645, 46.33
1377325650, 46.36
1377325655, 46.36
1377325660, 46.36
1377325665, 46.36
1377325670, 46.36
1377325675, 46.36
1377325680, 46.36
1377325685, 46.36
1377325690, 46.36
1377325695, 46.33
1377325700, 46.36
1377325705, 46.36
1377325710, 46.36
1377325715, 46.36
1377325720, 46.36
1377325725, 46.36
1377325730, 46.36
1377325735, 46.36
1377325740, 46.36
1377325745, 46.36
1377325750, 46.36
1377325755, 46.36
1377325760, 46.36
1377325765, 46.36
1377325770, 46.36
1377325775, 46.36
1377325780, 46.36
1377325785, 46.36
1377325790, 46.36
1377325795, 46.36
1377325800, 46.36
1377325805, 46.36
1377325810, 46.36
1377325815, 46.36
1377325820, 46.36
1377325825, 46.36
1377325830, 46.36
1377325835, 46.36
1377325840, 46.36
1377325845, 46.36
1377325850, 46.36
1377325855, 46.36
1377325860, 46.36
1377325865, 46.36
1377325870, 46.36
1377325875, 46.36
1377325880, 46.36
1377325885, 46.36
1377325890, 46.36
1377325895, 46.36
1377325900, 46.36
1377325905, 46.36
1377325910, 46.36
1377325915, 46.36
1377325920, 46.36
1377325925, 46.36
1377325930, 46.36
1377325935, 46.36
1377325940, 46.36
1377325945, 46.36
1377325950, 46.36
1377325955, 46.36
1377325960, 46.36
1377325965, 46.36
1377325970, 46.36
1377325975, 46.36
1377325980, 46.36
1377325985, 46.36
1377325990, 46.36
1377325995, 46.36
1377326000, 46.36
1377326005, 46.36
1377326010, 46.36
1377326015, 46.39
1377326020, 46.36
1377326025, 46.36
1377326030, 46.36
1377326035, 46.36
1377326040, 46.39
1377326045, 46.36
1377326050, 46.39
1377326055, 46.36
1377326060, 46.39
1377326065, 46.36
1377326070, 46.36
1377326075, 46.39
1377326080, 46.39
1377326085, 46.36
1377326090, 46.39
1377326095, 46.39
1377326100, 46.36
1377326105, 46.39
1377326110, 46.36
1377326115, 46.36
1377326120, 46.36
1377326125, 46.39
1377326130, 46.36
1377326135, 46.39
1377326140, 46.39
1377326145, 46.39
1377326150, 46.36
1377326155, 46.36
1377326160, 46.39
1377326165, 46.36
1377326170, 46.36
1377326175, 46.39
1377326180, 46.36
1377326185, 46.39
1377326190, 46.39
1377326195, 46.39
1377326200, 46.39
1377326205, 46.39
1377326210, 46.36
1377326215, 46.39
1377326220, 46.36
1377326225, 46.36
1377326230, 46.36
1377326235, 46.39
1377326240, 46.36
1377326245, 46.36
1377326250, 46.36
1377326255, 46.39
1377326260, 46.36
1377326265, 46.39
1377326270, 46.36
1377326275, 46.36
1377326280, 46.36
1377326285, 46.36
1377326290, 46.39
1377326295, 46.39
1377326300, 46.39
1377326305, 46.36
1377326310, 46.39
1377326315, 46.39
1377326320, 46.36
1377326325, 46.39
1377326330, 46.36
1377326335, 46.39
1377326340, 46.36
1377326345, 46.39
1377326350, 46.36
1377326355, 46.36
1377326360, 46.39
1377326365, 46.39
1377326370, 46.39
1377326375, 46.36
1377326380, 46.39
1377326385, 46.39
1377326390, 46.36
1377326395, 46.39
1377326400, 46.39
1377326405, 46.39
1377326410, 46.39
1377326415, 46.36
1377326420, 46.39
1377326425, 46.36
1377326430, 46.39
1377326435, 46.39
1377326440, 46.39
1377326445, 46.39
1377326450, 46.39
1377326455, 46.39
1377326460, 46.39
1377326465, 46.36
1377326470, 46.39
1377326475, 46.39
1377326480, 46.43
1377326485, 46.39
1377326490, 46.39
1377326495, 46.39
1377326500, 46.39
1377326505, 46.39
1377326510, 46.39
1377326515, 46.43
1377326520, 46.39
1377326525, 46.36
1377326530, 46.43
1377326535, 46.43
1377326540, 46.39
1377326545, 46.39
1377326550, 46.39
1377326555, 46.43
1377326560, 46.43
1377326565, 46.39
1377326570, 46.39
1377326575, 46.43
1377326580, 46.39
1377326585, 46.43
1377326590, 46.43
1377326595, 46.43
1377326600, 46.39
1377326605, 46.39
1377326610, 46.39
1377326615, 46.39
1377326620, 46.43
1377326625, 46.39
1377326630, 46.43
1377326635, 46.43
1377326640, 46.39
1377326645, 46.43
1377326650, 46.43
1377326655, 46.43
1377326660, 46.43
1377326665, 46.43
1377326670, 46.43
1377326675, 46.43
1377326680, 46.39
1377326685, 46.43
1377326690, 46.43
1377326695, 46.43
1377326700, 46.43
1377326705, 46.43
1377326710, 46.39
1377326715, 46.39
1377326720, 46.43
1377326725, 46.43
1377326730, 46.43
1377326735, 46.43
1377326740, 46.43
1377326745, 46.39
1377326750, 46.43
1377326755, 46.43
1377326760, 46.43
1377326765, 46.43
1377326770, 46.39
1377326775, 46.43
1377326780, 46.43
1377326785, 46.43
1377326790, 46.39
1377326795, 46.43
1377326800, 46.43
1377326805, 46.43
1377326810, 46.39
1377326815, 46.43
1377326820, 46.39
1377326825, 46.43
1377326830, 46.43
1377326835, 46.43
1377326840, 46.43
1377326845, 46.43
1377326850, 46.43
1377326855, 46.43
1377326860, 46.43
1377326865, 46.43
1377326870, 46.43
1377326875, 46.43
1377326880, 46.43
1377326885, 46.43
1377326890, 46.43
1377326895, 46.43
1377326900, 46.43
1377326905, 46.43
1377326910, 46.43
1377326915, 46.43
1377326920, 46.43
1377326925, 46.43
1377326930, 46.43
1377326935, 46.43
1377326940, 46.39
1377326945, 46.43
1377326950, 46.43
1377326955, 46.43
1377326960, 46.43
1377326965, 46.43
1377326970, 46.43
1377326975, 46.43
1377326980, 46.43
1377326985, 46.43
1377326990, 46.43
1377326995, 46.43
1377327000, 46.43
1377327005, 46.43
1377327010, 46.43
1377327015, 46.43
1377327020, 46.43
1377327025, 46.43
1377327030, 46.43
1377327035, 46.43
1377327040, 46.43
1377327045, 46.43
1377327050, 46.43
1377327055, 46.43
1377327060, 46.43
1377327065, 46.43
1377327070, 46.43
1377327075, 46.43
1377327080, 46.46
1377327085, 46.43
1377327090, 46.43
1377327095, 46.43
1377327100, 46.43
1377327105, 46.43
1377327110, 46.43
1377327115, 46.43
1377327120, 46.46
1377327125, 46.43
1377327130, 46.46
1377327135, 46.43
1377327140, 46.46
1377327145, 46.43
1377327150, 46.43
1377327155, 46.46
1377327160, 46.43
1377327165, 46.46
1377327170, 46.43
1377327175, 46.46
1377327180, 46.43
1377327185, 46.43
1377327190, 46.43
1377327195, 46.46
1377327200, 46.43
1377327205, 46.43
1377327210, 46.46
1377327215, 46.46
1377327220, 46.46
1377327225, 46.46
1377327230, 46.43
1377327235, 46.43
1377327240, 46.46
1377327245, 46.46
1377327250, 46.46
1377327255, 46.46
1377327260, 46.46
1377327265, 46.46
1377327270, 46.46
1377327275, 46.43
1377327280, 46.46
1377327285, 46.46
1377327290, 46.49
1377327295, 46.46
1377327300, 46.46
1377327305, 46.46
1377327310, 46.46
1377327315, 46.46
1377327320, 46.46
1377327325, 46.46
1377327330, 46.49
1377327335, 46.49
1377327340, 46.46
1377327345, 46.46
1377327350, 46.46
1377327355, 46.46
1377327360, 46.46
1377327365, 46.46
1377327370, 46.46
1377327375, 46.49
1377327380, 46.46
1377327385, 46.46
1377327390, 46.49
1377327395, 46.46
1377327400, 46.46
1377327405, 46.43
1377327410, 46.49
1377327415, 46.46
1377327420, 46.46
1377327425, 46.49
1377327430, 46.46
1377327435, 46.46
1377327440, 46.46
1377327445, 46.46
1377327450, 46.49
1377327455, 46.46
1377327460, 46.49
1377327465, 46.46
1377327470, 46.46
1377327475, 46.49
1377327480, 46.46
1377327485, 46.49
1377327490, 46.46
1377327495, 46.46
1377327500, 46.49
1377327505, 46.49
1377327510, 46.49
1377327515, 46.49
1377327520, 46.49
1377327525, 46.49
1377327530, 46.49
1377327535, 46.49
1377327540, 46.49
1377327545, 46.46
1377327550, 46.49
1377327555, 46.49
1377327560, 46.49
1377327565, 46.49
1377327570, 46.49
1377327575, 46.49
1377327580, 46.49
1377327585, 46.49
1377327590, 46.49
1377327595, 46.49
1377327600, 46.49
1377327605, 46.49
1377327610, 46.49
1377327615, 46.49
1377327620, 46.46
1377327625, 46.49
1377327630, 46.49
1377327635, 46.49
1377327640, 46.49
1377327645, 46.49
1377327650, 46.49
1377327655, 46.49
1377327660, 46.49
1377327665, 46.49
1377327670, 46.49
1377327675, 46.49
1377327680, 46.49
1377327685, 46.49
1377327690, 46.49
1377327695, 46.49
1377327700, 46.49
1377327705, 46.46
1377327710, 46.49
1377327715, 46.49
1377327720, 46.49
1377327725, 46.49
1377327730, 46.49
1377327735, 46.49
1377327740, 46.49
1377327745, 46.49
1377327750, 46.49
1377327755, 46.49
1377327760, 46.49
1377327765, 46.49
1377327770, 46.49
1377327775, 46.49
1377327780, 46.49
1377327785, 46.49
1377327790, 46.49
1377327795, 46.49
1377327800, 46.49
1377327805, 46.49
1377327810, 46.49
1377327815, 46.49
1377327820, 46.49
1377327825, 46.49
1377327830, 46.49
1377327835, 46.49
1377327840, 46.49
1377327845, 46.49
1377327850, 46.49
1377327855, 46.49
1377327860, 46.49
1377327865, 46.49
1377327870, 46.49
1377327875, 46.49
1377327880, 46.52
1377327885, 46.52
1377327890, 46.49
1377327895, 46.49
1377327900, 46.49
1377327905, 46.49
1377327910, 46.52
1377327915, 46.49
1377327920, 46.49
1377327925, 46.49
1377327930, 46.49
1377327935, 46.49
1377327940, 46.49
1377327945, 46.49
1377327950, 46.52
1377327955, 46.49
1377327960, 46.49
1377327965, 46.49
1377327970, 46.52
1377327975, 46.49
1377327980, 46.52
1377327985, 46.52
1377327990, 46.52
1377327995, 46.49
1377328000, 46.49
1377328005, 46.49
1377328010, 46.52
1377328015, 46.49
1377328020, 46.52
1377328025, 46.49
1377328030, 46.49
1377328035, 46.49
1377328040, 46.49
1377328045, 46.52
1377328050, 46.49
1377328055, 46.52
1377328060, 46.52
1377328065, 46.49
1377328070, 46.49
1377328075, 46.52
1377328080, 46.49
1377328085, 46.49
1377328090, 46.49
1377328095, 46.52
1377328100, 46.52
1377328105, 46.49
1377328110, 46.52
1377328115, 46.49
1377328120, 46.49
1377328125, 46.52
1377328130, 46.49
1377328135, 46.49
1377328140, 46.52
1377328145, 46.52
1377328150, 46.52
1377328155, 46.49
1377328160, 46.52
1377328165, 46.52
1377328170, 46.49
1377328175, 46.52
1377328180, 46.52
1377328185, 46.49
1377328190, 46.52
1377328195, 46.52
1377328200, 46.49
1377328205, 46.52
1377328210, 46.52
1377328215, 46.56
1377328220, 46.56
1377328225, 46.52
1377328230, 46.49
1377328235, 46.52
1377328240, 46.49
1377328245, 46.56
1377328250, 46.52
1377328255, 46.52
1377328260, 46.52
1377328265, 46.52
1377328270, 46.52
1377328275, 46.52
1377328280, 46.52
1377328285, 46.56
1377328290, 46.52
1377328295, 46.52
1377328300, 46.52
1377328305, 46.52
1377328310, 46.49
1377328315, 46.52
1377328320, 46.52
1377328325, 46.52
1377328330, 46.56
1377328335, 46.52
1377328340, 46.52
1377328345, 46.52
1377328350, 46.52
1377328355, 46.56
1377328360, 46.52
1377328365, 46.52
1377328370, 46.52
1377328375, 46.56
1377328380, 46.52
1377328385, 46.52
1377328390, 46.56
1377328395, 46.52
1377328400, 46.52
1377328405, 46.52
1377328410, 46.52
1377328415, 46.52
1377328420, 46.52
1377328425, 46.52
1377328430, 46.52
1377328435, 46.49
1377328440, 46.56
1377328445, 46.56
1377328450, 46.56
1377328455, 46.56
1377328460, 46.56
1377328465, 46.52
1377328470, 46.52
1377328475, 46.52
1377328480, 46.52
1377328485, 46.56
1377328490, 46.56
1377328495, 46.52
1377328500, 46.52
1377328505, 46.52
1377328510, 46.52
1377328515, 46.52
1377328520, 46.52
1377328525, 46.56
1377328530, 46.56
1377328535, 46.56
1377328540, 46.56
1377328545, 46.52
1377328550, 46.56
1377328555, 46.56
1377328560, 46.56
1377328565, 46.56
1377328570, 46.56
1377328575, 46.56
1377328580, 46.52
1377328585, 46.56
1377328590, 46.56
1377328595, 46.56
1377328600, 46.56
1377328605, 46.56
1377328610, 46.56
1377328615, 46.52
1377328620, 46.56
1377328625, 46.56
1377328630, 46.56
1377328635, 46.56
1377328640, 46.56
1377328645, 46.56
1377328650, 46.56
1377328655, 46.56
1377328660, 46.56
1377328665, 46.52
1377328670, 46.56
1377328675, 46.56
1377328680, 46.56
1377328685, 46.56
1377328690, 46.52
1377328695, 46.56
1377328700, 46.56
1377328705, 46.56
1377328710, 46.56
1377328715, 46.56
1377328720, 46.56
1377328725, 46.56
1377328730, 46.56
1377328735, 46.56
1377328740, 46.56
1377328745, 46.56
1377328750, 46.56
1377328755, 46.56
1377328760, 46.56
1377328765, 46.56
1377328770, 46.56
1377328775, 46.56
1377328780, 46.56
1377328785, 46.56
1377328790, 46.56
1377328795, 46.56
1377328800, 46.56
1377328805, 46.56
1377328810, 46.56
1377328815, 46.56
1377328820, 46.56
1377328825, 46.56
1377328830, 46.56
1377328835, 46.56
1377328840, 46.56
1377328845, 46.56
1377328850, 46.56
1377328855, 46.56
1377328860, 46.56
1377328865, 46.56
1377328870, 46.56
1377328875, 46.56
1377328880, 46.56
1377328885, 46.56
1377328890, 46.56
1377328895, 46.56
1377328900, 46.56
1377328905, 46.56
1377328910, 46.56
1377328915, 46.56
1377328920, 46.56
1377328925, 46.56
1377328930, 46.56
1377328935, 46.56
1377328940, 46.56
1377328945, 46.56
1377328950, 46.56
1377328955, 46.56
1377328960, 46.56
1377328965, 46.56
1377328970, 46.56
1377328975, 46.56
1377328980, 46.56
1377328985, 46.56
1377328990, 46.56
1377328995, 46.56
1377329000, 46.56
1377329005, 46.56
1377329010, 46.56
1377329015, 46.56
1377329020, 46.56
1377329025, 46.56
1377329030, 46.56
1377329035, 46.56
1377329040, 46.56
1377329045, 46.56
1377329050, 46.56
1377329055, 46.56
1377329060, 46.56
1377329065, 46.56
1377329070, 46.56
1377329075, 46.56
1377329080, 46.56
1377329085, 46.56
1377329090, 46.56
1377329095, 46.56
1377329100, 46.56
1377329105, 46.56
1377329110, 46.56
1377329115, 46.56
1377329120, 46.56
1377329125, 46.56
1377329130, 46.56
1377329135, 46.56
1377329140, 46.56
1377329145, 46.56
1377329150, 46.56
1377329155, 46.56
1377329160, 46.56
1377329165, 46.56
1377329170, 46.52
1377329175, 46.56
1377329180, 46.56
1377329185, 46.56
1377329190, 46.56
1377329195, 46.56
1377329200, 46.56
1377329205, 46.56
1377329210, 46.52
1377329215, 46.56
1377329220, 46.52
1377329225, 46.56
1377329230, 46.56
1377329235, 46.56
1377329240, 46.56
1377329245, 46.56
1377329250, 46.52
1377329255, 46.56
1377329260, 46.56
1377329265, 46.56
1377329270, 46.56
1377329275, 46.56
1377329280, 46.56
1377329285, 46.56
1377329290, 46.56
1377329295, 46.56
1377329300, 46.56
1377329305, 46.56
1377329310, 46.56
1377329315, 46.52
1377329320, 46.56
1377329325, 46.56
1377329330, 46.56
1377329335, 46.56
1377329340, 46.56
1377329345, 46.56
1377329350, 46.56
1377329355, 46.56
1377329360, 46.52
1377329365, 46.52
1377329370, 46.56
1377329375, 46.56
1377329380, 46.56
1377329385, 46.52
1377329390, 46.56
1377329395, 46.56
1377329400, 46.56
1377329405, 46.56
1377329410, 46.56
1377329415, 46.56
1377329420, 46.56
1377329425, 46.56
1377329430, 46.56
1377329435, 46.56
1377329440, 46.52
1377329445, 46.52
1377329450, 46.56
1377329455, 46.56
1377329460, 46.56
1377329465, 46.56
1377329470, 46.56
1377329475, 46.56
1377329480, 46.56
1377329485, 46.56
1377329490, 46.56
1377329495, 46.56
1377329500, 46.56
1377329505, 46.56
1377329510, 46.56
1377329515, 46.56
1377329520, 46.56
1377329525, 46.56
1377329530, 46.56
1377329535, 46.56
1377329540, 46.56
1377329545, 46.56
1377329550, 46.56
1377329555, 46.56
1377329560, 46.56
1377329565, 46.56
1377329570, 46.56
1377329575, 46.56
1377329580, 46.56
1377329585, 46.56
1377329590, 46.56
1377329595, 46.56
1377329600, 46.56
1377329605, 46.52
1377329610, 46.52
1377329615, 46.56
1377329620, 46.56
1377329625, 46.52
1377329630, 46.52
1377329635, 46.56
1377329640, 46.56
1377329645, 46.56
1377329650, 46.52
1377329655, 46.56
1377329660, 46.56
1377329665, 46.56
1377329670, 46.56
1377329675, 46.56
1377329680, 46.56
1377329685, 46.56
1377329690, 46.56
1377329695, 46.56
1377329700, 46.56
1377329705, 46.52
1377329710, 46.56
1377329715, 46.52
1377329720, 46.52
1377329725, 46.56
1377329730, 46.56
1377329735, 46.56
1377329740, 46.56
1377329745, 46.56
1377329750, 46.56
1377329755, 46.52
1377329760, 46.56
1377329765, 46.56
1377329770, 46.52
1377329775, 46.56
1377329780, 46.56
1377329785, 46.52
1377329790, 46.52
1377329795, 46.52
1377329800, 46.52
1377329805, 46.52
1377329810, 46.56
1377329815, 46.52
1377329820, 46.56
1377329825, 46.56
1377329830, 46.52
1377329835, 46.52
1377329840, 46.56
1377329845, 46.52
1377329850, 46.52
1377329855, 46.52
1377329860, 46.52
1377329865, 46.56
1377329870, 46.56
1377329875, 46.52
1377329880, 46.52
1377329885, 46.52
1377329890, 46.52
1377329895, 46.52
1377329900, 46.52
1377329905, 46.56
1377329910, 46.52
1377329915, 46.56
1377329920, 46.52
1377329925, 46.56
1377329930, 46.52
1377329935, 46.52
1377329940, 46.52
1377329945, 46.49
1377329950, 46.56
1377329955, 46.52
1377329960, 46.56
1377329965, 46.52
1377329970, 46.52
1377329975, 46.52
1377329980, 46.52
1377329985, 46.52
1377329990, 46.52
1377329995, 46.52
1377330000, 46.52
1377330005, 46.52
1377330010, 46.49
1377330015, 46.52
1377330020, 46.52
1377330025, 46.52
1377330030, 46.52
1377330035, 46.52
1377330040, 46.52
1377330045, 46.52
1377330050, 46.52
1377330055, 46.52
1377330060, 46.52
1377330065, 46.52
1377330070, 46.49
1377330075, 46.52
1377330080, 46.52
1377330085, 46.56
1377330090, 46.52
1377330095, 46.52
1377330100, 46.52
1377330105, 46.52
1377330110, 46.52
1377330115, 46.52
1377330120, 46.52
1377330125, 46.52
1377330130, 46.52
1377330135, 46.52
1377330140, 46.52
1377330145, 46.52
1377330150, 46.52
1377330155, 46.52
1377330160, 46.52
1377330165, 46.52
1377330170, 46.52
1377330175, 46.52
1377330180, 46.49
1377330185, 46.52
1377330190, 46.52
1377330195, 46.52
1377330200, 46.52
1377330205, 46.49
1377330210, 46.52
1377330215, 46.52
1377330220, 46.52
1377330225, 46.49
1377330230, 46.52
1377330235, 46.52
1377330240, 46.52
1377330245, 46.52
1377330250, 46.52
1377330255, 46.52
1377330260, 46.52
1377330265, 46.52
1377330270, 46.56
1377330275, 46.52
1377330280, 46.52
1377330285, 46.52
1377330290, 46.49
1377330295, 46.52
1377330300, 46.52
1377330305, 46.52
1377330310, 46.52
1377330315, 46.52
1377330320, 46.52
1377330325, 46.52
1377330330, 46.52
1377330335, 46.56
1377330340, 46.52
1377330345, 46.56
1377330350, 46.49
1377330355, 46.52
1377330360, 46.52
1377330365, 46.56
1377330370, 46.52
1377330375, 46.56
1377330380, 46.52
1377330385, 46.52
1377330390, 46.52
1377330395, 46.52
1377330400, 46.49
1377330405, 46.52
1377330410, 46.56
1377330415, 46.49
1377330420, 46.52
1377330425, 46.52
1377330430, 46.52
1377330435, 46.52
1377330440, 46.52
1377330445, 46.52
1377330450, 46.52
1377330455, 46.52
1377330460, 46.52
1377330465, 46.52
1377330470, 46.52
1377330475, 46.56
1377330480, 46.56
1377330485, 46.52
1377330490, 46.52
1377330495, 46.52
1377330500, 46.52
1377330505, 46.52
1377330510, 46.56
1377330515, 46.49
1377330520, 46.52
1377330525, 46.52
1377330530, 46.56
1377330535, 46.52
1377330540, 46.56
1377330545, 46.52
1377330550, 46.56
1377330555, 46.52
1377330560, 46.56
1377330565, 46.52
1377330570, 46.56
1377330575, 46.56
1377330580, 46.52
1377330585, 46.52
1377330590, 46.52
1377330595, 46.56
1377330600, 46.52
1377330605, 46.56
1377330610, 46.52
1377330615, 46.52
1377330620, 46.56
1377330625, 46.52
1377330630, 46.56
1377330635, 46.52
1377330640, 46.52
1377330645, 46.52
1377330650, 46.56
1377330655, 46.56
1377330660, 46.56
1377330665, 46.56
1377330670, 46.56
1377330675, 46.56
1377330680, 46.56
1377330685, 46.52
1377330690, 46.56
1377330695, 46.52
1377330700, 46.52
1377330705, 46.56
1377330710, 46.56
1377330715, 46.56
1377330720, 46.56
1377330725, 46.56
1377330730, 46.52
1377330735, 46.52
1377330740, 46.56
1377330745, 46.52
1377330750, 46.56
1377330755, 46.52
1377330760, 46.52
1377330765, 46.52
1377330770, 46.56
1377330775, 46.52
1377330780, 46.52
1377330785, 46.56
1377330790, 46.56
1377330795, 46.52
1377330800, 46.56
1377330805, 46.52
1377330810, 46.56
1377330815, 46.56
1377330820, 46.56
1377330825, 46.56
1377330830, 46.52
1377330835, 46.56
1377330840, 46.52
1377330845, 46.52
1377330850, 46.52
1377330855, 46.52
1377330860, 46.56
1377330865, 46.52
1377330870, 46.56
1377330875, 46.52
1377330880, 46.52
1377330885, 46.52
1377330890, 46.52
1377330895, 46.52
1377330900, 46.56
1377330905, 46.52
1377330910, 46.56
1377330915, 46.56
1377330920, 46.56
1377330925, 46.49
1377330930, 46.56
1377330935, 46.52
1377330940, 46.52
1377330945, 46.56
1377330950, 46.52
1377330955, 46.56
1377330960, 46.52
1377330965, 46.56
1377330970, 46.56
1377330975, 46.56
1377330980, 46.52
1377330985, 46.52
1377330990, 46.52
1377330995, 46.52
1377331000, 46.52
1377331005, 46.52
1377331010, 46.52
1377331015, 46.56
1377331020, 46.52
1377331025, 46.52
1377331030, 46.52
1377331035, 46.52
1377331040, 46.56
1377331045, 46.56
1377331050, 46.49
1377331055, 46.52
1377331060, 46.52
1377331065, 46.52
1377331070, 46.52
1377331075, 46.56
1377331080, 46.52
1377331085, 46.52
1377331090, 46.49
1377331095, 46.52
1377331100, 46.52
1377331105, 46.52
1377331110, 46.52
1377331115, 46.52
1377331120, 46.52
1377331125, 46.52
1377331130, 46.52
1377331135, 46.52
1377331140, 46.49
1377331145, 46.56
1377331150, 46.52
1377331155, 46.56
1377331160, 46.49
1377331165, 46.52
1377331170, 46.52
1377331175, 46.52
1377331180, 46.52
1377331185, 46.56
1377331190, 46.52
1377331195, 46.49
1377331200, 46.52
1377331205, 46.49
1377331210, 46.49
1377331215, 46.52
1377331220, 46.52
1377331225, 46.52
1377331230, 46.52
1377331235, 46.52
1377331240, 46.52
1377331245, 46.52
1377331250, 46.49
1377331255, 46.52
1377331260, 46.52
1377331265, 46.52
1377331270, 46.52
1377331275, 46.52
1377331280, 46.49
1377331285, 46.52
1377331290, 46.52
1377331295, 46.56
1377331300, 46.52
1377331305, 46.52
1377331310, 46.56
1377331315, 46.49
1377331320, 46.52
1377331325, 46.52
1377331330, 46.52
1377331335, 46.52
1377331340, 46.52
1377331345, 46.52
1377331350, 46.52
1377331355, 46.49
1377331360, 46.49
1377331365, 46.49
1377331370, 46.49
1377331375, 46.49
1377331380, 46.49
1377331385, 46.49
1377331390, 46.52
1377331395, 46.52
1377331400, 46.49
1377331405, 46.52
1377331410, 46.52
1377331415, 46.49
1377331420, 46.52
1377331425, 46.52
1377331430, 46.52
1377331435, 46.52
1377331440, 46.49
1377331445, 46.49
1377331450, 46.49
1377331455, 46.49
1377331460, 46.49
1377331465, 46.52
1377331470, 46.49
1377331475, 46.52
1377331480, 46.49
1377331485, 46.52
1377331490, 46.49
1377331495, 46.49
1377331500, 46.52
1377331505, 46.52
1377331510, 46.52
1377331515, 46.49
1377331520, 46.52
1377331525, 46.49
1377331530, 46.52
1377331535, 46.52
1377331540, 46.52
1377331545, 46.49
1377331550, 46.49
1377331555, 46.52
1377331560, 46.52
1377331565, 46.52
1377331570, 46.49
1377331575, 46.52
1377331580, 46.49
1377331585, 46.52
1377331590, 46.49
1377331595, 46.49
1377331600, 46.52
1377331605, 46.52
1377331610, 46.49
1377331615, 46.49
1377331620, 46.52
1377331625, 46.49
1377331630, 46.49
1377331635, 46.49
1377331640, 46.49
1377331645, 46.52
1377331650, 46.52
1377331655, 46.49
1377331660, 46.49
1377331665, 46.49
1377331670, 46.49
1377331675, 46.52
1377331680, 46.52
1377331685, 46.52
1377331690, 46.52
1377331695, 46.52
1377331700, 46.56
1377331705, 46.49
1377331710, 46.49
1377331715, 46.52
1377331720, 46.49
1377331725, 46.56
1377331730, 46.49
1377331735, 46.49
1377331740, 46.52
1377331745, 46.52
1377331750, 46.52
1377331755, 46.49
1377331760, 46.52
1377331765, 46.52
1377331770, 46.49
1377331775, 46.52
1377331780, 46.49
1377331785, 46.52
1377331790, 46.49
1377331795, 46.52
1377331800, 46.52
1377331805, 46.52
1377331810, 46.49
1377331815, 46.52
1377331820, 46.52
1377331825, 46.52
1377331830, 46.49
1377331835, 46.49
1377331840, 46.52
1377331845, 46.49
1377331850, 46.52
1377331855, 46.52
1377331860, 46.49
1377331865, 46.52
1377331870, 46.52
1377331875, 46.52
1377331880, 46.52
1377331885, 46.52
1377331890, 46.52
1377331895, 46.52
1377331900, 46.49
1377331905, 46.49
1377331910, 46.52
1377331915, 46.52
1377331920, 46.52
1377331925, 46.52
1377331930, 46.52
1377331935, 46.52
1377331940, 46.52
1377331945, 46.56
1377331950, 46.52
1377331955, 46.52
1377331960, 46.49
1377331965, 46.49
1377331970, 46.52
1377331975, 46.52
1377331980, 46.52
1377331985, 46.52
1377331990, 46.52
1377331995, 46.52
1377332000, 46.49
1377332005, 46.52
1377332010, 46.52
1377332015, 46.49
1377332020, 46.49
1377332025, 46.49
1377332030, 46.49
1377332035, 46.52
1377332040, 46.49
1377332045, 46.52
1377332050, 46.52
1377332055, 46.52
1377332060, 46.52
1377332065, 46.52
1377332070, 46.49
1377332075, 46.49
1377332080, 46.52
1377332085, 46.52
1377332090, 46.52
1377332095, 46.52
1377332100, 46.52
1377332105, 46.52
1377332110, 46.52
1377332115, 46.52
1377332120, 46.49
1377332125, 46.52
1377332130, 46.52
1377332135, 46.52
1377332140, 46.52
1377332145, 46.49
1377332150, 46.52
1377332155, 46.52
1377332160, 46.52
1377332165, 46.52
1377332170, 46.52
1377332175, 46.52
1377332180, 46.52
1377332185, 46.52
1377332190, 46.52
1377332195, 46.49
1377332200, 46.52
1377332205, 46.52
1377332210, 46.52
1377332215, 46.56
1377332220, 46.52
1377332225, 46.52
1377332230, 46.49
1377332235, 46.52
1377332240, 46.49
1377332245, 46.52
1377332250, 46.56
1377332255, 46.52
1377332260, 46.52
1377332265, 46.56
1377332270, 46.52
1377332275, 46.52
1377332280, 46.52
1377332285, 46.52
1377332290, 46.52
1377332295, 46.52
1377332300, 46.52
1377332305, 46.56
1377332310, 46.52
1377332315, 46.52
1377332320, 46.52
1377332325, 46.52
1377332330, 46.56
1377332335, 46.52
1377332340, 46.52
1377332345, 46.52
1377332350, 46.52
1377332355, 46.52
1377332360, 46.56
1377332365, 46.56
1377332370, 46.52
1377332375, 46.56
1377332380, 46.56
1377332385, 46.52
1377332390, 46.52
1377332395, 46.52
1377332400, 46.56
1377332405, 46.52
1377332410, 46.52
1377332415, 46.52
1377332420, 46.52
1377332425, 46.56
1377332430, 46.52
1377332435, 46.52
1377332440, 46.52
1377332445, 46.52
1377332450, 46.52
1377332455, 46.56
1377332460, 46.56
1377332465, 46.52
1377332470, 46.52
1377332475, 46.56
1377332480, 46.56
1377332485, 46.56
1377332490, 46.56
1377332495, 46.52
1377332500, 46.56
1377332505, 46.56
1377332510, 46.56
1377332515, 46.52
1377332520, 46.56
1377332525, 46.56
1377332530, 46.52
1377332535, 46.52
1377332540, 46.56
1377332545, 46.52
1377332550, 46.56
1377332555, 46.56
1377332560, 46.56
1377332565, 46.56
1377332570, 46.56
1377332575, 46.52
1377332580, 46.56
1377332585, 46.56
1377332590, 46.56
1377332595, 46.56
1377332600, 46.56
1377332605, 46.56
1377332610, 46.56
1377332615, 46.56
1377332620, 46.56
1377332625, 46.56
1377332630, 46.56
1377332635, 46.56
1377332640, 46.56
1377332645, 46.52
1377332650, 46.56
1377332655, 46.56
1377332660, 46.56
1377332665, 46.56
1377332670, 46.56
1377332675, 46.56
1377332680, 46.56
1377332685, 46.56
1377332690, 46.56
1377332695, 46.56
1377332700, 46.56
1377332705, 46.56
1377332710, 46.56
1377332715, 46.56
1377332720, 46.56
1377332725, 46.56
1377332730, 46.56
1377332735, 46.56
1377332740, 46.56
1377332745, 46.56
1377332750, 46.56
1377332755, 46.56
1377332760, 46.56
1377332765, 46.56
1377332770, 46.56
1377332775, 46.56
1377332780, 46.56
1377332785, 46.56
1377332790, 46.56
1377332795, 46.56
1377332800, 46.56
1377332805, 46.56
1377332810, 46.56
1377332815, 46.56
1377332820, 46.56
1377332825, 46.56
1377332830, 46.56
1377332835, 46.56
1377332840, 46.56
1377332845, 46.56
1377332850, 46.56
1377332855, 46.56
1377332860, 46.56
1377332865, 46.56
1377332870, 46.56
1377332875, 46.59
1377332880, 46.56
1377332885, 46.56
1377332890, 46.56
1377332895, 46.56
1377332900, 46.59
1377332905, 46.56
1377332910, 46.56
1377332915, 46.56
1377332920, 46.56
1377332925, 46.56
1377332930, 46.56
1377332935, 46.56
1377332940, 46.56
1377332945, 46.56
1377332950, 46.59
1377332955, 46.59
1377332960, 46.56
1377332965, 46.59
1377332970, 46.59
1377332975, 46.56
1377332980, 46.56
1377332985, 46.56
1377332990, 46.56
1377332995, 46.56
1377333000, 46.56
1377333005, 46.59
1377333010, 46.56
1377333015, 46.59
1377333020, 46.56
1377333025, 46.56
1377333030, 46.59
1377333035, 46.59
1377333040, 46.59
1377333045, 46.56
1377333050, 46.59
1377333055, 46.59
1377333060, 46.59
1377333065, 46.56
1377333070, 46.59
1377333075, 46.56
1377333080, 46.59
1377333085, 46.59
1377333090, 46.56
1377333095, 46.59
1377333100, 46.59
1377333105, 46.59
1377333110, 46.59
1377333115, 46.59
1377333120, 46.59
1377333125, 46.59
1377333130, 46.59
1377333135, 46.62
1377333140, 46.59
1377333145, 46.59
1377333150, 46.59
1377333155, 46.59
1377333160, 46.59
1377333165, 46.62
1377333170, 46.59
1377333175, 46.59
1377333180, 46.59
1377333185, 46.59
1377333190, 46.59
1377333195, 46.59
1377333200, 46.59
1377333205, 46.62
1377333210, 46.59
1377333215, 46.56
1377333220, 46.59
1377333225, 46.59
1377333230, 46.59
1377333235, 46.59
1377333240, 46.59
1377333245, 46.59
1377333250, 46.59
1377333255, 46.59
1377333260, 46.59
1377333265, 46.59
1377333270, 46.59
1377333275, 46.59
1377333280, 46.59
1377333285, 46.62
1377333290, 46.62
1377333295, 46.62
1377333300, 46.62
1377333305, 46.62
1377333310, 46.59
1377333315, 46.59
1377333320, 46.59
1377333325, 46.59
1377333330, 46.59
1377333335, 46.62
1377333340, 46.59
1377333345, 46.62
1377333350, 46.59
1377333355, 46.59
1377333360, 46.62
1377333365, 46.62
1377333370, 46.59
1377333375, 46.62
1377333380, 46.62
1377333385, 46.59
1377333390, 46.59
1377333395, 46.62
1377333400, 46.62
1377333405, 46.59
1377333410, 46.59
1377333415, 46.62
1377333420, 46.62
1377333425, 46.62
1377333430, 46.62
1377333435, 46.62
1377333440, 46.56
1377333445, 46.59
1377333450, 46.62
1377333455, 46.59
1377333460, 46.62
1377333465, 46.62
1377333470, 46.59
1377333475, 46.62
1377333480, 46.62
1377333485, 46.59
1377333490, 46.59
1377333495, 46.62
1377333500, 46.62
1377333505, 46.59
1377333510, 46.59
1377333515, 46.59
1377333520, 46.59
1377333525, 46.62
1377333530, 46.59
1377333535, 46.59
1377333540, 46.59
1377333545, 46.62
1377333550, 46.56
1377333555, 46.62
1377333560, 46.59
1377333565, 46.62
1377333570, 46.59
1377333575, 46.62
1377333580, 46.62
1377333585, 46.59
1377333590, 46.59
1377333595, 46.59
1377333600, 46.59
1377333605, 46.62
1377333610, 46.59
1377333615, 46.59
1377333620, 46.59
1377333625, 46.62
1377333630, 46.59
1377333635, 46.59
1377333640, 46.59
1377333645, 46.59
1377333650, 46.59
1377333655, 46.59
1377333660, 46.62
1377333665, 46.56
1377333670, 46.59
1377333675, 46.59
1377333680, 46.62
1377333685, 46.56
1377333690, 46.56
1377333695, 46.59
1377333700, 46.59
1377333705, 46.59
1377333710, 46.59
1377333715, 46.59
1377333720, 46.59
1377333725, 46.59
1377333730, 46.59
1377333735, 46.59
1377333740, 46.59
1377333745, 46.59
1377333750, 46.56
1377333755, 46.59
1377333760, 46.59
1377333765, 46.59
1377333770, 46.59
1377333775, 46.59
1377333780, 46.59
1377333785, 46.59
1377333790, 46.59
1377333795, 46.56
1377333800, 46.59
1377333805, 46.59
1377333810, 46.56
1377333815, 46.59
1377333820, 46.56
1377333825, 46.59
1377333830, 46.59
1377333835, 46.59
1377333840, 46.59
1377333845, 46.59
1377333850, 46.56
1377333855, 46.59
1377333860, 46.56
1377333865, 46.59
1377333870, 46.59
1377333875, 46.56
1377333880, 46.59
1377333885, 46.59
1377333890, 46.56
1377333895, 46.56
1377333900, 46.59
1377333905, 46.56
1377333910, 46.62
1377333915, 46.59
1377333920, 46.59
1377333925, 46.59
1377333930, 46.59
1377333935, 46.59
1377333940, 46.56
1377333945, 46.59
1377333950, 46.59
1377333955, 46.59
1377333960, 46.56
1377333965, 46.59
1377333970, 46.56
1377333975, 46.59
1377333980, 46.59
1377333985, 46.59
1377333990, 46.59
1377333995, 46.59
1377334000, 46.59
1377334005, 46.56
1377334010, 46.59
1377334015, 46.56
1377334020, 46.56
1377334025, 46.59
1377334030, 46.59
1377334035, 46.59
1377334040, 46.56
1377334045, 46.59
1377334050, 46.59
1377334055, 46.56
1377334060, 46.59
1377334065, 46.59
1377334070, 46.59
1377334075, 46.59
1377334080, 46.59
1377334085, 46.59
1377334090, 46.56
1377334095, 46.59
1377334100, 46.59
1377334105, 46.56
1377334110, 46.59
1377334115, 46.56
1377334120, 46.59
1377334125, 46.59
1377334130, 46.59
1377334135, 46.56
1377334140, 46.59
1377334145, 46.59
1377334150, 46.56
1377334155, 46.59
1377334160, 46.59
1377334165, 46.59
1377334170, 46.59
1377334175, 46.59
1377334180, 46.59
1377334185, 46.59
1377334190, 46.62
1377334195, 46.59
1377334200, 46.59
1377334205, 46.59
1377334210, 46.59
1377334215, 46.56
1377334220, 46.59
1377334225, 46.62
1377334230, 46.56
1377334235, 46.59
1377334240, 46.56
1377334245, 46.59
1377334250, 46.56
1377334255, 46.56
1377334260, 46.56
1377334265, 46.59
1377334270, 46.59
1377334275, 46.59
1377334280, 46.59
1377334285, 46.59
1377334290, 46.59
1377334295, 46.59
1377334300, 46.59
1377334305, 46.59
1377334310, 46.56
1377334315, 46.56
1377334320, 46.56
1377334325, 46.59
1377334330, 46.56
1377334335, 46.59
1377334340, 46.59
1377334345, 46.59
1377334350, 46.59
1377334355, 46.56
1377334360, 46.56
1377334365, 46.56
1377334370, 46.56
1377334375, 46.59
1377334380, 46.59
1377334385, 46.56
1377334390, 46.59
1377334395, 46.56
1377334400, 46.59
1377334405, 46.56
1377334410, 46.59
1377334415, 46.59
1377334420, 46.59
1377334425, 46.56
1377334430, 46.59
1377334435, 46.59
1377334440, 46.56
1377334445, 46.56
1377334450, 46.56
1377334455, 46.59
1377334460, 46.56
1377334465, 46.56
1377334470, 46.59
1377334475, 46.56
1377334480, 46.56
1377334485, 46.56
1377334490, 46.56
1377334495, 46.56
1377334500, 46.56
1377334505, 46.56
1377334510, 46.56
1377334515, 46.56
1377334520, 46.59
1377334525, 46.56
1377334530, 46.56
1377334535, 46.56
1377334540, 46.56
1377334545, 46.56
1377334550, 46.56
1377334555, 46.56
1377334560, 46.56
1377334565, 46.56
1377334570, 46.56
1377334575, 46.56
1377334580, 46.56
1377334585, 46.56
1377334590, 46.56
1377334595, 46.56
1377334600, 46.56
1377334605, 46.56
1377334610, 46.56
1377334615, 46.56
1377334620, 46.56
1377334625, 46.56
1377334630, 46.56
1377334635, 46.56
1377334640, 46.56
1377334645, 46.56
1377334650, 46.56
1377334655, 46.56
1377334660, 46.56
1377334665, 46.56
1377334670, 46.56
1377334675, 46.56
1377334680, 46.56
1377334685, 46.56
1377334690, 46.56
1377334695, 46.56
1377334700, 46.56
1377334705, 46.56
1377334710, 46.56
1377334715, 46.56
1377334720, 46.56
1377334725, 46.56
1377334730, 46.56
1377334735, 46.56
1377334740, 46.56
1377334745, 46.56
1377334750, 46.56
1377334755, 46.56
1377334760, 46.56
1377334765, 46.56
1377334770, 46.56
1377334775, 46.56
1377334780, 46.56
1377334785, 46.56
1377334790, 46.56
1377334795, 46.56
1377334800, 46.56
1377334805, 46.56
1377334810, 46.56
1377334815, 46.56
1377334820, 46.56
1377334825, 46.56
1377334830, 46.56
1377334835, 46.56
1377334840, 46.56
1377334845, 46.56
1377334850, 46.56
1377334855, 46.56
1377334860, 46.56
1377334865, 46.56
1377334870, 46.52
1377334875, 46.56
1377334880, 46.56
1377334885, 46.52
1377334890, 46.56
1377334895, 46.56
1377334900, 46.56
1377334905, 46.56
1377334910, 46.52
1377334915, 46.52
1377334920, 46.52
1377334925, 46.52
1377334930, 46.52
1377334935, 46.52
1377334940, 46.52
1377334945, 46.56
1377334950, 46.52
1377334955, 46.56
1377334960, 46.56
1377334965, 46.56
1377334970, 46.52
1377334975, 46.52
1377334980, 46.52
1377334985, 46.52
1377334990, 46.52
1377334995, 46.52
1377335000, 46.52
1377335005, 46.56
1377335010, 46.52
1377335015, 46.52
1377335020, 46.52
1377335025, 46.52
1377335030, 46.52
1377335035, 46.52
1377335040, 46.52
1377335045, 46.52
1377335050, 46.52
1377335055, 46.52
1377335060, 46.52
1377335065, 46.52
1377335070, 46.56
1377335075, 46.52
1377335080, 46.49
1377335085, 46.52
1377335090, 46.52
1377335095, 46.52
1377335100, 46.56
1377335105, 46.52
1377335110, 46.52
1377335115, 46.52
1377335120, 46.49
1377335125, 46.52
1377335130, 46.52
1377335135, 46.49
1377335140, 46.56
1377335145, 46.49
1377335150, 46.52
1377335155, 46.49
1377335160, 46.49
1377335165, 46.52
1377335170, 46.52
1377335175, 46.52
1377335180, 46.49
1377335185, 46.49
1377335190, 46.52
1377335195, 46.52
1377335200, 46.49
1377335205, 46.52
1377335210, 46.52
1377335215, 46.52
1377335220, 46.52
1377335225, 46.49
1377335230, 46.52
1377335235, 46.49
1377335240, 46.52
1377335245, 46.49
1377335250, 46.52
1377335255, 46.49
1377335260, 46.49
1377335265, 46.49
1377335270, 46.49
1377335275, 46.49
1377335280, 46.52
1377335285, 46.49
1377335290, 46.49
1377335295, 46.49
1377335300, 46.49
1377335305, 46.52
1377335310, 46.49
1377335315, 46.49
1377335320, 46.49
1377335325, 46.49
1377335330, 46.49
1377335335, 46.52
1377335340, 46.49
1377335345, 46.49
1377335350, 46.49
1377335355, 46.49
1377335360, 46.49
1377335365, 46.49
1377335370, 46.49
1377335375, 46.49
1377335380, 46.49
1377335385, 46.49
1377335390, 46.49
1377335395, 46.49
1377335400, 46.49
1377335405, 46.49
1377335410, 46.49
1377335415, 46.49
1377335420, 46.49
1377335425, 46.49
1377335430, 46.49
1377335435, 46.49
1377335440, 46.49
1377335445, 46.49
1377335450, 46.49
1377335455, 46.49
1377335460, 46.49
1377335465, 46.49
1377335470, 46.49
1377335475, 46.49
1377335480, 46.49
1377335485, 46.49
1377335490, 46.49
1377335495, 46.52
1377335500, 46.49
1377335505, 46.49
1377335510, 46.49
1377335515, 46.49
1377335520, 46.49
1377335525, 46.49
1377335530, 46.49
1377335535, 46.49
1377335540, 46.49
1377335545, 46.49
1377335550, 46.49
1377335555, 46.49
1377335560, 46.49
1377335565, 46.49
1377335570, 46.49
1377335575, 46.49
1377335580, 46.49
1377335585, 46.49
1377335590, 46.49
1377335595, 46.49
1377335600, 46.49
1377335605, 46.49
1377335610, 46.49
1377335615, 46.49
1377335620, 46.49
1377335625, 46.49
1377335630, 46.49
1377335635, 46.49
1377335640, 46.49
1377335645, 46.49
1377335650, 46.49
1377335655, 46.49
1377335660, 46.49
1377335665, 46.49
1377335670, 46.49
1377335675, 46.49
1377335680, 46.49
1377335685, 46.52
1377335690, 46.49
1377335695, 46.49
1377335700, 46.49
1377335705, 46.49
1377335710, 46.49
1377335715, 46.49
1377335720, 46.49
1377335725, 46.49
1377335730, 46.49
1377335735, 46.49
1377335740, 46.49
1377335745, 46.49
1377335750, 46.49
1377335755, 46.49
1377335760, 46.49
1377335765, 46.49
1377335770, 46.49
1377335775, 46.49
1377335780, 46.49
1377335785, 46.49
1377335790, 46.49
1377335795, 46.49
1377335800, 46.49
1377335805, 46.49
1377335810, 46.49
1377335815, 46.49
1377335820, 46.49
1377335825, 46.49
1377335830, 46.49
1377335835, 46.49
1377335840, 46.49
1377335845, 46.49
1377335850, 46.49
1377335855, 46.49
1377335860, 46.49
1377335865, 46.52
1377335870, 46.49
1377335875, 46.49
1377335880, 46.49
1377335885, 46.49
1377335890, 46.49
1377335895, 46.49
1377335900, 46.49
1377335905, 46.49
1377335910, 46.49
1377335915, 46.52
1377335920, 46.49
1377335925, 46.49
1377335930, 46.49
1377335935, 46.49
1377335940, 46.49
1377335945, 46.49
1377335950, 46.49
1377335955, 46.52
1377335960, 46.49
1377335965, 46.49
1377335970, 46.49
1377335975, 46.49
1377335980, 46.49
1377335985, 46.49
1377335990, 46.49
1377335995, 46.52
1377336000, 46.49
1377336005, 46.49
1377336010, 46.49
1377336015, 46.49
1377336020, 46.49
1377336025, 46.49
1377336030, 46.49
1377336035, 46.49
1377336040, 46.49
1377336045, 46.49
1377336050, 46.49
1377336055, 46.49
1377336060, 46.49
1377336065, 46.49
1377336070, 46.49
1377336075, 46.49
1377336080, 46.49
1377336085, 46.49
1377336090, 46.49
1377336095, 46.49
1377336100, 46.49
1377336105, 46.49
1377336110, 46.49
1377336115, 46.49
1377336120, 46.49
1377336125, 46.49
1377336130, 46.49
1377336135, 46.49
1377336140, 46.52
1377336145, 46.49
1377336150, 46.49
1377336155, 46.49
1377336160, 46.49
1377336165, 46.49
1377336170, 46.49
1377336175, 46.49
1377336180, 46.49
1377336185, 46.49
1377336190, 46.49
1377336195, 46.49
1377336200, 46.49
1377336205, 46.49
1377336210, 46.49
1377336215, 46.49
1377336220, 46.49
1377336225, 46.49
1377336230, 46.49
1377336235, 46.49
1377336240, 46.49
1377336245, 46.49
1377336250, 46.49
1377336255, 46.52
1377336260, 46.49
1377336265, 46.49
1377336270, 46.49
1377336275, 46.49
1377336280, 46.49
1377336285, 46.49
1377336290, 46.49
1377336295, 46.49
1377336300, 46.49
1377336305, 46.49
1377336310, 46.49
1377336315, 46.49
1377336320, 46.49
1377336325, 46.49
1377336330, 46.49
1377336335, 46.49
1377336340, 46.49
1377336345, 46.49
1377336350, 46.52
1377336355, 46.49
1377336360, 46.49
1377336365, 46.52
1377336370, 46.52
1377336375, 46.49
1377336380, 46.49
1377336385, 46.52
1377336390, 46.49
1377336395, 46.49
1377336400, 46.49
1377336405, 46.49
1377336410, 46.49
1377336415, 46.52
1377336420, 46.49
1377336425, 46.49
1377336430, 46.49
1377336435, 46.49
1377336440, 46.49
1377336445, 46.49
1377336450, 46.49
1377336455, 46.49
1377336460, 46.49
1377336465, 46.49
1377336470, 46.49
1377336475, 46.49
1377336480, 46.49
1377336485, 46.49
1377336490, 46.52
1377336495, 46.52
1377336500, 46.49
1377336505, 46.52
1377336510, 46.52
1377336515, 46.49
1377336520, 46.49
1377336525, 46.52
1377336530, 46.49
1377336535, 46.49
1377336540, 46.49
1377336545, 46.49
1377336550, 46.49
1377336555, 46.49
1377336560, 46.49
1377336565, 46.49
1377336570, 46.49
1377336575, 46.49
1377336580, 46.49
1377336585, 46.49
1377336590, 46.49
1377336595, 46.49
1377336600, 46.49
1377336605, 46.52
1377336610, 46.49
1377336615, 46.49
1377336620, 46.49
1377336625, 46.49
1377336630, 46.52
1377336635, 46.49
1377336640, 46.49
1377336645, 46.49
1377336650, 46.49
1377336655, 46.49
1377336660, 46.49
1377336665, 46.52
1377336670, 46.49
1377336675, 46.49
1377336680, 46.49
1377336685, 46.49
1377336690, 46.49
1377336695, 46.49
1377336700, 46.49
1377336705, 46.49
1377336710, 46.49
1377336715, 46.49
1377336720, 46.52
1377336725, 46.49
1377336730, 46.49
1377336735, 46.49
1377336740, 46.49
1377336745, 46.49
1377336750, 46.49
1377336755, 46.49
1377336760, 46.49
1377336765, 46.49
1377336770, 46.49
1377336775, 46.52
1377336780, 46.49
1377336785, 46.52
1377336790, 46.49
1377336795, 46.52
1377336800, 46.49
1377336805, 46.49
1377336810, 46.49
1377336815, 46.49
1377336820, 46.49
1377336825, 46.49
1377336830, 46.49
1377336835, 46.49
1377336840, 46.52
1377336845, 46.52
1377336850, 46.56
1377336855, 46.49
1377336860, 46.52
1377336865, 46.49
1377336870, 46.49
1377336875, 46.49
1377336880, 46.49
1377336885, 46.52
1377336890, 46.49
1377336895, 46.52
1377336900, 46.52
1377336905, 46.49
1377336910, 46.49
1377336915, 46.49
1377336920, 46.52
1377336925, 46.49
1377336930, 46.49
1377336935, 46.49
1377336940, 46.49
1377336945, 46.52
1377336950, 46.49
1377336955, 46.49
1377336960, 46.49
1377336965, 46.49
1377336970, 46.49
1377336975, 46.49
1377336980, 46.52
1377336985, 46.52
1377336990, 46.49
1377336995, 46.52
1377337000, 46.49
1377337005, 46.49
1377337010, 46.49
1377337015, 46.49
1377337020, 46.49
1377337025, 46.49
1377337030, 46.49
1377337035, 46.49
1377337040, 46.49
1377337045, 46.49
1377337050, 46.49
1377337055, 46.49
1377337060, 46.49
1377337065, 46.49
1377337070, 46.49
1377337075, 46.49
1377337080, 46.52
1377337085, 46.49
1377337090, 46.49
1377337095, 46.49
1377337100, 46.49
1377337105, 46.49
1377337110, 46.49
1377337115, 46.49
1377337120, 46.49
1377337125, 46.49
1377337130, 46.49
1377337135, 46.49
1377337140, 46.49
1377337145, 46.49
1377337150, 46.49
1377337155, 46.49
1377337160, 46.52
1377337165, 46.49
1377337170, 46.49
1377337175, 46.49
1377337180, 46.49
1377337185, 46.49
1377337190, 46.49
1377337195, 46.49
1377337200, 46.49
1377337205, 46.52
1377337210, 46.49
1377337215, 46.49
1377337220, 46.49
1377337225, 46.49
1377337230, 46.49
1377337235, 46.49
1377337240, 46.49
1377337245, 46.49
1377337250, 46.52
1377337255, 46.49
1377337260, 46.49
1377337265, 46.49
1377337270, 46.52
1377337275, 46.49
1377337280, 46.49
1377337285, 46.49
1377337290, 46.49
1377337295, 46.52
1377337300, 46.49
1377337305, 46.49
1377337310, 46.49
1377337315, 46.49
1377337320, 46.49
1377337325, 46.49
1377337330, 46.49
1377337335, 46.49
1377337340, 46.49
1377337345, 46.49
1377337350, 46.49
1377337355, 46.49
1377337360, 46.49
1377337365, 46.49
1377337370, 46.49
1377337375, 46.49
1377337380, 46.49
1377337385, 46.49
1377337390, 46.49
1377337395, 46.52
1377337400, 46.49
1377337405, 46.49
1377337410, 46.49
1377337415, 46.49
1377337420, 46.49
1377337425, 46.49
1377337430, 46.49
1377337435, 46.49
1377337440, 46.49
1377337445, 46.49
1377337450, 46.49
1377337455, 46.49
1377337460, 46.52
1377337465, 46.52
1377337470, 46.49
1377337475, 46.49
1377337480, 46.49
1377337485, 46.49
1377337490, 46.49
1377337495, 46.49
1377337500, 46.49
1377337505, 46.49
1377337510, 46.49
1377337515, 46.49
1377337520, 46.49
1377337525, 46.49
1377337530, 46.49
1377337535, 46.49
1377337540, 46.49
1377337545, 46.49
1377337550, 46.49
1377337555, 46.49
1377337560, 46.49
1377337565, 46.49
1377337570, 46.49
1377337575, 46.49
1377337580, 46.49
1377337585, 46.49
1377337590, 46.52
1377337595, 46.49
1377337600, 46.49
1377337605, 46.49
1377337610, 46.49
1377337615, 46.49
1377337620, 46.49
1377337625, 46.49
1377337630, 46.49
1377337635, 46.49
1377337640, 46.49
1377337645, 46.49
1377337650, 46.49
1377337655, 46.49
1377337660, 46.49
1377337665, 46.49
1377337670, 46.49
1377337675, 46.49
1377337680, 46.49
1377337685, 46.49
1377337690, 46.49
1377337695, 46.49
1377337700, 46.49
1377337705, 46.49
1377337710, 46.49
1377337715, 46.49
1377337720, 46.49
1377337725, 46.49
1377337730, 46.49
1377337735, 46.49
1377337740, 46.49
1377337745, 46.49
1377337750, 46.49
1377337755, 46.49
1377337760, 46.49
1377337765, 46.49
1377337770, 46.49
1377337775, 46.49
1377337780, 46.49
1377337785, 46.49
1377337790, 46.49
1377337795, 46.49
1377337800, 46.49
1377337805, 46.49
1377337810, 46.49
1377337815, 46.49
1377337820, 46.49
1377337825, 46.49
1377337830, 46.49
1377337835, 46.49
1377337840, 46.49
1377337845, 46.49
1377337850, 46.49
1377337855, 46.46
1377337860, 46.49
1377337865, 46.49
1377337870, 46.49
1377337875, 46.49
1377337880, 46.49
1377337885, 46.49
1377337890, 46.46
1377337895, 46.49
1377337900, 46.49
1377337905, 46.49
1377337910, 46.49
1377337915, 46.49
1377337920, 46.49
1377337925, 46.49
1377337930, 46.46
1377337935, 46.49
1377337940, 46.49
1377337945, 46.49
1377337950, 46.49
1377337955, 46.49
1377337960, 46.49
1377337965, 46.49
1377337970, 46.49
1377337975, 46.49
1377337980, 46.49
1377337985, 46.46
1377337990, 46.46
1377337995, 46.49
1377338000, 46.49
1377338005, 46.46
1377338010, 46.46
1377338015, 46.49
1377338020, 46.49
1377338025, 46.49
1377338030, 46.46
1377338035, 46.46
1377338040, 46.49
1377338045, 46.46
1377338050, 46.46
1377338055, 46.46
1377338060, 46.46
1377338065, 46.46
1377338070, 46.46
1377338075, 46.46
1377338080, 46.46
1377338085, 46.46
1377338090, 46.46
1377338095, 46.46
1377338100, 46.46
1377338105, 46.46
1377338110, 46.49
1377338115, 46.46
1377338120, 46.43
1377338125, 46.46
1377338130, 46.46
1377338135, 46.46
1377338140, 46.46
1377338145, 46.46
1377338150, 46.46
1377338155, 46.43
1377338160, 46.43
1377338165, 46.46
1377338170, 46.46
1377338175, 46.46
1377338180, 46.46
1377338185, 46.46
1377338190, 46.46
1377338195, 46.43
1377338200, 46.46
1377338205, 46.43
1377338210, 46.46
1377338215, 46.46
1377338220, 46.46
1377338225, 46.46
1377338230, 46.46
1377338235, 46.43
1377338240, 46.46
1377338245, 46.43
1377338250, 46.46
1377338255, 46.43
1377338260, 46.43
1377338265, 46.43
1377338270, 46.43
1377338275, 46.46
1377338280, 46.43
1377338285, 46.43
1377338290, 46.43
1377338295, 46.43
1377338300, 46.43
1377338305, 46.43
1377338310, 46.43
1377338315, 46.46
1377338320, 46.43
1377338325, 46.43
1377338330, 46.43
1377338335, 46.43
1377338340, 46.43
1377338345, 46.43
1377338350, 46.43
1377338355, 46.43
1377338360, 46.43
1377338365, 46.43
1377338370, 46.43
1377338375, 46.43
1377338380, 46.43
1377338385, 46.43
1377338390, 46.43
1377338395, 46.43
1377338400, 46.43
1377338405, 46.43
1377338410, 46.43
1377338415, 46.43
1377338420, 46.43
1377338425, 46.43
1377338430, 46.43
1377338435, 46.43
1377338440, 46.43
1377338445, 46.46
1377338450, 46.46
1377338455, 46.43
1377338460, 46.43
1377338465, 46.43
1377338470, 46.43
1377338475, 46.43
1377338480, 46.43
1377338485, 46.43
1377338490, 46.43
1377338495, 46.43
1377338500, 46.43
1377338505, 46.43
1377338510, 46.43
1377338515, 46.43
1377338520, 46.43
1377338525, 46.43
1377338530, 46.43
1377338535, 46.43
1377338540, 46.43
1377338545, 46.43
1377338550, 46.43
1377338555, 46.43
1377338560, 46.43
1377338565, 46.43
1377338570, 46.43
1377338575, 46.43
1377338580, 46.43
1377338585, 46.43
1377338590, 46.43
1377338595, 46.43
1377338600, 46.43
1377338605, 46.43
1377338610, 46.43
1377338615, 46.43
1377338620, 46.43
1377338625, 46.43
1377338630, 46.43
1377338635, 46.43
1377338640, 46.43
1377338645, 46.43
1377338650, 46.43
1377338655, 46.43
1377338660, 46.43
1377338665, 46.43
1377338670, 46.43
1377338675, 46.43
1377338680, 46.43
1377338685, 46.43
1377338690, 46.43
1377338695, 46.43
1377338700, 46.43
1377338705, 46.43
1377338710, 46.43
1377338715, 46.43
1377338720, 46.43
1377338725, 46.43
1377338730, 46.43
1377338735, 46.43
1377338740, 46.43
1377338745, 46.43
1377338750, 46.43
1377338755, 46.43
1377338760, 46.43
1377338765, 46.43
1377338770, 46.43
1377338775, 46.43
1377338780, 46.43
1377338785, 46.43
1377338790, 46.43
1377338795, 46.46
1377338800, 46.43
1377338805, 46.43
1377338810, 46.43
1377338815, 46.43
1377338820, 46.43
1377338825, 46.43
1377338830, 46.43
1377338835, 46.43
1377338840, 46.43
1377338845, 46.43
1377338850, 46.43
1377338855, 46.43
1377338860, 46.43
1377338865, 46.43
1377338870, 46.43
1377338875, 46.43
1377338880, 46.43
1377338885, 46.43
1377338890, 46.43
1377338895, 46.43
1377338900, 46.43
1377338905, 46.43
1377338910, 46.43
1377338915, 46.43
1377338920, 46.43
1377338925, 46.43
1377338930, 46.43
1377338935, 46.43
1377338940, 46.43
1377338945, 46.43
1377338950, 46.43
1377338955, 46.43
1377338960, 46.43
1377338965, 46.43
1377338970, 46.43
1377338975, 46.43
1377338980, 46.43
1377338985, 46.43
1377338990, 46.43
1377338995, 46.43
1377339000, 46.43
1377339005, 46.43
1377339010, 46.43
1377339015, 46.43
1377339020, 46.43
1377339025, 46.43
1377339030, 46.43
1377339035, 46.43
1377339040, 46.43
1377339045, 46.43
1377339050, 46.43
1377339055, 46.46
1377339060, 46.43
1377339065, 46.43
1377339070, 46.43
1377339075, 46.43
1377339080, 46.43
1377339085, 46.43
1377339090, 46.43
1377339095, 46.43
1377339100, 46.46
1377339105, 46.43
1377339110, 46.43
1377339115, 46.43
1377339120, 46.43
1377339125, 46.43
1377339130, 46.43
1377339135, 46.43
1377339140, 46.43
1377339145, 46.43
1377339150, 46.43
1377339155, 46.43
1377339160, 46.43
1377339165, 46.43
1377339170, 46.43
1377339175, 46.43
1377339180, 46.43
1377339185, 46.43
1377339190, 46.43
1377339195, 46.43
1377339200, 46.43
1377339205, 46.43
1377339210, 46.43
1377339215, 46.43
1377339220, 46.43
1377339225, 46.43
1377339230, 46.43
1377339235, 46.43
1377339240, 46.43
1377339245, 46.43
1377339250, 46.43
1377339255, 46.43
1377339260, 46.43
1377339265, 46.43
1377339270, 46.43
1377339275, 46.43
1377339280, 46.43
1377339285, 46.43
1377339290, 46.43
1377339295, 46.43
1377339300, 46.43
1377339305, 46.46
1377339310, 46.46
1377339315, 46.43
1377339320, 46.43
1377339325, 46.43
1377339330, 46.43
1377339335, 46.46
1377339340, 46.43
1377339345, 46.43
1377339350, 46.43
1377339355, 46.43
1377339360, 46.43
1377339365, 46.43
1377339370, 46.46
1377339375, 46.43
1377339380, 46.43
1377339385, 46.43
1377339390, 46.43
1377339395, 46.43
1377339400, 46.43
1377339405, 46.43
1377339410, 46.43
1377339415, 46.43
1377339420, 46.43
1377339425, 46.43
1377339430, 46.43
1377339435, 46.43
1377339440, 46.43
1377339445, 46.43
1377339450, 46.43
1377339455, 46.43
1377339460, 46.43
1377339465, 46.43
1377339470, 46.43
1377339475, 46.43
1377339480, 46.46
1377339485, 46.46
1377339490, 46.43
1377339495, 46.43
1377339500, 46.43
1377339505, 46.43
1377339510, 46.43
1377339515, 46.43
1377339520, 46.43
1377339525, 46.43
1377339530, 46.43
1377339535, 46.43
1377339540, 46.43
1377339545, 46.43
1377339550, 46.43
1377339555, 46.43
1377339560, 46.43
1377339565, 46.43
1377339570, 46.43
1377339575, 46.43
1377339580, 46.43
1377339585, 46.43
1377339590, 46.43
1377339595, 46.43
1377339600, 46.43
1377339605, 46.43
1377339610, 46.43
1377339615, 46.43
1377339620, 46.43
1377339625, 46.43
1377339630, 46.43
1377339635, 46.46
1377339640, 46.43
1377339645, 46.43
1377339650, 46.43
1377339655, 46.43
1377339660, 46.43
1377339665, 46.43
1377339670, 46.43
1377339675, 46.43
1377339680, 46.43
1377339685, 46.43
1377339690, 46.43
1377339695, 46.43
1377339700, 46.43
1377339705, 46.43
1377339710, 46.43
1377339715, 46.43
1377339720, 46.43
1377339725, 46.43
1377339730, 46.43
1377339735, 46.43
1377339740, 46.43
1377339745, 46.43
1377339750, 46.43
1377339755, 46.43
1377339760, 46.43
1377339765, 46.43
1377339770, 46.43
1377339775, 46.43
1377339780, 46.43
1377339785, 46.43
1377339790, 46.43
1377339795, 46.43
1377339800, 46.43
1377339805, 46.43
1377339810, 46.43
1377339815, 46.43
1377339820, 46.46
1377339825, 46.43
1377339830, 46.43
1377339835, 46.43
1377339840, 46.43
1377339845, 46.43
1377339850, 46.43
1377339855, 46.43
1377339860, 46.43
1377339865, 46.43
1377339870, 46.43
1377339875, 46.43
1377339880, 46.43
1377339885, 46.43
1377339890, 46.43
1377339895, 46.43
1377339900, 46.43
1377339905, 46.43
1377339910, 46.43
1377339915, 46.43
1377339920, 46.43
1377339925, 46.43
1377339930, 46.43
1377339935, 46.43
1377339940, 46.43
1377339945, 46.43
1377339950, 46.43
1377339955, 46.43
1377339960, 46.43
1377339965, 46.43
1377339970, 46.43
1377339975, 46.43
1377339980, 46.43
1377339985, 46.43
1377339990, 46.43
1377339995, 46.43
1377340000, 46.43
1377340005, 46.43
1377340010, 46.43
1377340015, 46.43
1377340020, 46.43
1377340025, 46.43
1377340030, 46.43
1377340035, 46.43
1377340040, 46.43
1377340045, 46.43
1377340050, 46.43
1377340055, 46.43
1377340060, 46.43
1377340065, 46.43
1377340070, 46.43
1377340075, 46.43
1377340080, 46.43
1377340085, 46.43
1377340090, 46.43
1377340095, 46.43
1377340100, 46.43
1377340105, 46.43
1377340110, 46.43
1377340115, 46.43
1377340120, 46.43
1377340125, 46.43
1377340130, 46.43
1377340135, 46.43
1377340140, 46.43
1377340145, 46.43
1377340150, 46.43
1377340155, 46.43
1377340160, 46.43
1377340165, 46.39
1377340170, 46.43
1377340175, 46.43
1377340180, 46.43
1377340185, 46.43
1377340190, 46.43
1377340195, 46.43
1377340200, 46.43
1377340205, 46.39
1377340210, 46.43
1377340215, 46.43
1377340220, 46.43
1377340225, 46.43
1377340230, 46.43
1377340235, 46.43
1377340240, 46.43
1377340245, 46.43
1377340250, 46.43
1377340255, 46.43
1377340260, 46.43
1377340265, 46.43
1377340270, 46.43
1377340275, 46.43
1377340280, 46.43
1377340285, 46.43
1377340290, 46.43
1377340295, 46.43
1377340300, 46.43
1377340305, 46.43
1377340310, 46.43
1377340315, 46.43
1377340320, 46.43
1377340325, 46.43
1377340330, 46.43
1377340335, 46.43
1377340340, 46.43
1377340345, 46.43
1377340350, 46.43
1377340355, 46.43
1377340360, 46.43
1377340365, 46.43
1377340370, 46.43
1377340375, 46.43
1377340380, 46.43
1377340385, 46.43
1377340390, 46.43
1377340395, 46.43
1377340400, 46.43
1377340405, 46.43
1377340410, 46.43
1377340415, 46.43
1377340420, 46.43
1377340425, 46.43
1377340430, 46.43
1377340435, 46.43
1377340440, 46.43
1377340445, 46.43
1377340450, 46.43
1377340455, 46.43
1377340460, 46.43
1377340465, 46.43
1377340470, 46.43
1377340475, 46.43
1377340480, 46.43
1377340485, 46.43
1377340490, 46.43
1377340495, 46.43
1377340500, 46.39
1377340505, 46.43
1377340510, 46.43
1377340515, 46.43
1377340520, 46.43
1377340525, 46.43
1377340530, 46.43
1377340535, 46.43
1377340540, 46.43
1377340545, 46.43
1377340550, 46.43
1377340555, 46.43
1377340560, 46.43
1377340565, 46.43
1377340570, 46.39
1377340575, 46.43
1377340580, 46.43
1377340585, 46.43
1377340590, 46.43
1377340595, 46.43
1377340600, 46.39
1377340605, 46.43
1377340610, 46.39
1377340615, 46.43
1377340620, 46.43
1377340625, 46.43
1377340630, 46.43
1377340635, 46.43
1377340640, 46.43
1377340645, 46.39
1377340650, 46.43
1377340655, 46.43
1377340660, 46.43
1377340665, 46.39
1377340670, 46.43
1377340675, 46.43
1377340680, 46.36
1377340685, 46.39
1377340690, 46.39
1377340695, 46.43
1377340700, 46.43
1377340705, 46.39
1377340710, 46.39
1377340715, 46.39
1377340720, 46.43
1377340725, 46.43
1377340730, 46.39
1377340735, 46.43
1377340740, 46.39
1377340745, 46.39
1377340750, 46.43
1377340755, 46.39
1377340760, 46.43
1377340765, 46.39
1377340770, 46.39
1377340775, 46.39
1377340780, 46.43
1377340785, 46.39
1377340790, 46.43
1377340795, 46.39
1377340800, 46.43
1377340805, 46.39
1377340810, 46.43
1377340815, 46.39
1377340820, 46.43
1377340825, 46.39
1377340830, 46.39
1377340835, 46.39
1377340840, 46.39
1377340845, 46.39
1377340850, 46.39
1377340855, 46.39
1377340860, 46.43
1377340865, 46.43
1377340870, 46.39
1377340875, 46.39
1377340880, 46.39
1377340885, 46.39
1377340890, 46.39
1377340895, 46.39
1377340900, 46.39
1377340905, 46.39
1377340910, 46.43
1377340915, 46.43
1377340920, 46.39
1377340925, 46.39
1377340930, 46.43
1377340935, 46.39
1377340940, 46.43
1377340945, 46.43
1377340950, 46.39
1377340955, 46.39
1377340960, 46.43
1377340965, 46.39
1377340970, 46.43
1377340975, 46.43
1377340980, 46.39
1377340985, 46.43
1377340990, 46.39
1377340995, 46.39
1377341000, 46.43
1377341005, 46.39
1377341010, 46.43
1377341015, 46.43
1377341020, 46.43
1377341025, 46.43
1377341030, 46.39
1377341035, 46.43
1377341040, 46.43
1377341045, 46.43
1377341050, 46.39
1377341055, 46.43
1377341060, 46.43
1377341065, 46.43
1377341070, 46.43
1377341075, 46.43
1377341080, 46.43
1377341085, 46.43
1377341090, 46.43
1377341095, 46.43
1377341100, 46.43
1377341105, 46.43
1377341110, 46.43
1377341115, 46.43
1377341120, 46.43
1377341125, 46.43
1377341130, 46.43
1377341135, 46.39
1377341140, 46.43
1377341145, 46.39
1377341150, 46.43
1377341155, 46.43
1377341160, 46.43
1377341165, 46.43
1377341170, 46.43
1377341175, 46.43
1377341180, 46.43
1377341185, 46.43
1377341190, 46.39
1377341195, 46.43
1377341200, 46.39
1377341205, 46.43
1377341210, 46.43
1377341215, 46.43
1377341220, 46.43
1377341225, 46.43
1377341230, 46.43
1377341235, 46.43
1377341240, 46.43
1377341245, 46.39
1377341250, 46.39
1377341255, 46.43
1377341260, 46.43
1377341265, 46.39
1377341270, 46.43
1377341275, 46.43
1377341280, 46.43
1377341285, 46.43
1377341290, 46.43
1377341295, 46.43
1377341300, 46.43
1377341305, 46.43
1377341310, 46.43
1377341315, 46.43
1377341320, 46.43
1377341325, 46.43
1377341330, 46.43
1377341335, 46.43
1377341340, 46.43
1377341345, 46.43
1377341350, 46.43
1377341355, 46.43
1377341360, 46.43
1377341365, 46.43
1377341370, 46.43
1377341375, 46.43
1377341380, 46.43
1377341385, 46.43
1377341390, 46.43
1377341395, 46.43
1377341400, 46.43
1377341405, 46.43
1377341410, 46.43
1377341415, 46.43
1377341420, 46.43
1377341425, 46.43
1377341430, 46.43
1377341435, 46.43
1377341440, 46.43
1377341445, 46.43
1377341450, 46.43
1377341455, 46.43
1377341460, 46.43
1377341465, 46.43
1377341470, 46.43
1377341475, 46.43
1377341480, 46.43
1377341485, 46.43
1377341490, 46.43
1377341495, 46.43
1377341500, 46.43
1377341505, 46.43
1377341510, 46.43
1377341515, 46.43
1377341520, 46.43
1377341525, 46.43
1377341530, 46.43
1377341535, 46.43
1377341540, 46.43
1377341545, 46.43
1377341550, 46.43
1377341555, 46.43
1377341560, 46.43
1377341565, 46.43
1377341570, 46.43
1377341575, 46.43
1377341580, 46.39
1377341585, 46.43
1377341590, 46.43
1377341595, 46.43
1377341600, 46.43
1377341605, 46.43
1377341610, 46.43
1377341615, 46.43
1377341620, 46.43
1377341625, 46.43
1377341630, 46.43
1377341635, 46.43
1377341640, 46.43
1377341645, 46.43
1377341650, 46.43
1377341655, 46.43
1377341660, 46.43
1377341665, 46.43
1377341670, 46.43
1377341675, 46.43
1377341680, 46.43
1377341685, 46.39
1377341690, 46.39
1377341695, 46.39
1377341700, 46.43
1377341705, 46.39
1377341710, 46.43
1377341715, 46.39
1377341720, 46.43
1377341725, 46.43
1377341730, 46.39
1377341735, 46.39
1377341740, 46.39
1377341745, 46.39
1377341750, 46.43
1377341755, 46.39
1377341760, 46.39
1377341765, 46.39
1377341770, 46.39
1377341775, 46.39
1377341780, 46.39
1377341785, 46.39
1377341790, 46.39
1377341795, 46.39
1377341800, 46.39
1377341805, 46.36
1377341810, 46.39
1377341815, 46.36
1377341820, 46.39
1377341825, 46.39
1377341830, 46.39
1377341835, 46.39
1377341840, 46.39
1377341845, 46.39
1377341850, 46.39
1377341855, 46.39
1377341860, 46.39
1377341865, 46.39
1377341870, 46.39
1377341875, 46.39
1377341880, 46.39
1377341885, 46.39
1377341890, 46.39
1377341895, 46.39
1377341900, 46.39
1377341905, 46.36
1377341910, 46.36
1377341915, 46.39
1377341920, 46.43
1377341925, 46.39
1377341930, 46.36
1377341935, 46.36
1377341940, 46.39
1377341945, 46.39
1377341950, 46.36
1377341955, 46.36
1377341960, 46.36
1377341965, 46.36
1377341970, 46.39
1377341975, 46.39
1377341980, 46.36
1377341985, 46.39
1377341990, 46.39
1377341995, 46.39
1377342000, 46.39
1377342005, 46.39
1377342010, 46.39
1377342015, 46.39
1377342020, 46.36
1377342025, 46.39
1377342030, 46.39
1377342035, 46.39
1377342040, 46.43
1377342045, 46.39
1377342050, 46.43
1377342055, 46.39
1377342060, 46.39
1377342065, 46.39
1377342070, 46.39
1377342075, 46.39
1377342080, 46.39
1377342085, 46.39
1377342090, 46.39
1377342095, 46.43
1377342100, 46.39
1377342105, 46.39
1377342110, 46.39
1377342115, 46.39
1377342120, 46.39
1377342125, 46.43
1377342130, 46.39
1377342135, 46.43
1377342140, 46.43
1377342145, 46.43
1377342150, 46.43
1377342155, 46.43
1377342160, 46.39
1377342165, 46.43
1377342170, 46.39
1377342175, 46.43
1377342180, 46.43
1377342185, 46.39
1377342190, 46.39
1377342195, 46.43
1377342200, 46.43
1377342205, 46.39
1377342210, 46.43
1377342215, 46.43
1377342220, 46.43
1377342225, 46.43
1377342230, 46.43
1377342235, 46.43
1377342240, 46.43
1377342245, 46.43
1377342250, 46.43
1377342255, 46.43
1377342260, 46.43
1377342265, 46.39
1377342270, 46.43
1377342275, 46.43
1377342280, 46.43
1377342285, 46.43
1377342290, 46.43
1377342295, 46.43
1377342300, 46.43
1377342305, 46.43
1377342310, 46.43
1377342315, 46.43
1377342320, 46.43
1377342325, 46.43
1377342330, 46.43
1377342335, 46.43
1377342340, 46.43
1377342345, 46.43
1377342350, 46.43
1377342355, 46.39
1377342360, 46.43
1377342365, 46.43
1377342370, 46.43
1377342375, 46.43
1377342380, 46.43
1377342385, 46.43
1377342390, 46.39
1377342395, 46.43
1377342400, 46.43
1377342405, 46.43
1377342410, 46.43
1377342415, 46.43
1377342420, 46.43
1377342425, 46.43
1377342430, 46.43
1377342435, 46.43
1377342440, 46.43
1377342445, 46.43
1377342450, 46.43
1377342455, 46.43
1377342460, 46.43
1377342465, 46.43
1377342470, 46.43
1377342475, 46.43
1377342480, 46.43
1377342485, 46.43
1377342490, 46.43
1377342495, 46.43
1377342500, 46.43
1377342505, 46.43
1377342510, 46.43
1377342515, 46.43
1377342520, 46.43
1377342525, 46.43
1377342530, 46.43
1377342535, 46.43
1377342540, 46.43
1377342545, 46.43
1377342550, 46.43
1377342555, 46.43
1377342560, 46.43
1377342565, 46.43
1377342570, 46.43
1377342575, 46.43
1377342580, 46.43
1377342585, 46.43
1377342590, 46.43
1377342595, 46.43
1377342600, 46.43
1377342605, 46.43
1377342610, 46.43
1377342615, 46.43
1377342620, 46.43
1377342625, 46.43
1377342630, 46.43
1377342635, 46.43
1377342640, 46.43
1377342645, 46.43
1377342650, 46.43
1377342655, 46.43
1377342660, 46.43
1377342665, 46.43
1377342670, 46.43
1377342675, 46.43
1377342680, 46.43
1377342685, 46.43
1377342690, 46.43
1377342695, 46.43
1377342700, 46.43
1377342705, 46.43
1377342710, 46.43
1377342715, 46.43
1377342720, 46.43
1377342725, 46.43
1377342730, 46.43
1377342735, 46.43
1377342740, 46.43
1377342745, 46.43
1377342750, 46.43
1377342755, 46.43
1377342760, 46.43
1377342765, 46.43
1377342770, 46.46
1377342775, 46.43
1377342780, 46.43
1377342785, 46.43
1377342790, 46.43
1377342795, 46.43
1377342800, 46.43
1377342805, 46.43
1377342810, 46.43
1377342815, 46.43
1377342820, 46.43
1377342825, 46.43
1377342830, 46.46
1377342835, 46.43
1377342840, 46.46
1377342845, 46.43
1377342850, 46.43
1377342855, 46.43
1377342860, 46.43
1377342865, 46.43
1377342870, 46.43
1377342875, 46.43
1377342880, 46.46
1377342885, 46.43
1377342890, 46.43
1377342895, 46.43
1377342900, 46.46
1377342905, 46.43
1377342910, 46.43
1377342915, 46.43
1377342920, 46.43
1377342925, 46.43
1377342930, 46.43
1377342935, 46.43
1377342940, 46.43
1377342945, 46.43
1377342950, 46.43
1377342955, 46.43
1377342960, 46.43
1377342965, 46.43
1377342970, 46.43
1377342975, 46.46
1377342980, 46.43
1377342985, 46.43
1377342990, 46.43
1377342995, 46.43
1377343000, 46.43
1377343005, 46.43
1377343010, 46.43
1377343015, 46.43
1377343020, 46.43
1377343025, 46.43
1377343030, 46.43
1377343035, 46.43
1377343040, 46.43
1377343045, 46.43
1377343050, 46.46
1377343055, 46.46
1377343060, 46.43
1377343065, 46.43
1377343070, 46.46
1377343075, 46.43
1377343080, 46.43
1377343085, 46.43
1377343090, 46.43
1377343095, 46.43
1377343100, 46.43
1377343105, 46.43
1377343110, 46.43
1377343115, 46.43
1377343120, 46.43
1377343125, 46.43
1377343130, 46.43
1377343135, 46.43
1377343140, 46.46
1377343145, 46.43
1377343150, 46.43
1377343155, 46.43
1377343160, 46.43
1377343165, 46.43
1377343170, 46.43
1377343175, 46.46
1377343180, 46.43
1377343185, 46.43
1377343190, 46.46
1377343195, 46.43
1377343200, 46.43
1377343205, 46.43
1377343210, 46.43
1377343215, 46.43
1377343220, 46.46
1377343225, 46.46
1377343230, 46.43
1377343235, 46.43
1377343240, 46.46
1377343245, 46.43
1377343250, 46.43
1377343255, 46.43
1377343260, 46.43
1377343265, 46.43
1377343270, 46.43
1377343275, 46.43
1377343280, 46.43
1377343285, 46.43
1377343290, 46.43
1377343295, 46.46
1377343300, 46.43
1377343305, 46.46
1377343310, 46.46
1377343315, 46.43
1377343320, 46.43
1377343325, 46.43
1377343330, 46.43
1377343335, 46.43
1377343340, 46.46
1377343345, 46.46
1377343350, 46.43
1377343355, 46.46
1377343360, 46.43
1377343365, 46.43
1377343370, 46.43
1377343375, 46.46
1377343380, 46.43
1377343385, 46.43
1377343390, 46.46
1377343395, 46.43
1377343400, 46.46
1377343405, 46.43
1377343410, 46.46
1377343415, 46.46
1377343420, 46.43
1377343425, 46.46
1377343430, 46.46
1377343435, 46.43
1377343440, 46.43
1377343445, 46.43
1377343450, 46.43
1377343455, 46.46
1377343460, 46.43
1377343465, 46.43
1377343470, 46.43
1377343475, 46.43
1377343480, 46.43
1377343485, 46.46
1377343490, 46.46
1377343495, 46.43
1377343500, 46.43
1377343505, 46.46
1377343510, 46.43
1377343515, 46.43
1377343520, 46.43
1377343525, 46.43
1377343530, 46.43
1377343535, 46.46
1377343540, 46.46
1377343545, 46.46
1377343550, 46.46
1377343555, 46.46
1377343560, 46.46
1377343565, 46.43
1377343570, 46.46
1377343575, 46.43
1377343580, 46.43
1377343585, 46.46
1377343590, 46.43
1377343595, 46.43
1377343600, 46.46
1377343605, 46.46
1377343610, 46.46
1377343615, 46.46
1377343620, 46.46
1377343625, 46.46
1377343630, 46.43
1377343635, 46.46
1377343640, 46.43
1377343645, 46.46
1377343650, 46.43
1377343655, 46.46
1377343660, 46.46
1377343665, 46.46
1377343670, 46.46
1377343675, 46.46
1377343680, 46.46
1377343685, 46.46
1377343690, 46.46
1377343695, 46.49
1377343700, 46.46
1377343705, 46.46
1377343710, 46.46
1377343715, 46.46
1377343720, 46.46
1377343725, 46.46
1377343730, 46.46
1377343735, 46.49
1377343740, 46.49
1377343745, 46.46
1377343750, 46.46
1377343755, 46.46
1377343760, 46.46
1377343765, 46.49
1377343770, 46.49
1377343775, 46.46
1377343780, 46.46
1377343785, 46.49
1377343790, 46.46
1377343795, 46.46
1377343800, 46.46
1377343805, 46.49
1377343810, 46.49
1377343815, 46.49
1377343820, 46.46
1377343825, 46.46
1377343830, 46.46
1377343835, 46.49
1377343840, 46.46
1377343845, 46.49
1377343850, 46.46
1377343855, 46.46
1377343860, 46.46
1377343865, 46.46
1377343870, 46.49
1377343875, 46.46
1377343880, 46.46
1377343885, 46.49
1377343889, 46.49
1377343895, 46.49
1377343900, 46.46
1377343905, 46.49
1377343910, 46.46
1377343915, 46.49
1377343920, 46.46
1377343925, 46.46
1377343930, 46.49
1377343935, 46.49
1377343940, 46.46
1377343945, 46.49
1377343950, 46.49
1377343955, 46.46
1377343960, 46.46
1377343965, 46.46
1377343970, 46.46
1377343975, 46.49
1377343980, 46.49
1377343985, 46.49
1377343990, 46.49
1377343995, 46.49
1377344000, 46.49
1377344005, 46.49
1377344010, 46.49
1377344015, 46.46
1377344020, 46.49
1377344025, 46.49
1377344030, 46.49
1377344035, 46.49
1377344040, 46.49
1377344045, 46.49
1377344050, 46.49
1377344055, 46.49
1377344060, 46.49
1377344065, 46.49
1377344070, 46.49
1377344075, 46.49
1377344080, 46.49
1377344085, 46.49
1377344090, 46.49
1377344095, 46.49
1377344100, 46.49
1377344105, 46.49
1377344110, 46.49
1377344115, 46.49
1377344120, 46.49
1377344125, 46.49
1377344130, 46.49
1377344135, 46.49
1377344140, 46.49
1377344145, 46.49
1377344150, 46.49
1377344155, 46.49
1377344160, 46.49
1377344165, 46.49
1377344170, 46.49
1377344175, 46.49
1377344180, 46.49
1377344185, 46.49
1377344190, 46.49
1377344195, 46.49
1377344200, 46.49
1377344205, 46.49
1377344210, 46.49
1377344215, 46.49
1377344220, 46.52
1377344225, 46.49
1377344230, 46.49
1377344235, 46.49
1377344240, 46.49
1377344245, 46.52
1377344250, 46.49
1377344255, 46.49
1377344260, 46.49
1377344265, 46.49
1377344270, 46.52
1377344275, 46.49
1377344280, 46.49
1377344285, 46.49
1377344290, 46.49
1377344295, 46.52
1377344300, 46.49
1377344305, 46.49
1377344310, 46.49
1377344315, 46.49
1377344320, 46.49
1377344325, 46.52
1377344330, 46.49
1377344335, 46.49
1377344340, 46.49
1377344345, 46.49
1377344350, 46.52
1377344355, 46.52
1377344360, 46.49
1377344365, 46.49
1377344370, 46.49
1377344375, 46.52
1377344380, 46.52
1377344385, 46.49
1377344390, 46.52
1377344395, 46.52
1377344400, 46.49
1377344405, 46.52
1377344410, 46.52
1377344415, 46.49
1377344420, 46.52
1377344425, 46.49
1377344430, 46.52
1377344435, 46.49
1377344440, 46.52
1377344445, 46.52
1377344450, 46.52
1377344455, 46.52
1377344460, 46.52
1377344465, 46.52
1377344470, 46.49
1377344475, 46.52
1377344480, 46.52
1377344485, 46.52
1377344490, 46.52
1377344495, 46.52
1377344500, 46.52
1377344505, 46.52
1377344510, 46.52
1377344515, 46.52
1377344520, 46.49
1377344525, 46.52
1377344530, 46.52
1377344535, 46.49
1377344540, 46.52
1377344544, 46.56
1377344550, 46.52
1377344555, 46.49
1377344560, 46.52
1377344565, 46.56
1377344570, 46.56
1377344575, 46.52
1377344580, 46.56
1377344585, 46.52
1377344590, 46.52
1377344595, 46.52
1377344600, 46.52
1377344605, 46.56
1377344610, 46.56
1377344615, 46.56
1377344620, 46.52
1377344625, 46.52
1377344630, 46.52
1377344635, 46.52
1377344640, 46.56
1377344645, 46.52
1377344650, 46.52
1377344655, 46.52
1377344660, 46.52
1377344665, 46.56
1377344670, 46.52
1377344675, 46.52
1377344680, 46.52
1377344685, 46.52
1377344690, 46.56
1377344695, 46.56
1377344700, 46.56
1377344705, 46.56
1377344710, 46.56
1377344715, 46.56
1377344720, 46.56
1377344725, 46.52
1377344730, 46.56
1377344735, 46.56
1377344740, 46.56
1377344745, 46.56
1377344750, 46.56
1377344755, 46.56
1377344760, 46.56
1377344765, 46.56
1377344770, 46.56
1377344775, 46.56
1377344780, 46.56
1377344785, 46.56
1377344790, 46.56
1377344795, 46.56
1377344800, 46.56
1377344805, 46.56
1377344810, 46.56
1377344815, 46.56
1377344820, 46.56
1377344825, 46.56
1377344830, 46.56
1377344835, 46.56
1377344840, 46.56
1377344844, 46.56
1377344850, 46.56
1377344855, 46.56
1377344860, 46.56
1377344865, 46.56
1377344870, 46.56
1377344875, 46.56
1377344880, 46.56
1377344885, 46.56
1377344890, 46.56
1377344895, 46.52
1377344899, 46.56
1377344905, 46.56
1377344910, 46.56
1377344915, 46.56
1377344920, 46.56
1377344925, 46.56
1377344930, 46.56
1377344935, 46.56
1377344940, 46.56
1377344945, 46.56
1377344950, 46.56
1377344955, 46.56
1377344960, 46.56
1377344965, 46.56
1377344970, 46.56
1377344975, 46.56
1377344980, 46.56
1377344985, 46.56
1377344990, 46.56
1377344995, 46.56
1377345000, 46.56
1377345005, 46.56
1377345010, 46.56
1377345015, 46.56
1377345020, 46.56
1377345025, 46.56
1377345030, 46.56
1377345035, 46.56
1377345040, 46.56
1377345045, 46.56
1377345050, 46.56
1377345055, 46.56
1377345060, 46.56
1377345065, 46.56
1377345070, 46.56
1377345075, 46.56
1377345080, 46.56
1377345085, 46.56
1377345090, 46.56
1377345095, 46.56
1377345100, 46.56
1377345105, 46.59
1377345110, 46.56
1377345115, 46.56
1377345120, 46.56
1377345125, 46.56
1377345130, 46.56
1377345135, 46.56
1377345140, 46.56
1377345145, 46.59
1377345150, 46.56
1377345155, 46.56
1377345160, 46.56
1377345165, 46.56
1377345170, 46.56
1377345175, 46.56
1377345180, 46.56
1377345185, 46.59
1377345190, 46.56
1377345195, 46.59
1377345200, 46.56
1377345205, 46.56
1377345210, 46.56
1377345215, 46.56
1377345220, 46.56
1377345225, 46.59
1377345230, 46.56
1377345235, 46.56
1377345240, 46.56
1377345245, 46.56
1377345250, 46.56
1377345255, 46.56
1377345260, 46.56
1377345265, 46.59
1377345270, 46.56
1377345275, 46.56
1377345280, 46.56
1377345285, 46.59
1377345290, 46.59
1377345295, 46.56
1377345300, 46.59
1377345305, 46.56
1377345310, 46.56
1377345315, 46.59
1377345320, 46.59
1377345325, 46.56
1377345330, 46.56
1377345335, 46.56
1377345340, 46.56
1377345345, 46.59
1377345350, 46.59
1377345355, 46.59
1377345360, 46.59
1377345365, 46.59
1377345370, 46.59
1377345375, 46.59
1377345380, 46.59
1377345385, 46.59
1377345390, 46.59
1377345395, 46.62
1377345400, 46.56
1377345405, 46.59
1377345410, 46.59
1377345415, 46.59
1377345420, 46.59
1377345425, 46.59
1377345430, 46.59
1377345435, 46.62
1377345440, 46.62
1377345445, 46.59
1377345450, 46.59
1377345455, 46.59
1377345460, 46.59
1377345465, 46.59
1377345470, 46.59
1377345475, 46.59
1377345480, 46.59
1377345485, 46.59
1377345490, 46.59
1377345495, 46.59
1377345500, 46.59
1377345505, 46.59
1377345510, 46.59
1377345515, 46.62
1377345520, 46.59
1377345525, 46.59
1377345530, 46.62
1377345535, 46.59
1377345540, 46.59
1377345545, 46.62
1377345550, 46.59
1377345555, 46.62
1377345560, 46.62
1377345565, 46.59
1377345570, 46.62
1377345575, 46.59
1377345580, 46.62
1377345585, 46.62
1377345590, 46.62
1377345595, 46.59
1377345599, 46.59
1377345605, 46.59
1377345610, 46.59
1377345615, 46.59
1377345620, 46.62
1377345625, 46.62
1377345630, 46.62
1377345635, 46.59
1377345640, 46.62
1377345645, 46.59
1377345650, 46.59
1377345655, 46.62
1377345660, 46.59
1377345665, 46.62
1377345670, 46.62
1377345675, 46.62
1377345680, 46.62
1377345685, 46.62
1377345690, 46.62
1377345695, 46.59
1377345700, 46.59
1377345705, 46.62
1377345710, 46.62
1377345715, 46.62
1377345720, 46.62
1377345725, 46.62
1377345730, 46.62
1377345735, 46.62
1377345739, 46.62
1377345745, 46.62
1377345750, 46.62
1377345755, 46.62
1377345760, 46.62
1377345765, 46.62
1377345770, 46.62
1377345775, 46.62
1377345780, 46.59
1377345785, 46.59
1377345790, 46.62
1377345795, 46.62
1377345800, 46.62
1377345805, 46.62
1377345810, 46.62
1377345815, 46.62
1377345820, 46.62
1377345825, 46.59
1377345830, 46.59
1377345835, 46.59
1377345840, 46.62
1377345845, 46.59
1377345850, 46.62
1377345855, 46.62
1377345860, 46.62
1377345865, 46.62
1377345870, 46.62
1377345875, 46.62
1377345880, 46.62
1377345885, 46.62
1377345890, 46.62
1377345895, 46.62
1377345900, 46.62
1377345905, 46.62
1377345910, 46.62
1377345915, 46.62
1377345920, 46.62
1377345925, 46.62
1377345930, 46.62
1377345935, 46.62
1377345940, 46.62
1377345945, 46.62
1377345950, 46.62
1377345955, 46.62
1377345960, 46.62
1377345965, 46.62
1377345970, 46.62
1377345975, 46.62
1377345980, 46.62
1377345985, 46.62
1377345990, 46.62
1377345995, 46.62
1377346000, 46.62
1377346005, 46.62
1377346010, 46.62
1377346015, 46.62
1377346020, 46.62
1377346025, 46.62
1377346030, 46.62
1377346035, 46.62
1377346040, 46.62
1377346045, 46.62
1377346050, 46.62
1377346055, 46.62
1377346060, 46.62
1377346065, 46.62
1377346070, 46.62
1377346075, 46.62
1377346080, 46.62
1377346085, 46.62
1377346090, 46.62
1377346095, 46.62
1377346100, 46.62
1377346105, 46.62
1377346110, 46.62
1377346115, 46.62
1377346120, 46.62
1377346125, 46.62
1377346130, 46.62
1377346135, 46.62
1377346140, 46.62
1377346145, 46.62
1377346150, 46.62
1377346155, 46.62
1377346160, 46.62
1377346165, 46.62
1377346170, 46.62
1377346175, 46.62
1377346180, 46.62
1377346185, 46.62
1377346190, 46.62
1377346195, 46.66
1377346200, 46.62
1377346205, 46.62
1377346210, 46.62
1377346215, 46.62
1377346220, 46.62
1377346224, 46.66
1377346230, 46.62
1377346235, 46.62
1377346240, 46.62
1377346245, 46.62
1377346250, 46.62
1377346255, 46.62
1377346260, 46.62
1377346265, 46.62
1377346270, 46.62
1377346275, 46.62
1377346280, 46.62
1377346285, 46.62
1377346290, 46.62
1377346295, 46.62
1377346300, 46.62
1377346305, 46.62
1377346309, 46.66
1377346315, 46.62
1377346320, 46.62
1377346324, 46.62
1377346329, 46.66
1377346335, 46.62
1377346340, 46.62
1377346345, 46.62
1377346350, 46.62
1377346355, 46.62
1377346360, 46.62
1377346365, 46.62
1377346370, 46.62
1377346375, 46.62
1377346379, 46.62
1377346385, 46.66
1377346390, 46.62
1377346395, 46.62
1377346400, 46.66
1377346404, 46.62
1377346409, 46.62
1377346415, 46.62
1377346420, 46.62
1377346425, 46.66
1377346430, 46.62
1377346434, 46.62
1377346440, 46.62
1377346445, 46.62
1377346450, 46.62
1377346455, 46.62
1377346459, 46.62
1377346464, 46.62
1377346470, 46.62
1377346475, 46.62
1377346480, 46.62
1377346485, 46.62
1377346490, 46.62
1377346494, 46.62
1377346500, 46.62
1377346505, 46.62
1377346510, 46.62
1377346514, 46.62
1377346519, 46.62
1377346525, 46.62
1377346530, 46.62
1377346534, 46.62
1377346539, 46.62
1377346544, 46.62
1377346550, 46.62
1377346555, 46.62
1377346559, 46.62
1377346564, 46.62
1377346570, 46.62
1377346575, 46.62
1377346580, 46.62
1377346585, 46.62
1377346589, 46.62
1377346594, 46.62
1377346600, 46.66
1377346605, 46.62
1377346609, 46.62
1377346614, 46.62
1377346620, 46.62
1377346625, 46.66
1377346630, 46.62
1377346634, 46.66
1377346640, 46.62
1377346644, 46.62
1377346649, 46.62
1377346654, 46.66
1377346660, 46.62
1377346665, 46.62
1377346670, 46.62
1377346675, 46.62
1377346679, 46.62
1377346684, 46.62
1377346689, 46.66
1377346694, 46.62
1377346699, 46.62
1377346704, 46.62
1377346710, 46.62
1377346715, 46.62
1377346719, 46.62
1377346724, 46.62
1377346729, 46.62
1377346735, 46.62
1377346739, 46.62
1377346744, 46.62
1377346749, 46.62
1377346755, 46.62
1377346759, 46.66
1377346764, 46.62
1377346769, 46.62
1377346774, 46.62
1377346780, 46.62
1377346784, 46.62
1377346790, 46.62
1377346794, 46.62
1377346800, 46.62
1377346805, 46.62
1377346809, 46.62
1377346814, 46.62
1377346819, 46.62
1377346825, 46.62
1377346829, 46.62
1377346834, 46.62
1377346839, 46.62
1377346844, 46.62
1377346850, 46.62
1377346855, 46.62
1377346860, 46.62
1377346864, 46.62
1377346869, 46.62
1377346874, 46.62
1377346879, 46.62
1377346884, 46.62
1377346889, 46.62
1377346894, 46.62
1377346900, 46.62
1377346904, 46.62
1377346909, 46.62
1377346914, 46.62
1377346920, 46.62
1377346924, 46.62
1377346929, 46.62
1377346934, 46.62
1377346939, 46.62
1377346944, 46.62
1377346949, 46.62
1377346954, 46.62
1377346959, 46.62
1377346964, 46.62
1377346969, 46.62
1377346974, 46.62
1377346979, 46.62
1377346984, 46.66
1377346989, 46.62
1377346994, 46.62
1377346999, 46.62
1377347004, 46.62
1377347009, 46.66
1377347014, 46.62
1377347019, 46.66
1377347024, 46.62
1377347029, 46.62
1377347034, 46.62
1377347039, 46.62
1377347044, 46.62
1377347049, 46.62
1377347054, 46.62
1377347059, 46.62
1377347064, 46.62
1377347069, 46.62
1377347074, 46.62
1377347079, 46.62
1377347084, 46.66
1377347089, 46.62
1377347094, 46.66
1377347099, 46.66
1377347104, 46.66
1377347109, 46.62
1377347114, 46.62
1377347119, 46.62
1377347124, 46.62
1377347129, 46.62
1377347134, 46.62
1377347139, 46.66
1377347144, 46.66
1377347149, 46.62
1377347154, 46.66
1377347159, 46.66
1377347164, 46.62
1377347169, 46.62
1377347174, 46.62
1377347179, 46.62
1377347184, 46.62
1377347189, 46.66
1377347194, 46.66
1377347199, 46.62
1377347204, 46.66
1377347209, 46.66
1377347214, 46.66
1377347219, 46.66
1377347224, 46.62
1377347229, 46.66
1377347234, 46.62
1377347239, 46.62
1377347244, 46.62
1377347249, 46.66
1377347254, 46.66
1377347259, 46.62
1377347264, 46.66
1377347269, 46.66
1377347274, 46.66
1377347279, 46.62
1377347284, 46.66
1377347289, 46.66
1377347294, 46.66
1377347299, 46.66
1377347304, 46.66
1377347309, 46.66
1377347314, 46.66
1377347319, 46.66
1377347324, 46.66
1377347329, 46.62
1377347334, 46.66
1377347339, 46.66
1377347344, 46.66
1377347349, 46.66
1377347354, 46.66
1377347359, 46.66
1377347364, 46.66
1377347369, 46.69
1377347374, 46.66
1377347379, 46.66
1377347384, 46.66
1377347389, 46.66
1377347394, 46.69
1377347399, 46.66
1377347404, 46.69
1377347409, 46.66
1377347414, 46.66
1377347419, 46.69
1377347424, 46.66
1377347429, 46.66
1377347434, 46.66
1377347439, 46.69
1377347444, 46.69
1377347449, 46.69
1377347454, 46.62
1377347459, 46.69
1377347464, 46.69
1377347469, 46.66
1377347474, 46.66
1377347479, 46.66
1377347484, 46.66
1377347489, 46.69
1377347494, 46.66
1377347499, 46.66
1377347504, 46.66
1377347509, 46.66
1377347514, 46.69
1377347519, 46.69
1377347524, 46.66
1377347529, 46.69
1377347534, 46.69
1377347539, 46.69
1377347544, 46.69
1377347549, 46.69
1377347554, 46.66
1377347559, 46.69
1377347564, 46.66
1377347569, 46.66
1377347574, 46.69
1377347579, 46.69
1377347584, 46.69
1377347589, 46.69
1377347594, 46.69
1377347599, 46.69
1377347604, 46.69
1377347609, 46.69
1377347614, 46.69
1377347619, 46.69
1377347624, 46.69
1377347629, 46.69
1377347634, 46.69
1377347639, 46.66
1377347644, 46.69
1377347649, 46.69
1377347654, 46.69
1377347659, 46.69
1377347664, 46.69
1377347669, 46.69
1377347674, 46.69
1377347679, 46.69
1377347684, 46.69
1377347689, 46.69
1377347694, 46.69
1377347699, 46.69
1377347704, 46.69
1377347709, 46.69
1377347714, 46.69
1377347719, 46.69
1377347724, 46.69
1377347729, 46.69
1377347734, 46.69
1377347739, 46.66
1377347744, 46.69
1377347749, 46.69
1377347754, 46.69
1377347759, 46.69
1377347764, 46.69
1377347769, 46.69
1377347774, 46.69
1377347779, 46.69
1377347784, 46.69
1377347789, 46.69
1377347794, 46.69
1377347799, 46.69
1377347804, 46.69
1377347809, 46.69
1377347814, 46.69
1377347819, 46.69
1377347824, 46.69
1377347829, 46.69
1377347834, 46.69
1377347839, 46.69
1377347844, 46.69
1377347849, 46.69
1377347854, 46.69
1377347859, 46.69
1377347864, 46.69
1377347869, 46.69
1377347874, 46.69
1377347879, 46.69
1377347884, 46.69
1377347889, 46.69
1377347894, 46.69
1377347899, 46.69
1377347904, 46.69
1377347909, 46.69
1377347914, 46.69
1377347919, 46.69
1377347924, 46.69
1377347929, 46.69
1377347934, 46.69
1377347939, 46.69
1377347944, 46.69
1377347949, 46.69
1377347954, 46.69
1377347959, 46.69
1377347964, 46.69
1377347969, 46.69
1377347974, 46.69
1377347979, 46.69
1377347984, 46.69
1377347989, 46.69
1377347994, 46.69
1377347999, 46.69
1377348004, 46.69
1377348009, 46.69
1377348014, 46.69
1377348019, 46.69
1377348024, 46.69
1377348029, 46.69
1377348034, 46.69
1377348039, 46.69
1377348044, 46.69
1377348049, 46.69
1377348054, 46.69
1377348059, 46.69
1377348064, 46.69
1377348069, 46.69
1377348074, 46.69
1377348079, 46.69
1377348084, 46.69
1377348089, 46.69
1377348094, 46.69
1377348099, 46.69
1377348104, 46.69
1377348109, 46.69
1377348114, 46.69
1377348119, 46.69
1377348124, 46.69
1377348129, 46.69
1377348134, 46.69
1377348139, 46.72
1377348144, 46.69
1377348149, 46.69
1377348154, 46.69
1377348159, 46.69
1377348164, 46.72
1377348169, 46.69
1377348174, 46.69
1377348179, 46.69
1377348184, 46.69
1377348189, 46.69
1377348194, 46.69
1377348199, 46.69
1377348204, 46.69
1377348209, 46.69
1377348214, 46.69
1377348219, 46.69
1377348224, 46.69
1377348229, 46.69
1377348234, 46.69
1377348239, 46.69
1377348244, 46.69
1377348249, 46.69
1377348254, 46.69
1377348259, 46.69
1377348264, 46.69
1377348269, 46.69
1377348274, 46.72
1377348279, 46.69
1377348284, 46.69
1377348289, 46.72
1377348294, 46.72
1377348299, 46.69
1377348304, 46.69
1377348309, 46.69
1377348314, 46.69
1377348319, 46.69
1377348324, 46.72
1377348329, 46.69
1377348334, 46.69
1377348339, 46.69
1377348344, 46.72
1377348349, 46.72
1377348354, 46.69
1377348359, 46.72
1377348364, 46.72
1377348369, 46.72
1377348374, 46.69
1377348379, 46.69
1377348384, 46.69
1377348389, 46.69
1377348394, 46.69
1377348399, 46.72
1377348404, 46.72
1377348409, 46.72
1377348414, 46.69
1377348419, 46.72
1377348424, 46.72
1377348429, 46.69
1377348434, 46.72
1377348439, 46.69
1377348444, 46.72
1377348449, 46.72
1377348454, 46.75
1377348459, 46.72
1377348464, 46.72
1377348469, 46.72
1377348474, 46.72
1377348479, 46.72
1377348484, 46.72
1377348489, 46.72
1377348494, 46.72
1377348499, 46.72
1377348504, 46.72
1377348509, 46.72
1377348514, 46.72
1377348519, 46.72
1377348524, 46.72
1377348529, 46.75
1377348534, 46.72
1377348539, 46.72
1377348544, 46.75
1377348549, 46.72
1377348554, 46.72
1377348559, 46.72
1377348564, 46.72
1377348569, 46.72
1377348574, 46.72
1377348579, 46.75
1377348584, 46.72
1377348589, 46.72
1377348594, 46.72
1377348599, 46.75
1377348604, 46.72
1377348609, 46.75
1377348614, 46.72
1377348619, 46.72
1377348624, 46.75
1377348629, 46.69
1377348634, 46.75
1377348639, 46.75
1377348644, 46.72
1377348649, 46.72
1377348654, 46.72
1377348659, 46.72
1377348664, 46.72
1377348669, 46.72
1377348674, 46.75
1377348679, 46.75
1377348684, 46.75
1377348689, 46.72
1377348694, 46.72
1377348699, 46.72
1377348704, 46.72
1377348709, 46.72
1377348714, 46.72
1377348719, 46.72
1377348724, 46.72
1377348729, 46.72
1377348734, 46.75
1377348739, 46.72
1377348744, 46.72
1377348749, 46.72
1377348754, 46.75
1377348759, 46.72
1377348764, 46.72
1377348769, 46.72
1377348774, 46.72
1377348779, 46.72
1377348784, 46.72
1377348789, 46.72
1377348794, 46.72
1377348799, 46.72
1377348804, 46.72
1377348809, 46.75
1377348814, 46.72
1377348819, 46.72
1377348824, 46.72
1377348829, 46.72
1377348834, 46.72
1377348839, 46.72
1377348844, 46.75
1377348849, 46.72
1377348854, 46.72
1377348859, 46.75
1377348865, 46.72
1377348869, 46.72
1377348874, 46.72
1377348879, 46.75
1377348884, 46.72
1377348889, 46.75
1377348894, 46.69
1377348899, 46.72
1377348904, 46.75
1377348909, 46.72
1377348914, 46.72
1377348919, 46.75
1377348924, 46.75
1377348929, 46.75
1377348934, 46.75
1377348939, 46.72
1377348944, 46.75
1377348949, 46.72
1377348954, 46.75
1377348959, 46.75
1377348964, 46.75
1377348969, 46.72
1377348974, 46.75
1377348979, 46.75
1377348984, 46.75
1377348989, 46.75
1377348994, 46.75
1377348999, 46.75
1377349004, 46.72
1377349009, 46.75
1377349014, 46.75
1377349019, 46.75
1377349024, 46.75
1377349029, 46.72
1377349034, 46.75
1377349039, 46.75
1377349044, 46.75
1377349049, 46.75
1377349054, 46.72
1377349059, 46.75
1377349064, 46.75
1377349069, 46.75
1377349074, 46.75
1377349079, 46.75
1377349084, 46.75
1377349089, 46.75
1377349094, 46.75
1377349099, 46.75
1377349104, 46.75
1377349109, 46.75
1377349114, 46.75
1377349119, 46.75
1377349124, 46.75
1377349129, 46.75
1377349134, 46.75
1377349139, 46.75
1377349144, 46.75
1377349149, 46.75
1377349154, 46.75
1377349159, 46.75
1377349164, 46.75
1377349169, 46.75
1377349174, 46.75
1377349179, 46.75
1377349184, 46.75
1377349189, 46.75
1377349194, 46.75
1377349199, 46.75
1377349204, 46.75
1377349209, 46.75
1377349214, 46.75
1377349219, 46.75
1377349224, 46.75
1377349229, 46.75
1377349234, 46.75
1377349239, 46.75
1377349244, 46.75
1377349249, 46.75
1377349254, 46.75
1377349259, 46.75
1377349264, 46.75
1377349269, 46.75
1377349274, 46.75
1377349279, 46.75
1377349284, 46.75
1377349289, 46.75
1377349294, 46.75
1377349299, 46.75
1377349304, 46.75
1377349309, 46.75
1377349314, 46.75
1377349319, 46.75
1377349324, 46.75
1377349329, 46.75
1377349334, 46.75
1377349339, 46.75
1377349344, 46.75
1377349349, 46.75
1377349354, 46.75
1377349359, 46.75
1377349364, 46.75
1377349369, 46.75
1377349374, 46.75
1377349379, 46.75
1377349384, 46.75
1377349389, 46.75
1377349394, 46.75
1377349399, 46.75
1377349404, 46.75
1377349409, 46.75
1377349414, 46.75
1377349419, 46.75
1377349424, 46.75
1377349429, 46.75
1377349434, 46.75
1377349439, 46.75
1377349444, 46.75
1377349449, 46.75
1377349454, 46.75
1377349459, 46.75
1377349464, 46.75
1377349469, 46.75
1377349474, 46.75
1377349479, 46.75
1377349484, 46.75
1377349489, 46.75
1377349494, 46.75
1377349499, 46.75
1377349504, 46.75
1377349509, 46.79
1377349514, 46.75
1377349519, 46.75
1377349524, 46.75
1377349529, 46.75
1377349534, 46.79
1377349539, 46.75
1377349544, 46.75
1377349549, 46.75
1377349554, 46.75
1377349559, 46.75
1377349564, 46.75
1377349569, 46.75
1377349574, 46.75
1377349579, 46.75
1377349584, 46.75
1377349589, 46.79
1377349594, 46.79
1377349599, 46.75
1377349604, 46.79
1377349609, 46.75
1377349614, 46.75
1377349619, 46.79
1377349624, 46.75
1377349629, 46.75
1377349634, 46.75
1377349639, 46.75
1377349644, 46.75
1377349649, 46.75
1377349654, 46.75
1377349659, 46.79
1377349664, 46.75
1377349669, 46.75
1377349674, 46.79
1377349679, 46.79
1377349684, 46.75
1377349689, 46.79
1377349694, 46.75
1377349699, 46.75
1377349704, 46.79
1377349709, 46.75
1377349714, 46.75
1377349719, 46.79
1377349724, 46.75
1377349729, 46.75
1377349734, 46.75
1377349739, 46.79
1377349744, 46.79
1377349749, 46.75
1377349754, 46.79
1377349759, 46.75
1377349764, 46.79
1377349769, 46.79
1377349774, 46.79
1377349779, 46.79
1377349784, 46.79
1377349789, 46.75
1377349794, 46.75
1377349799, 46.79
1377349804, 46.79
1377349809, 46.79
1377349814, 46.75
1377349819, 46.75
1377349824, 46.79
1377349829, 46.79
1377349834, 46.79
1377349839, 46.79
1377349844, 46.75
1377349849, 46.79
1377349854, 46.79
1377349859, 46.79
1377349864, 46.79
1377349869, 46.75
1377349874, 46.82
1377349879, 46.75
1377349884, 46.79
1377349889, 46.79
1377349894, 46.79
1377349899, 46.79
1377349904, 46.75
1377349909, 46.79
1377349914, 46.79
1377349919, 46.79
1377349925, 46.82
1377349929, 46.79
1377349934, 46.75
1377349939, 46.79
1377349944, 46.79
1377349949, 46.75
1377349954, 46.79
1377349959, 46.79
1377349964, 46.79
1377349969, 46.79
1377349974, 46.79
1377349979, 46.79
1377349984, 46.79
1377349989, 46.79
1377349994, 46.79
1377349999, 46.75
1377350004, 46.79
1377350009, 46.79
1377350014, 46.82
1377350019, 46.79
1377350024, 46.79
1377350029, 46.79
1377350034, 46.79
1377350039, 46.79
1377350044, 46.82
1377350049, 46.79
1377350054, 46.79
1377350059, 46.79
1377350064, 46.82
1377350069, 46.79
1377350074, 46.79
1377350079, 46.79
1377350084, 46.79
1377350089, 46.79
1377350094, 46.82
1377350099, 46.79
1377350104, 46.79
1377350109, 46.82
1377350114, 46.79
1377350119, 46.82
1377350124, 46.79
1377350129, 46.79
1377350134, 46.82
1377350139, 46.82
1377350144, 46.82
1377350149, 46.79
1377350154, 46.82
1377350159, 46.79
1377350164, 46.79
1377350169, 46.82
1377350174, 46.79
1377350179, 46.82
1377350184, 46.79
1377350189, 46.79
1377350194, 46.79
1377350199, 46.82
1377350204, 46.79
1377350209, 46.79
1377350214, 46.82
1377350219, 46.79
1377350224, 46.79
1377350229, 46.79
1377350234, 46.79
1377350239, 46.79
1377350244, 46.79
1377350249, 46.82
1377350254, 46.75
1377350259, 46.75
1377350264, 46.82
1377350269, 46.79
1377350274, 46.82
1377350279, 46.82
1377350284, 46.79
1377350289, 46.79
1377350294, 46.82
1377350299, 46.79
1377350304, 46.79
1377350309, 46.79
1377350314, 46.79
1377350319, 46.82
1377350324, 46.79
1377350329, 46.79
1377350334, 46.79
1377350339, 46.82
1377350344, 46.82
1377350349, 46.82
1377350354, 46.79
1377350359, 46.79
1377350364, 46.82
1377350369, 46.82
1377350374, 46.82
1377350379, 46.79
1377350384, 46.82
1377350389, 46.82
1377350394, 46.82
1377350399, 46.82
1377350404, 46.79
1377350409, 46.82
1377350414, 46.82
1377350419, 46.79
1377350424, 46.82
1377350429, 46.82
1377350434, 46.82
1377350439, 46.82
1377350444, 46.82
1377350449, 46.82
1377350454, 46.82
1377350459, 46.79
1377350464, 46.82
1377350469, 46.79
1377350474, 46.82
1377350479, 46.82
1377350484, 46.82
1377350489, 46.79
1377350494, 46.82
1377350499, 46.82
1377350504, 46.82
1377350509, 46.82
1377350514, 46.82
1377350519, 46.82
1377350524, 46.82
1377350529, 46.82
1377350534, 46.82
1377350539, 46.82
1377350544, 46.82
1377350549, 46.82
1377350554, 46.82
1377350559, 46.82
1377350564, 46.82
1377350569, 46.82
1377350574, 46.82
1377350579, 46.82
1377350584, 46.82
1377350589, 46.82
1377350594, 46.82
1377350599, 46.79
1377350604, 46.82
1377350609, 46.82
1377350614, 46.82
1377350619, 46.79
1377350624, 46.79
1377350629, 46.82
1377350634, 46.79
1377350639, 46.82
1377350644, 46.82
1377350649, 46.82
1377350654, 46.82
1377350659, 46.82
1377350664, 46.82
1377350669, 46.82
1377350674, 46.82
1377350679, 46.82
1377350684, 46.79
1377350689, 46.82
1377350694, 46.82
1377350699, 46.82
1377350704, 46.82
1377350709, 46.82
1377350715, 46.82
1377350719, 46.79
1377350724, 46.82
1377350729, 46.82
1377350734, 46.82
1377350739, 46.82
1377350744, 46.79
1377350749, 46.82
1377350754, 46.82
1377350759, 46.82
1377350764, 46.82
1377350769, 46.82
1377350774, 46.82
1377350779, 46.82
1377350784, 46.82
1377350789, 46.82
1377350794, 46.82
1377350799, 46.82
1377350804, 46.82
1377350809, 46.82
1377350814, 46.82
1377350819, 46.82
1377350824, 46.82
1377350829, 46.82
1377350834, 46.82
1377350839, 46.82
1377350844, 46.82
1377350849, 46.82
1377350854, 46.82
1377350859, 46.82
1377350864, 46.82
1377350869, 46.82
1377350874, 46.82
1377350879, 46.82
1377350884, 46.79
1377350889, 46.82
1377350894, 46.79
1377350899, 46.82
1377350904, 46.82
1377350909, 46.82
1377350914, 46.79
1377350919, 46.79
1377350924, 46.79
1377350929, 46.79
1377350934, 46.82
1377350939, 46.82
1377350944, 46.82
1377350949, 46.82
1377350954, 46.82
1377350959, 46.82
1377350964, 46.82
1377350969, 46.79
1377350974, 46.82
1377350979, 46.79
1377350984, 46.79
1377350989, 46.82
1377350994, 46.82
1377350999, 46.79
1377351004, 46.82
1377351009, 46.79
1377351014, 46.82
1377351019, 46.82
1377351024, 46.82
1377351029, 46.82
1377351034, 46.79
1377351039, 46.82
1377351044, 46.82
1377351049, 46.82
1377351054, 46.79
1377351059, 46.79
1377351064, 46.82
1377351069, 46.79
1377351074, 46.79
1377351079, 46.82
1377351084, 46.79
1377351089, 46.82
1377351094, 46.79
1377351099, 46.79
1377351104, 46.82
1377351109, 46.79
1377351114, 46.79
1377351119, 46.79
1377351124, 46.79
1377351129, 46.82
1377351134, 46.79
1377351139, 46.79
1377351144, 46.82
1377351149, 46.82
1377351154, 46.82
1377351159, 46.79
1377351164, 46.82
1377351169, 46.79
1377351174, 46.82
1377351179, 46.79
1377351184, 46.82
1377351189, 46.79
1377351194, 46.79
1377351199, 46.79
1377351204, 46.79
1377351209, 46.79
1377351214, 46.79
1377351219, 46.79
1377351224, 46.79
1377351229, 46.79
1377351234, 46.79
1377351239, 46.79
1377351244, 46.79
1377351249, 46.82
1377351254, 46.79
1377351259, 46.79
1377351264, 46.79
1377351269, 46.79
1377351274, 46.82
1377351279, 46.79
1377351284, 46.79
1377351289, 46.82
1377351294, 46.79
1377351299, 46.82
1377351304, 46.82
1377351309, 46.82
1377351314, 46.79
1377351319, 46.82
1377351324, 46.79
1377351329, 46.79
1377351334, 46.79
1377351339, 46.82
1377351344, 46.79
1377351349, 46.79
1377351354, 46.82
1377351359, 46.82
1377351364, 46.79
1377351369, 46.79
1377351374, 46.82
1377351379, 46.82
1377351384, 46.79
1377351389, 46.79
1377351394, 46.79
1377351399, 46.79
1377351404, 46.79
1377351409, 46.79
1377351414, 46.82
1377351419, 46.79
1377351424, 46.79
1377351429, 46.79
1377351434, 46.82
1377351439, 46.79
1377351444, 46.79
1377351449, 46.82
1377351454, 46.82
1377351459, 46.79
1377351464, 46.79
1377351469, 46.79
1377351474, 46.79
1377351479, 46.79
1377351484, 46.82
1377351489, 46.82
1377351494, 46.79
1377351499, 46.79
1377351504, 46.79
1377351509, 46.79
1377351514, 46.82
1377351519, 46.79
1377351524, 46.79
1377351529, 46.79
1377351534, 46.79
1377351539, 46.79
1377351544, 46.82
1377351549, 46.82
1377351554, 46.79
1377351559, 46.79
1377351564, 46.82
1377351569, 46.79
1377351574, 46.82
1377351579, 46.79
1377351584, 46.82
1377351589, 46.82
1377351594, 46.82
1377351599, 46.82
1377351604, 46.79
1377351609, 46.82
1377351614, 46.82
1377351619, 46.79
1377351624, 46.82
1377351629, 46.82
1377351634, 46.82
1377351639, 46.82
1377351644, 46.82
1377351649, 46.82
1377351654, 46.82
1377351659, 46.82
1377351664, 46.82
1377351669, 46.82
1377351674, 46.82
1377351679, 46.82
1377351684, 46.82
1377351689, 46.82
1377351694, 46.79
1377351699, 46.79
1377351704, 46.82
1377351709, 46.82
1377351714, 46.82
1377351719, 46.82
1377351724, 46.79
1377351729, 46.82
1377351734, 46.82
1377351739, 46.82
1377351744, 46.82
1377351749, 46.82
1377351754, 46.82
1377351759, 46.82
1377351764, 46.82
1377351769, 46.82
1377351774, 46.82
1377351779, 46.82
1377351784, 46.82
1377351789, 46.82
1377351794, 46.82
1377351799, 46.82
1377351804, 46.82
1377351809, 46.79
1377351814, 46.82
1377351819, 46.82
1377351824, 46.79
1377351829, 46.82
1377351834, 46.79
1377351839, 46.82
1377351844, 46.82
1377351849, 46.82
1377351854, 46.79
1377351859, 46.82
1377351864, 46.82
1377351869, 46.82
1377351874, 46.82
1377351879, 46.82
1377351884, 46.82
1377351889, 46.82
1377351894, 46.82
1377351899, 46.82
1377351904, 46.82
1377351909, 46.82
1377351914, 46.82
1377351919, 46.82
1377351924, 46.82
1377351929, 46.82
1377351934, 46.82
1377351939, 46.82
1377351944, 46.82
1377351949, 46.82
1377351954, 46.82
1377351959, 46.82
1377351964, 46.82
1377351969, 46.82
1377351974, 46.82
1377351979, 46.82
1377351984, 46.79
1377351989, 46.82
1377351994, 46.82
1377351999, 46.82
1377352004, 46.79
1377352009, 46.82
1377352014, 46.82
1377352019, 46.82
1377352024, 46.82
1377352029, 46.82
1377352034, 46.82
1377352039, 46.82
1377352044, 46.82
1377352049, 46.82
1377352054, 46.82
1377352059, 46.79
1377352064, 46.82
1377352069, 46.82
1377352074, 46.82
1377352079, 46.79
1377352084, 46.82
1377352089, 46.82
1377352094, 46.82
1377352099, 46.82
1377352104, 46.82
1377352109, 46.82
1377352114, 46.82
1377352119, 46.82
1377352124, 46.82
1377352129, 46.79
1377352134, 46.82
1377352139, 46.79
1377352144, 46.82
1377352149, 46.82
1377352154, 46.82
1377352159, 46.82
1377352164, 46.82
1377352169, 46.82
1377352174, 46.82
1377352179, 46.82
1377352184, 46.82
1377352189, 46.79
1377352194, 46.82
1377352199, 46.82
1377352204, 46.82
1377352209, 46.82
1377352214, 46.82
1377352219, 46.82
1377352224, 46.82
1377352229, 46.82
1377352234, 46.82
1377352239, 46.82
1377352244, 46.82
1377352249, 46.82
1377352254, 46.82
1377352259, 46.82
1377352264, 46.82
1377352269, 46.82
1377352274, 46.82
1377352279, 46.82
1377352284, 46.82
1377352289, 46.82
1377352294, 46.82
1377352299, 46.82
1377352304, 46.79
1377352309, 46.82
1377352314, 46.82
1377352319, 46.82
1377352324, 46.82
1377352329, 46.82
1377352334, 46.82
1377352339, 46.82
1377352344, 46.82
1377352349, 46.82
1377352354, 46.82
1377352359, 46.82
1377352364, 46.82
1377352369, 46.82
1377352374, 46.82
1377352379, 46.79
1377352384, 46.82
1377352389, 46.82
1377352394, 46.82
1377352399, 46.82
1377352404, 46.82
1377352409, 46.82
1377352414, 46.82
1377352419, 46.82
1377352424, 46.82
1377352429, 46.79
1377352434, 46.82
1377352439, 46.82
1377352444, 46.82
1377352449, 46.82
1377352454, 46.79
1377352459, 46.79
1377352464, 46.82
1377352469, 46.82
1377352474, 46.82
1377352479, 46.82
1377352484, 46.82
1377352489, 46.82
1377352494, 46.79
1377352499, 46.82
1377352504, 46.82
1377352509, 46.82
1377352514, 46.82
1377352519, 46.82
1377352524, 46.82
1377352529, 46.82
1377352534, 46.82
1377352539, 46.82
1377352544, 46.82
1377352549, 46.82
1377352554, 46.82
1377352559, 46.82
1377352564, 46.82
1377352569, 46.82
1377352574, 46.82
1377352579, 46.82
1377352584, 46.82
1377352589, 46.82
1377352594, 46.82
1377352599, 46.82
1377352604, 46.82
1377352609, 46.82
1377352614, 46.82
1377352619, 46.82
1377352624, 46.82
1377352629, 46.82
1377352634, 46.82
1377352639, 46.82
1377352644, 46.82
1377352649, 46.82
1377352654, 46.82
1377352659, 46.82
1377352664, 46.82
1377352669, 46.82
1377352674, 46.79
1377352679, 46.82
1377352684, 46.82
1377352689, 46.82
1377352694, 46.82
1377352699, 46.82
1377352704, 46.82
1377352709, 46.82
1377352714, 46.79
1377352719, 46.82
1377352724, 46.82
1377352729, 46.82
1377352734, 46.79
1377352739, 46.82
1377352744, 46.82
1377352749, 46.82
1377352754, 46.82
1377352759, 46.82
1377352764, 46.82
1377352769, 46.79
1377352774, 46.82
1377352779, 46.79
1377352784, 46.82
1377352789, 46.82
1377352794, 46.79
1377352799, 46.79
1377352804, 46.79
1377352809, 46.82
1377352814, 46.79
1377352819, 46.79
1377352824, 46.82
1377352829, 46.79
1377352834, 46.79
1377352839, 46.82
1377352844, 46.79
1377352849, 46.79
1377352854, 46.82
1377352859, 46.79
1377352864, 46.82
1377352869, 46.82
1377352874, 46.82
1377352879, 46.79
1377352884, 46.82
1377352889, 46.79
1377352894, 46.82
1377352899, 46.82
1377352904, 46.79
1377352909, 46.79
1377352914, 46.79
1377352919, 46.79
1377352924, 46.79
1377352929, 46.79
1377352934, 46.79
1377352939, 46.79
1377352944, 46.79
1377352949, 46.82
1377352954, 46.79
1377352959, 46.82
1377352964, 46.79
1377352969, 46.82
1377352974, 46.79
1377352979, 46.79
1377352984, 46.82
1377352989, 46.79
1377352994, 46.79
1377352999, 46.79
1377353004, 46.79
1377353009, 46.79
1377353014, 46.79
1377353019, 46.75
1377353024, 46.79
1377353029, 46.79
1377353034, 46.79
1377353039, 46.79
1377353044, 46.75
1377353049, 46.79
1377353054, 46.79
1377353059, 46.75
1377353064, 46.79
1377353069, 46.79
1377353074, 46.82
1377353079, 46.79
1377353084, 46.79
1377353089, 46.79
1377353094, 46.79
1377353099, 46.79
1377353104, 46.79
1377353109, 46.79
1377353114, 46.79
1377353119, 46.79
1377353124, 46.79
1377353129, 46.79
1377353134, 46.79
1377353139, 46.79
1377353144, 46.79
1377353149, 46.79
1377353154, 46.79
1377353159, 46.79
1377353164, 46.79
1377353169, 46.79
1377353174, 46.75
1377353179, 46.75
1377353184, 46.79
1377353189, 46.79
1377353194, 46.79
1377353199, 46.79
1377353204, 46.79
1377353209, 46.75
1377353214, 46.75
1377353219, 46.79
1377353224, 46.75
1377353229, 46.79
1377353234, 46.79
1377353239, 46.79
1377353244, 46.75
1377353249, 46.75
1377353254, 46.75
1377353259, 46.75
1377353264, 46.79
1377353269, 46.79
1377353274, 46.79
1377353279, 46.75
1377353284, 46.75
1377353289, 46.79
1377353294, 46.79
1377353299, 46.79
1377353304, 46.75
1377353309, 46.75
1377353314, 46.75
1377353319, 46.79
1377353324, 46.75
1377353329, 46.75
1377353334, 46.79
1377353339, 46.79
1377353344, 46.75
1377353349, 46.79
1377353354, 46.75
1377353359, 46.79
1377353364, 46.75
1377353369, 46.79
1377353374, 46.75
1377353379, 46.79
1377353384, 46.75
1377353389, 46.75
1377353394, 46.75
1377353399, 46.75
1377353404, 46.75
1377353409, 46.75
1377353414, 46.75
1377353419, 46.75
1377353424, 46.75
1377353429, 46.75
1377353434, 46.75
1377353439, 46.75
1377353444, 46.79
1377353449, 46.79
1377353454, 46.75
1377353459, 46.75
1377353464, 46.75
1377353469, 46.75
1377353474, 46.75
1377353479, 46.75
1377353484, 46.75
1377353489, 46.75
1377353494, 46.75
1377353499, 46.75
1377353504, 46.75
1377353509, 46.75
1377353514, 46.75
1377353519, 46.75
1377353524, 46.75
1377353529, 46.75
1377353534, 46.75
1377353539, 46.75
1377353544, 46.75
1377353549, 46.75
1377353554, 46.79
1377353559, 46.75
1377353564, 46.75
1377353569, 46.75
1377353574, 46.75
1377353579, 46.79
1377353584, 46.75
1377353589, 46.75
1377353594, 46.75
1377353599, 46.75
1377353604, 46.75
1377353609, 46.75
1377353614, 46.75
1377353619, 46.75
1377353624, 46.75
1377353629, 46.75
1377353634, 46.75
1377353639, 46.75
1377353644, 46.75
1377353649, 46.75
1377353654, 46.75
1377353659, 46.75
1377353664, 46.75
1377353669, 46.75
1377353674, 46.75
1377353679, 46.75
1377353684, 46.75
1377353689, 46.75
1377353694, 46.75
1377353699, 46.75
1377353704, 46.75
1377353709, 46.75
1377353714, 46.75
1377353719, 46.75
1377353724, 46.75
1377353729, 46.75
1377353734, 46.75
1377353739, 46.75
1377353744, 46.75
1377353749, 46.75
1377353754, 46.75
1377353759, 46.75
1377353764, 46.75
1377353769, 46.75
1377353774, 46.75
1377353779, 46.75
1377353784, 46.75
1377353789, 46.75
1377353794, 46.75
1377353799, 46.75
1377353804, 46.75
1377353809, 46.75
1377353814, 46.75
1377353819, 46.75
1377353824, 46.75
1377353829, 46.75
1377353834, 46.75
1377353839, 46.75
1377353844, 46.75
1377353849, 46.75
1377353854, 46.75
1377353859, 46.75
1377353864, 46.75
1377353869, 46.79
1377353874, 46.75
1377353879, 46.75
1377353884, 46.75
1377353889, 46.75
1377353894, 46.75
1377353899, 46.75
1377353904, 46.75
1377353909, 46.75
1377353914, 46.75
1377353919, 46.75
1377353924, 46.75
1377353929, 46.75
1377353934, 46.75
1377353939, 46.75
1377353944, 46.75
1377353949, 46.75
1377353954, 46.75
1377353959, 46.75
1377353964, 46.75
1377353969, 46.75
1377353974, 46.75
1377353979, 46.75
1377353984, 46.75
1377353989, 46.75
1377353994, 46.75
1377353999, 46.75
1377354004, 46.75
1377354009, 46.75
1377354014, 46.75
1377354019, 46.75
1377354024, 46.75
1377354029, 46.75
1377354034, 46.75
1377354039, 46.75
1377354044, 46.75
1377354049, 46.75
1377354054, 46.75
1377354059, 46.75
1377354064, 46.75
1377354069, 46.75
1377354074, 46.75
1377354079, 46.75
1377354084, 46.75
1377354089, 46.75
1377354094, 46.75
1377354099, 46.75
1377354104, 46.75
1377354109, 46.72
1377354114, 46.75
1377354119, 46.75
1377354124, 46.72
1377354129, 46.75
1377354134, 46.72
1377354139, 46.75
1377354144, 46.75
1377354149, 46.75
1377354154, 46.72
1377354159, 46.75
1377354164, 46.72
1377354169, 46.75
1377354174, 46.75
1377354179, 46.75
1377354184, 46.75
1377354189, 46.72
1377354194, 46.75
1377354199, 46.72
1377354204, 46.75
1377354209, 46.72
1377354214, 46.75
1377354219, 46.72
1377354224, 46.75
1377354229, 46.75
1377354234, 46.75
1377354239, 46.75
1377354244, 46.72
1377354249, 46.75
1377354254, 46.75
1377354259, 46.75
1377354264, 46.75
1377354269, 46.75
1377354274, 46.75
1377354279, 46.72
1377354284, 46.75
1377354289, 46.72
1377354294, 46.72
1377354299, 46.72
1377354304, 46.75
1377354309, 46.72
1377354314, 46.72
1377354319, 46.72
1377354324, 46.72
1377354329, 46.72
1377354334, 46.75
1377354339, 46.75
1377354344, 46.72
1377354349, 46.72
1377354354, 46.72
1377354359, 46.72
1377354364, 46.72
1377354369, 46.72
1377354374, 46.72
1377354379, 46.75
1377354384, 46.72
1377354389, 46.72
1377354394, 46.72
1377354399, 46.72
1377354404, 46.72
1377354409, 46.72
1377354414, 46.69
1377354419, 46.72
1377354424, 46.72
1377354429, 46.72
1377354434, 46.72
1377354439, 46.72
1377354444, 46.72
1377354449, 46.75
1377354454, 46.72
1377354459, 46.72
1377354464, 46.72
1377354469, 46.72
1377354474, 46.72
1377354479, 46.72
1377354484, 46.72
1377354489, 46.69
1377354494, 46.69
1377354499, 46.72
1377354504, 46.72
1377354509, 46.72
1377354514, 46.72
1377354519, 46.69
1377354524, 46.72
1377354529, 46.72
1377354534, 46.72
1377354539, 46.69
1377354544, 46.72
1377354549, 46.69
1377354554, 46.69
1377354559, 46.72
1377354564, 46.72
1377354569, 46.72
1377354574, 46.72
1377354579, 46.72
1377354584, 46.72
1377354589, 46.69
1377354594, 46.72
1377354599, 46.69
1377354604, 46.72
1377354609, 46.69
1377354614, 46.72
1377354619, 46.72
1377354624, 46.69
1377354629, 46.72
1377354634, 46.72
1377354639, 46.72
1377354644, 46.69
1377354649, 46.72
1377354654, 46.75
1377354659, 46.72
1377354664, 46.69
1377354669, 46.72
1377354674, 46.72
1377354679, 46.69
1377354684, 46.69
1377354689, 46.69
1377354694, 46.72
1377354699, 46.72
1377354704, 46.72
1377354709, 46.72
1377354714, 46.69
1377354719, 46.72
1377354724, 46.72
1377354729, 46.72
1377354734, 46.69
1377354739, 46.72
1377354744, 46.69
1377354749, 46.69
1377354754, 46.72
1377354759, 46.69
1377354764, 46.72
1377354769, 46.72
1377354774, 46.69
1377354779, 46.72
1377354784, 46.69
1377354789, 46.69
1377354794, 46.69
1377354799, 46.72
1377354804, 46.69
1377354809, 46.72
1377354814, 46.69
1377354819, 46.72
1377354824, 46.69
1377354829, 46.72
1377354834, 46.69
1377354839, 46.69
1377354844, 46.69
1377354849, 46.69
1377354854, 46.69
1377354859, 46.69
1377354864, 46.69
1377354869, 46.69
1377354874, 46.69
1377354879, 46.72
1377354884, 46.69
1377354889, 46.69
1377354894, 46.69
1377354899, 46.69
1377354904, 46.69
1377354909, 46.69
1377354914, 46.69
1377354919, 46.69
1377354924, 46.69
1377354929, 46.69
1377354934, 46.72
1377354939, 46.69
1377354944, 46.69
1377354949, 46.69
1377354954, 46.69
1377354959, 46.69
1377354964, 46.69
1377354969, 46.72
1377354974, 46.69
1377354979, 46.69
1377354984, 46.69
1377354989, 46.69
1377354994, 46.72
1377354999, 46.72
1377355004, 46.69
1377355009, 46.69
1377355014, 46.69
1377355019, 46.69
1377355024, 46.69
1377355029, 46.69
1377355034, 46.69
1377355039, 46.69
1377355044, 46.69
1377355049, 46.69
1377355054, 46.69
1377355059, 46.72
1377355064, 46.69
1377355069, 46.69
1377355074, 46.69
1377355079, 46.69
1377355084, 46.69
1377355089, 46.69
1377355094, 46.69
1377355099, 46.69
1377355104, 46.69
1377355109, 46.69
1377355114, 46.69
1377355119, 46.69
1377355124, 46.69
1377355129, 46.69
1377355134, 46.69
1377355139, 46.69
1377355144, 46.69
1377355149, 46.69
1377355154, 46.69
1377355159, 46.69
1377355164, 46.69
1377355169, 46.69
1377355174, 46.69
1377355179, 46.69
1377355184, 46.69
1377355189, 46.69
1377355194, 46.69
1377355199, 46.69
1377355204, 46.69
1377355209, 46.69
1377355214, 46.69
1377355219, 46.69
1377355224, 46.69
1377355229, 46.69
1377355234, 46.69
1377355239, 46.69
1377355244, 46.69
1377355249, 46.69
1377355254, 46.69
1377355259, 46.69
1377355264, 46.69
1377355269, 46.69
1377355274, 46.69
1377355279, 46.69
1377355284, 46.69
1377355289, 46.69
1377355294, 46.69
1377355299, 46.69
1377355304, 46.69
1377355309, 46.69
1377355314, 46.69
1377355319, 46.69
1377355324, 46.66
1377355329, 46.69
1377355334, 46.69
1377355339, 46.69
1377355344, 46.69
1377355349, 46.69
1377355354, 46.69
1377355359, 46.66
1377355364, 46.66
1377355369, 46.69
1377355374, 46.69
1377355379, 46.69
1377355384, 46.69
1377355389, 46.69
1377355394, 46.69
1377355399, 46.69
1377355404, 46.66
1377355409, 46.69
1377355414, 46.66
1377355419, 46.69
1377355424, 46.66
1377355429, 46.69
1377355434, 46.69
1377355439, 46.66
1377355444, 46.66
1377355449, 46.69
1377355454, 46.69
1377355459, 46.66
1377355464, 46.69
1377355469, 46.69
1377355474, 46.69
1377355479, 46.69
1377355484, 46.66
1377355489, 46.66
1377355494, 46.66
1377355499, 46.66
1377355504, 46.66
1377355509, 46.66
1377355514, 46.62
1377355519, 46.69
1377355524, 46.66
1377355529, 46.66
1377355534, 46.66
1377355539, 46.66
1377355544, 46.66
1377355549, 46.69
1377355554, 46.66
1377355559, 46.66
1377355564, 46.66
1377355569, 46.66
1377355574, 46.69
1377355579, 46.66
1377355584, 46.69
1377355589, 46.66
1377355594, 46.66
1377355599, 46.66
1377355604, 46.66
1377355609, 46.66
1377355614, 46.66
1377355619, 46.66
1377355624, 46.66
1377355629, 46.69
1377355634, 46.66
1377355639, 46.66
1377355644, 46.66
1377355649, 46.66
1377355654, 46.66
1377355659, 46.66
1377355664, 46.66
1377355669, 46.62
1377355674, 46.66
1377355679, 46.66
1377355684, 46.66
1377355689, 46.66
1377355694, 46.66
1377355699, 46.62
1377355704, 46.62
1377355709, 46.66
1377355714, 46.62
1377355719, 46.66
1377355724, 46.66
1377355729, 46.66
1377355734, 46.62
1377355739, 46.66
1377355744, 46.66
1377355749, 46.66
1377355754, 46.66
1377355759, 46.66
1377355764, 46.66
1377355769, 46.66
1377355774, 46.66
1377355779, 46.66
1377355784, 46.62
1377355789, 46.62
1377355794, 46.66
1377355799, 46.66
1377355804, 46.66
1377355809, 46.66
1377355814, 46.66
1377355819, 46.66
1377355824, 46.62
1377355829, 46.69
1377355834, 46.66
1377355839, 46.66
1377355844, 46.66
1377355849, 46.66
1377355854, 46.69
1377355859, 46.66
1377355864, 46.66
1377355869, 46.66
1377355874, 46.66
1377355879, 46.66
1377355884, 46.69
1377355889, 46.62
1377355894, 46.66
1377355899, 46.62
1377355904, 46.62
1377355909, 46.66
1377355914, 46.66
1377355919, 46.62
1377355924, 46.66
1377355929, 46.66
1377355934, 46.66
1377355939, 46.66
1377355944, 46.66
1377355949, 46.69
1377355954, 46.66
1377355959, 46.66
1377355964, 46.66
1377355969, 46.69
1377355974, 46.66
1377355979, 46.66
1377355984, 46.66
1377355989, 46.66
1377355994, 46.66
1377355999, 46.66
1377356004, 46.66
1377356009, 46.66
1377356014, 46.66
1377356019, 46.66
1377356024, 46.66
1377356029, 46.66
1377356034, 46.66
1377356039, 46.66
1377356044, 46.69
1377356049, 46.66
1377356054, 46.66
1377356059, 46.66
1377356064, 46.69
1377356069, 46.69
1377356074, 46.66
1377356079, 46.66
1377356084, 46.66
1377356089, 46.66
1377356094, 46.69
1377356099, 46.69
1377356104, 46.66
1377356109, 46.66
1377356114, 46.66
1377356119, 46.66
1377356124, 46.66
1377356129, 46.66
1377356134, 46.69
1377356139, 46.66
1377356144, 46.69
1377356149, 46.66
1377356154, 46.66
1377356159, 46.69
1377356164, 46.66
1377356169, 46.69
1377356174, 46.66
1377356179, 46.66
1377356184, 46.69
1377356189, 46.66
1377356194, 46.69
1377356199, 46.69
1377356204, 46.66
1377356209, 46.69
1377356214, 46.66
1377356219, 46.69
1377356224, 46.69
1377356229, 46.69
1377356234, 46.66
1377356239, 46.66
1377356244, 46.66
1377356249, 46.69
1377356254, 46.66
1377356259, 46.69
1377356264, 46.66
1377356269, 46.69
1377356274, 46.66
1377356279, 46.66
1377356284, 46.66
1377356289, 46.66
1377356294, 46.66
1377356299, 46.66
1377356304, 46.66
1377356309, 46.69
1377356314, 46.66
1377356319, 46.66
1377356324, 46.66
1377356329, 46.66
1377356334, 46.69
1377356339, 46.66
1377356344, 46.66
1377356349, 46.66
1377356354, 46.66
1377356359, 46.69
1377356364, 46.69
1377356369, 46.69
1377356374, 46.66
1377356379, 46.69
1377356384, 46.66
1377356389, 46.69
1377356394, 46.66
1377356399, 46.66
1377356404, 46.66
1377356409, 46.66
1377356414, 46.66
1377356419, 46.66
1377356424, 46.66
1377356429, 46.66
1377356434, 46.66
1377356439, 46.66
1377356444, 46.66
1377356449, 46.69
1377356454, 46.66
1377356459, 46.66
1377356464, 46.66
1377356469, 46.66
1377356474, 46.66
1377356479, 46.66
1377356484, 46.69
1377356489, 46.66
1377356494, 46.66
1377356499, 46.66
1377356504, 46.66
1377356509, 46.62
1377356514, 46.66
1377356519, 46.66
1377356524, 46.66
1377356529, 46.62
1377356534, 46.66
1377356539, 46.66
1377356544, 46.69
1377356549, 46.69
1377356554, 46.66
1377356559, 46.66
1377356564, 46.62
1377356569, 46.66
1377356574, 46.66
1377356579, 46.66
1377356584, 46.66
1377356589, 46.66
1377356594, 46.66
1377356599, 46.66
1377356604, 46.66
1377356609, 46.66
1377356614, 46.69
1377356619, 46.66
1377356624, 46.66
1377356629, 46.66
1377356634, 46.62
1377356639, 46.66
1377356644, 46.66
1377356649, 46.66
1377356654, 46.66
1377356659, 46.66
1377356664, 46.66
1377356669, 46.62
1377356674, 46.66
1377356679, 46.66
1377356684, 46.62
1377356689, 46.66
1377356694, 46.62
1377356699, 46.69
1377356704, 46.69
1377356709, 46.66
1377356714, 46.69
1377356719, 46.66
1377356724, 46.66
1377356729, 46.66
1377356734, 46.66
1377356739, 46.66
1377356744, 46.66
1377356749, 46.66
1377356754, 46.69
1377356759, 46.66
1377356764, 46.66
1377356769, 46.66
1377356774, 46.66
1377356779, 46.66
1377356784, 46.62
1377356789, 46.66
1377356794, 46.66
1377356799, 46.66
1377356804, 46.66
1377356809, 46.62
1377356814, 46.66
1377356819, 46.66
1377356824, 46.66
1377356829, 46.66
1377356834, 46.69
1377356839, 46.66
1377356844, 46.66
1377356849, 46.66
1377356854, 46.66
1377356859, 46.66
1377356864, 46.62
1377356869, 46.69
1377356874, 46.69
1377356879, 46.66
1377356884, 46.62
1377356889, 46.66
1377356894, 46.66
1377356899, 46.69
1377356904, 46.69
1377356909, 46.69
1377356914, 46.66
1377356919, 46.66
1377356924, 46.69
1377356929, 46.66
1377356934, 46.66
1377356939, 46.66
1377356944, 46.66
1377356949, 46.69
1377356954, 46.66
1377356959, 46.69
1377356964, 46.66
1377356969, 46.69
1377356974, 46.66
1377356979, 46.66
1377356984, 46.66
1377356989, 46.62
1377356994, 46.66
1377356999, 46.69
1377357004, 46.66
1377357009, 46.69
1377357014, 46.66
1377357019, 46.66
1377357024, 46.69
1377357029, 46.66
1377357034, 46.69
1377357039, 46.66
1377357044, 46.66
1377357049, 46.66
1377357054, 46.66
1377357059, 46.69
1377357064, 46.66
1377357069, 46.66
1377357074, 46.69
1377357079, 46.69
1377357084, 46.66
1377357089, 46.66
1377357094, 46.69
1377357099, 46.66
1377357104, 46.69
1377357109, 46.66
1377357114, 46.69
1377357119, 46.69
1377357124, 46.69
1377357129, 46.69
1377357134, 46.66
1377357139, 46.69
1377357144, 46.69
1377357149, 46.69
1377357154, 46.66
1377357159, 46.69
1377357164, 46.66
1377357169, 46.66
1377357174, 46.69
1377357179, 46.66
1377357184, 46.69
1377357189, 46.69
1377357194, 46.69
1377357199, 46.69
1377357204, 46.69
1377357209, 46.69
1377357214, 46.69
1377357219, 46.69
1377357224, 46.69
1377357229, 46.69
1377357234, 46.69
1377357239, 46.69
1377357244, 46.66
1377357249, 46.69
1377357254, 46.69
1377357259, 46.69
1377357264, 46.69
1377357269, 46.69
1377357274, 46.69
1377357279, 46.69
1377357284, 46.69
1377357289, 46.69
1377357294, 46.69
1377357299, 46.69
1377357304, 46.69
1377357309, 46.69
1377357314, 46.69
1377357319, 46.66
1377357324, 46.69
1377357329, 46.69
1377357334, 46.69
1377357339, 46.69
1377357344, 46.69
1377357349, 46.69
1377357354, 46.69
1377357359, 46.69
1377357364, 46.69
1377357369, 46.69
1377357374, 46.69
1377357379, 46.69
1377357384, 46.69
1377357389, 46.69
1377357394, 46.69
1377357399, 46.69
1377357404, 46.69
1377357409, 46.69
1377357414, 46.69
1377357419, 46.69
1377357424, 46.69
1377357429, 46.69
1377357434, 46.69
1377357439, 46.69
1377357444, 46.69
1377357449, 46.69
1377357454, 46.69
1377357459, 46.69
1377357464, 46.69
1377357469, 46.69
1377357474, 46.69
1377357479, 46.69
1377357484, 46.69
1377357489, 46.69
1377357494, 46.69
1377357499, 46.69
1377357504, 46.69
1377357509, 46.69
1377357514, 46.69
1377357519, 46.69
1377357524, 46.69
1377357529, 46.69
1377357534, 46.69
1377357539, 46.66
1377357544, 46.69
1377357549, 46.69
1377357554, 46.69
1377357559, 46.69
1377357564, 46.69
1377357569, 46.69
1377357574, 46.69
1377357579, 46.69
1377357584, 46.66
1377357589, 46.69
1377357594, 46.66
1377357599, 46.69
1377357604, 46.69
1377357609, 46.69
1377357614, 46.69
1377357619, 46.69
1377357624, 46.69
1377357629, 46.69
1377357634, 46.69
1377357639, 46.69
1377357644, 46.66
1377357649, 46.69
1377357654, 46.69
1377357659, 46.66
1377357664, 46.66
1377357669, 46.69
1377357674, 46.69
1377357679, 46.66
1377357684, 46.69
1377357689, 46.69
1377357694, 46.66
1377357699, 46.69
1377357704, 46.66
1377357709, 46.66
1377357714, 46.69
1377357719, 46.66
1377357724, 46.69
1377357729, 46.69
1377357734, 46.66
1377357739, 46.66
1377357744, 46.66
1377357749, 46.66
1377357754, 46.66
1377357759, 46.69
1377357764, 46.66
1377357769, 46.69
1377357774, 46.69
1377357779, 46.69
1377357784, 46.66
1377357789, 46.66
1377357794, 46.69
1377357799, 46.66
1377357804, 46.69
1377357809, 46.69
1377357814, 46.69
1377357819, 46.69
1377357824, 46.66
1377357829, 46.66
1377357834, 46.66
1377357839, 46.66
1377357844, 46.69
1377357849, 46.66
1377357854, 46.69
1377357859, 46.66
1377357864, 46.66
1377357869, 46.66
1377357874, 46.69
1377357879, 46.69
1377357884, 46.66
1377357889, 46.69
1377357894, 46.69
1377357899, 46.69
1377357904, 46.69
1377357909, 46.69
1377357914, 46.69
1377357919, 46.69
1377357924, 46.69
1377357929, 46.69
1377357934, 46.69
1377357939, 46.69
1377357944, 46.69
1377357949, 46.69
1377357954, 46.66
1377357959, 46.69
1377357964, 46.66
1377357969, 46.69
1377357974, 46.69
1377357979, 46.66
1377357984, 46.69
1377357989, 46.66
1377357994, 46.69
1377357999, 46.66
1377358004, 46.69
1377358009, 46.69
1377358014, 46.69
1377358019, 46.69
1377358024, 46.69
1377358029, 46.69
1377358034, 46.69
1377358039, 46.69
1377358044, 46.69
1377358049, 46.69
1377358054, 46.69
1377358059, 46.66
1377358064, 46.69
1377358069, 46.69
1377358074, 46.69
1377358079, 46.69
1377358084, 46.69
1377358089, 46.69
1377358094, 46.69
1377358099, 46.69
1377358104, 46.69
1377358109, 46.69
1377358114, 46.69
1377358119, 46.69
1377358124, 46.69
1377358129, 46.66
1377358134, 46.69
1377358139, 46.69
1377358144, 46.69
1377358149, 46.69
1377358154, 46.69
1377358159, 46.69
1377358164, 46.69
1377358169, 46.69
1377358174, 46.69
1377358179, 46.69
1377358184, 46.69
1377358189, 46.69
1377358194, 46.69
1377358199, 46.69
1377358204, 46.69
1377358209, 46.69
1377358214, 46.69
1377358219, 46.69
1377358224, 46.69
1377358229, 46.69
1377358234, 46.69
1377358239, 46.66
1377358244, 46.69
1377358249, 46.69
1377358254, 46.69
1377358259, 46.69
1377358264, 46.69
1377358269, 46.69
1377358274, 46.69
1377358279, 46.69
1377358284, 46.69
1377358289, 46.69
1377358294, 46.69
1377358299, 46.69
1377358304, 46.69
1377358309, 46.69
1377358314, 46.69
1377358319, 46.69
1377358324, 46.69
1377358329, 46.69
1377358334, 46.69
1377358339, 46.69
1377358344, 46.69
1377358349, 46.69
1377358354, 46.69
1377358359, 46.69
1377358364, 46.69
1377358369, 46.69
1377358374, 46.69
1377358379, 46.69
1377358384, 46.69
1377358389, 46.69
1377358394, 46.69
1377358399, 46.69
1377358404, 46.69
1377358409, 46.69
1377358414, 46.69
1377358419, 46.69
1377358424, 46.69
1377358429, 46.69
1377358434, 46.69
1377358439, 46.69
1377358444, 46.69
1377358449, 46.69
1377358454, 46.69
1377358459, 46.69
1377358464, 46.69
1377358469, 46.69
1377358474, 46.69
1377358479, 46.69
1377358484, 46.69
1377358489, 46.69
1377358494, 46.69
1377358499, 46.69
1377358504, 46.69
1377358509, 46.69
1377358514, 46.69
1377358519, 46.69
1377358524, 46.69
1377358529, 46.69
1377358534, 46.69
1377358539, 46.69
1377358544, 46.69
1377358549, 46.69
1377358554, 46.69
1377358559, 46.69
1377358564, 46.69
1377358569, 46.69
1377358574, 46.69
1377358579, 46.69
1377358584, 46.69
1377358589, 46.69
1377358594, 46.69
1377358599, 46.69
1377358604, 46.69
1377358609, 46.69
1377358614, 46.69
1377358619, 46.69
1377358624, 46.69
1377358629, 46.69
1377358634, 46.69
1377358639, 46.69
1377358644, 46.69
1377358649, 46.69
1377358654, 46.69
1377358659, 46.69
1377358664, 46.69
1377358669, 46.69
1377358674, 46.69
1377358679, 46.69
1377358684, 46.69
1377358689, 46.69
1377358694, 46.69
1377358699, 46.69
1377358704, 46.69
1377358709, 46.69
1377358714, 46.69
1377358719, 46.69
1377358724, 46.72
1377358729, 46.69
1377358734, 46.69
1377358739, 46.69
1377358744, 46.69
1377358749, 46.69
1377358754, 46.69
1377358759, 46.69
1377358764, 46.69
1377358769, 46.69
1377358774, 46.69
1377358779, 46.69
1377358784, 46.69
1377358789, 46.72
1377358794, 46.72
1377358799, 46.69
1377358804, 46.69
1377358809, 46.69
1377358814, 46.69
1377358819, 46.69
1377358824, 46.69
1377358829, 46.72
1377358834, 46.69
1377358839, 46.69
1377358844, 46.69
1377358849, 46.69
1377358854, 46.72
1377358859, 46.69
1377358864, 46.69
1377358869, 46.69
1377358874, 46.69
1377358879, 46.69
1377358884, 46.69
1377358889, 46.69
1377358894, 46.69
1377358899, 46.69
1377358904, 46.69
1377358909, 46.69
1377358914, 46.69
1377358919, 46.69
1377358924, 46.69
1377358929, 46.69
1377358934, 46.69
1377358939, 46.69
1377358944, 46.69
1377358949, 46.69
1377358954, 46.69
1377358959, 46.69
1377358964, 46.69
1377358969, 46.69
1377358974, 46.69
1377358979, 46.69
1377358984, 46.69
1377358989, 46.69
1377358994, 46.69
1377358999, 46.69
1377359004, 46.72
1377359009, 46.69
1377359014, 46.69
1377359019, 46.69
1377359024, 46.69
1377359029, 46.69
1377359034, 46.69
1377359039, 46.69
1377359044, 46.69
1377359049, 46.69
1377359054, 46.69
1377359059, 46.69
1377359064, 46.69
1377359069, 46.69
1377359074, 46.69
1377359079, 46.69
1377359084, 46.69
1377359089, 46.69
1377359094, 46.72
1377359099, 46.69
1377359104, 46.69
1377359109, 46.69
1377359114, 46.69
1377359119, 46.69
1377359124, 46.69
1377359129, 46.69
1377359134, 46.69
1377359139, 46.69
1377359144, 46.69
1377359149, 46.69
1377359154, 46.69
1377359159, 46.69
1377359164, 46.69
1377359169, 46.69
1377359174, 46.69
1377359179, 46.69
1377359184, 46.69
1377359189, 46.69
1377359194, 46.69
1377359199, 46.69
1377359204, 46.69
1377359209, 46.69
1377359214, 46.69
1377359219, 46.69
1377359224, 46.69
1377359229, 46.69
1377359234, 46.69
1377359239, 46.72
1377359244, 46.69
1377359249, 46.72
1377359254, 46.69
1377359259, 46.69
1377359264, 46.69
1377359269, 46.72
1377359274, 46.69
1377359279, 46.69
1377359284, 46.69
1377359289, 46.69
1377359294, 46.69
1377359299, 46.72
1377359304, 46.69
1377359309, 46.72
1377359314, 46.69
1377359319, 46.72
1377359324, 46.69
1377359329, 46.72
1377359334, 46.69
1377359339, 46.69
1377359344, 46.69
1377359349, 46.69
1377359354, 46.72
1377359359, 46.69
1377359364, 46.72
1377359369, 46.72
1377359374, 46.69
1377359379, 46.69
1377359384, 46.72
1377359389, 46.69
1377359394, 46.69
1377359399, 46.72
1377359404, 46.69
1377359409, 46.69
1377359414, 46.69
1377359419, 46.69
1377359424, 46.72
1377359429, 46.69
1377359434, 46.72
1377359439, 46.69
1377359444, 46.69
1377359449, 46.69
1377359454, 46.69
1377359459, 46.72
1377359464, 46.69
1377359469, 46.72
1377359474, 46.72
1377359479, 46.69
1377359484, 46.69
1377359489, 46.69
1377359494, 46.69
1377359499, 46.72
1377359504, 46.72
1377359509, 46.72
1377359514, 46.69
1377359519, 46.69
1377359524, 46.72
1377359529, 46.72
1377359534, 46.69
1377359539, 46.69
1377359544, 46.69
1377359549, 46.69
1377359554, 46.69
1377359559, 46.72
1377359564, 46.72
1377359569, 46.72
1377359574, 46.69
1377359579, 46.69
1377359584, 46.69
1377359589, 46.72
1377359594, 46.69
1377359599, 46.69
1377359604, 46.72
1377359609, 46.72
1377359614, 46.72
1377359619, 46.69
1377359624, 46.69
1377359629, 46.72
1377359634, 46.69
1377359639, 46.69
1377359644, 46.69
1377359649, 46.72
1377359654, 46.72
1377359659, 46.72
1377359664, 46.72
1377359669, 46.72
1377359674, 46.72
1377359679, 46.69
1377359684, 46.72
1377359689, 46.69
1377359694, 46.72
1377359699, 46.72
1377359704, 46.72
1377359709, 46.72
1377359714, 46.75
1377359719, 46.72
1377359724, 46.72
1377359729, 46.72
1377359734, 46.72
1377359739, 46.72
1377359744, 46.69
1377359749, 46.72
1377359754, 46.72
1377359759, 46.72
1377359764, 46.72
1377359769, 46.72
1377359774, 46.69
1377359779, 46.72
1377359784, 46.72
1377359789, 46.69
1377359794, 46.69
1377359799, 46.72
1377359804, 46.72
1377359809, 46.72
1377359814, 46.72
1377359819, 46.72
1377359824, 46.72
1377359829, 46.72
1377359834, 46.69
1377359839, 46.75
1377359844, 46.72
1377359849, 46.72
1377359854, 46.72
1377359859, 46.69
1377359864, 46.69
1377359869, 46.72
1377359874, 46.72
1377359879, 46.72
1377359884, 46.75
1377359889, 46.72
1377359894, 46.75
1377359899, 46.72
1377359904, 46.72
1377359909, 46.72
1377359914, 46.72
1377359919, 46.69
1377359924, 46.72
1377359929, 46.72
1377359934, 46.72
1377359939, 46.72
1377359944, 46.72
1377359949, 46.72
1377359954, 46.72
1377359959, 46.75
1377359964, 46.72
1377359969, 46.75
1377359974, 46.75
1377359979, 46.75
1377359984, 46.75
1377359989, 46.72
1377359994, 46.72
1377359999, 46.72
1377360004, 46.75
1377360009, 46.75
1377360014, 46.72
1377360019, 46.75
1377360024, 46.72
1377360029, 46.72
1377360034, 46.72
1377360039, 46.72
1377360044, 46.72
1377360049, 46.75
1377360054, 46.72
1377360059, 46.72
1377360064, 46.75
1377360069, 46.72
1377360074, 46.69
1377360079, 46.72
1377360084, 46.72
1377360089, 46.75
1377360094, 46.72
1377360099, 46.75
1377360104, 46.75
1377360109, 46.72
1377360114, 46.75
1377360119, 46.72
1377360124, 46.75
1377360129, 46.75
1377360134, 46.75
1377360139, 46.75
1377360144, 46.75
1377360149, 46.72
1377360154, 46.75
1377360159, 46.72
1377360164, 46.72
1377360169, 46.72
1377360174, 46.72
1377360179, 46.75
1377360184, 46.75
1377360189, 46.75
1377360194, 46.75
1377360199, 46.75
1377360204, 46.75
1377360209, 46.75
1377360214, 46.75
1377360219, 46.72
1377360224, 46.72
1377360229, 46.72
1377360234, 46.75
1377360239, 46.75
1377360244, 46.75
1377360249, 46.75
1377360254, 46.75
1377360259, 46.72
1377360264, 46.75
1377360269, 46.72
1377360274, 46.75
1377360279, 46.75
1377360284, 46.75
1377360289, 46.75
1377360294, 46.75
1377360299, 46.75
1377360304, 46.75
1377360309, 46.72
1377360314, 46.75
1377360319, 46.75
1377360324, 46.75
1377360329, 46.75
1377360334, 46.75
1377360339, 46.75
1377360344, 46.72
1377360349, 46.75
1377360354, 46.75
1377360359, 46.75
1377360364, 46.75
1377360369, 46.75
1377360374, 46.72
1377360379, 46.72
1377360384, 46.75
1377360389, 46.75
1377360394, 46.72
1377360399, 46.72
1377360404, 46.75
1377360409, 46.75
1377360414, 46.75
1377360419, 46.75
1377360424, 46.75
1377360429, 46.75
1377360434, 46.75
1377360439, 46.75
1377360444, 46.75
1377360449, 46.75
1377360454, 46.75
1377360459, 46.75
1377360464, 46.75
1377360469, 46.75
1377360474, 46.75
1377360479, 46.75
1377360484, 46.75
1377360489, 46.72
1377360494, 46.75
1377360499, 46.75
1377360504, 46.75
1377360509, 46.75
1377360514, 46.75
1377360519, 46.75
1377360524, 46.75
1377360529, 46.75
1377360534, 46.75
1377360539, 46.75
1377360544, 46.75
1377360549, 46.75
1377360554, 46.75
1377360559, 46.75
1377360564, 46.75
1377360569, 46.75
1377360574, 46.75
1377360579, 46.75
1377360584, 46.75
1377360589, 46.75
1377360594, 46.75
1377360599, 46.75
1377360604, 46.75
1377360609, 46.75
1377360614, 46.75
1377360619, 46.75
1377360624, 46.75
1377360629, 46.75
1377360634, 46.75
1377360639, 46.75
1377360644, 46.75
1377360649, 46.75
1377360654, 46.75
1377360659, 46.75
1377360664, 46.75
1377360669, 46.75
1377360674, 46.75
1377360679, 46.75
1377360684, 46.75
1377360689, 46.79
1377360694, 46.75
1377360699, 46.75
1377360704, 46.75
1377360709, 46.75
1377360714, 46.75
1377360719, 46.79
1377360724, 46.75
1377360729, 46.75
1377360734, 46.75
1377360739, 46.75
1377360744, 46.75
1377360749, 46.75
1377360754, 46.75
1377360759, 46.75
1377360764, 46.75
1377360769, 46.75
1377360774, 46.75
1377360779, 46.75
1377360784, 46.75
1377360789, 46.75
1377360794, 46.75
1377360799, 46.75
1377360804, 46.75
1377360809, 46.75
1377360814, 46.75
1377360819, 46.75
1377360824, 46.75
1377360829, 46.75
1377360834, 46.79
1377360839, 46.79
1377360844, 46.75
1377360849, 46.75
1377360854, 46.75
1377360859, 46.75
1377360864, 46.75
1377360869, 46.79
1377360874, 46.75
1377360879, 46.75
1377360884, 46.79
1377360889, 46.79
1377360894, 46.75
1377360899, 46.75
1377360904, 46.75
1377360909, 46.79
1377360914, 46.75
1377360919, 46.75
1377360924, 46.79
1377360929, 46.75
1377360934, 46.79
1377360939, 46.75
1377360944, 46.79
1377360949, 46.75
1377360954, 46.75
1377360959, 46.75
1377360964, 46.79
1377360969, 46.75
1377360974, 46.79
1377360979, 46.75
1377360984, 46.75
1377360989, 46.75
1377360994, 46.75
1377360999, 46.79
1377361004, 46.79
1377361009, 46.79
1377361014, 46.79
1377361019, 46.79
1377361024, 46.75
1377361029, 46.79
1377361034, 46.75
1377361039, 46.79
1377361044, 46.75
1377361049, 46.79
1377361054, 46.75
1377361059, 46.79
1377361064, 46.75
1377361069, 46.79
1377361074, 46.79
1377361079, 46.79
1377361084, 46.79
1377361089, 46.79
1377361094, 46.75
1377361099, 46.79
1377361104, 46.79
1377361109, 46.79
1377361114, 46.79
1377361119, 46.75
1377361124, 46.79
1377361129, 46.79
1377361134, 46.79
1377361139, 46.79
1377361144, 46.79
1377361149, 46.75
1377361154, 46.79
1377361159, 46.79
1377361164, 46.79
1377361169, 46.79
1377361174, 46.79
1377361179, 46.79
1377361184, 46.79
1377361189, 46.79
1377361194, 46.79
1377361199, 46.79
1377361204, 46.79
1377361209, 46.75
1377361214, 46.79
1377361219, 46.79
1377361224, 46.75
1377361229, 46.79
1377361234, 46.79
1377361239, 46.79
1377361244, 46.79
1377361249, 46.79
1377361254, 46.82
1377361259, 46.79
1377361264, 46.75
1377361269, 46.79
1377361274, 46.79
1377361279, 46.79
1377361284, 46.79
1377361289, 46.79
1377361294, 46.82
1377361299, 46.79
1377361304, 46.79
1377361309, 46.79
1377361314, 46.79
1377361319, 46.79
1377361324, 46.79
1377361329, 46.79
1377361334, 46.79
1377361339, 46.79
1377361344, 46.82
1377361349, 46.79
1377361354, 46.79
1377361359, 46.79
1377361364, 46.79
1377361369, 46.79
1377361374, 46.82
1377361379, 46.79
1377361384, 46.82
1377361389, 46.79
1377361394, 46.79
1377361399, 46.79
1377361404, 46.79
1377361409, 46.79
1377361414, 46.79
1377361419, 46.79
1377361424, 46.79
1377361429, 46.82
1377361434, 46.82
1377361439, 46.82
1377361444, 46.79
1377361449, 46.79
1377361454, 46.79
1377361459, 46.79
1377361464, 46.75
1377361469, 46.79
1377361474, 46.79
1377361479, 46.79
1377361484, 46.79
1377361489, 46.79
1377361494, 46.79
1377361499, 46.82
1377361504, 46.79
1377361509, 46.79
1377361514, 46.79
1377361519, 46.79
1377361524, 46.79
1377361529, 46.79
1377361534, 46.79
1377361539, 46.79
1377361544, 46.79
1377361549, 46.75
1377361554, 46.82
1377361559, 46.79
1377361564, 46.79
1377361569, 46.79
1377361574, 46.79
1377361579, 46.79
1377361584, 46.79
1377361589, 46.82
1377361594, 46.79
1377361599, 46.79
1377361604, 46.82
1377361609, 46.79
1377361614, 46.79
1377361619, 46.79
1377361624, 46.79
1377361629, 46.79
1377361634, 46.79
1377361639, 46.79
1377361644, 46.79
1377361649, 46.79
1377361654, 46.79
1377361659, 46.79
1377361664, 46.79
1377361669, 46.82
1377361674, 46.79
1377361679, 46.82
1377361684, 46.79
1377361689, 46.79
1377361694, 46.82
1377361699, 46.79
1377361704, 46.82
1377361709, 46.79
1377361714, 46.82
1377361719, 46.79
1377361724, 46.79
1377361729, 46.79
1377361734, 46.82
1377361739, 46.79
1377361744, 46.79
1377361749, 46.79
1377361754, 46.79
1377361759, 46.79
1377361764, 46.79
1377361769, 46.79
1377361774, 46.82
1377361779, 46.82
1377361784, 46.79
1377361789, 46.82
1377361794, 46.82
1377361799, 46.82
1377361804, 46.82
1377361809, 46.82
1377361814, 46.82
1377361819, 46.82
1377361824, 46.82
1377361829, 46.82
1377361834, 46.82
1377361839, 46.82
1377361844, 46.79
1377361849, 46.82
1377361854, 46.79
1377361859, 46.79
1377361864, 46.82
1377361869, 46.82
1377361874, 46.82
1377361879, 46.82
1377361884, 46.82
1377361889, 46.82
1377361894, 46.82
1377361899, 46.82
1377361904, 46.79
1377361909, 46.82
1377361914, 46.82
1377361919, 46.82
1377361924, 46.79
1377361929, 46.79
1377361934, 46.82
1377361939, 46.82
1377361944, 46.82
1377361949, 46.82
1377361954, 46.82
1377361959, 46.82
1377361964, 46.82
1377361969, 46.79
1377361974, 46.82
1377361979, 46.82
1377361984, 46.79
1377361989, 46.82
1377361994, 46.82
1377361999, 46.82
1377362004, 46.82
1377362009, 46.82
1377362014, 46.82
1377362019, 46.82
1377362024, 46.82
1377362029, 46.82
1377362034, 46.82
1377362039, 46.79
1377362044, 46.79
1377362049, 46.82
1377362054, 46.82
1377362059, 46.82
1377362064, 46.82
1377362069, 46.82
1377362074, 46.82
1377362079, 46.82
1377362084, 46.82
1377362089, 46.79
1377362094, 46.82
1377362099, 46.82
1377362104, 46.82
1377362109, 46.82
1377362114, 46.82
1377362119, 46.82
1377362124, 46.82
1377362129, 46.82
1377362134, 46.82
1377362139, 46.82
1377362144, 46.82
1377362149, 46.82
1377362154, 46.82
1377362159, 46.82
1377362164, 46.82
1377362169, 46.82
1377362174, 46.82
1377362179, 46.82
1377362184, 46.82
1377362189, 46.82
1377362194, 46.82
1377362199, 46.79
1377362204, 46.82
1377362209, 46.82
1377362214, 46.82
1377362219, 46.82
1377362224, 46.82
1377362229, 46.82
1377362234, 46.79
1377362239, 46.82
1377362244, 46.82
1377362249, 46.82
1377362254, 46.79
1377362259, 46.82
1377362264, 46.82
1377362269, 46.82
1377362274, 46.82
1377362279, 46.82
1377362284, 46.82
1377362289, 46.82
1377362294, 46.79
1377362299, 46.82
1377362304, 46.79
1377362309, 46.82
1377362314, 46.82
1377362319, 46.82
1377362324, 46.82
1377362329, 46.82
1377362334, 46.82
1377362339, 46.82
1377362344, 46.82
1377362349, 46.82
1377362354, 46.82
1377362359, 46.79
1377362364, 46.79
1377362369, 46.82
1377362374, 46.82
1377362379, 46.82
1377362384, 46.79
1377362389, 46.79
1377362394, 46.82
1377362399, 46.82
1377362404, 46.82
1377362409, 46.82
1377362414, 46.82
1377362419, 46.82
1377362424, 46.82
1377362429, 46.82
1377362434, 46.82
1377362439, 46.82
1377362444, 46.82
1377362449, 46.82
1377362454, 46.79
1377362459, 46.82
1377362464, 46.82
1377362469, 46.82
1377362474, 46.82
1377362479, 46.82
1377362484, 46.82
1377362489, 46.82
1377362494, 46.82
1377362499, 46.82
1377362504, 46.82
1377362509, 46.82
1377362514, 46.82
1377362519, 46.82
1377362524, 46.82
1377362529, 46.82
1377362534, 46.82
1377362539, 46.82
1377362544, 46.82
1377362549, 46.82
1377362554, 46.82
1377362559, 46.82
1377362564, 46.82
1377362569, 46.82
1377362574, 46.82
1377362579, 46.82
1377362584, 46.82
1377362589, 46.82
1377362594, 46.82
1377362599, 46.82
1377362604, 46.82
1377362609, 46.82
1377362614, 46.82
1377362619, 46.82
1377362624, 46.82
1377362629, 46.82
1377362634, 46.82
1377362639, 46.82
1377362644, 46.82
1377362649, 46.82
1377362654, 46.82
1377362659, 46.82
1377362664, 46.82
1377362669, 46.82
1377362674, 46.82
1377362679, 46.82
1377362684, 46.82
1377362689, 46.82
1377362694, 46.82
1377362699, 46.82
1377362704, 46.82
1377362709, 46.82
1377362714, 46.82
1377362719, 46.79
1377362724, 46.82
1377362729, 46.82
1377362734, 46.82
1377362739, 46.82
1377362744, 46.82
1377362749, 46.82
1377362754, 46.82
1377362759, 46.82
1377362764, 46.82
1377362769, 46.82
1377362774, 46.82
1377362779, 46.82
1377362784, 46.82
1377362789, 46.82
1377362794, 46.82
1377362799, 46.82
1377362804, 46.82
1377362809, 46.82
1377362814, 46.82
1377362819, 46.82
1377362824, 46.82
1377362829, 46.82
1377362834, 46.82
1377362839, 46.82
1377362844, 46.82
1377362849, 46.82
1377362854, 46.82
1377362859, 46.82
1377362864, 46.79
1377362869, 46.82
1377362874, 46.82
1377362879, 46.82
1377362884, 46.82
1377362889, 46.82
1377362894, 46.82
1377362899, 46.82
1377362904, 46.82
1377362909, 46.82
1377362914, 46.82
1377362919, 46.82
1377362924, 46.79
1377362929, 46.82
1377362934, 46.82
1377362939, 46.82
1377362944, 46.82
1377362949, 46.82
1377362954, 46.82
1377362959, 46.82
1377362964, 46.82
1377362969, 46.82
1377362974, 46.82
1377362979, 46.82
1377362984, 46.82
1377362989, 46.82
1377362994, 46.82
1377362999, 46.82
1377363004, 46.82
1377363009, 46.82
1377363014, 46.82
1377363019, 46.82
1377363024, 46.79
1377363029, 46.82
1377363034, 46.82
1377363039, 46.82
1377363044, 46.82
1377363049, 46.79
1377363054, 46.82
1377363059, 46.82
1377363064, 46.82
1377363069, 46.82
1377363074, 46.82
1377363079, 46.82
1377363084, 46.82
1377363089, 46.79
1377363094, 46.82
1377363099, 46.82
1377363104, 46.82
1377363109, 46.82
1377363114, 46.82
1377363119, 46.82
1377363124, 46.82
1377363129, 46.79
1377363134, 46.82
1377363139, 46.82
1377363144, 46.79
1377363149, 46.79
1377363154, 46.82
1377363159, 46.82
1377363164, 46.82
1377363169, 46.82
1377363174, 46.82
1377363179, 46.82
1377363184, 46.82
1377363189, 46.82
1377363194, 46.79
1377363199, 46.82
1377363204, 46.82
1377363209, 46.82
1377363214, 46.79
1377363219, 46.82
1377363224, 46.82
1377363229, 46.82
1377363234, 46.82
1377363239, 46.79
1377363244, 46.82
1377363249, 46.82
1377363254, 46.82
1377363259, 46.79
1377363264, 46.82
1377363269, 46.82
1377363274, 46.82
1377363279, 46.82
1377363284, 46.82
1377363289, 46.82
1377363294, 46.79
1377363299, 46.79
1377363304, 46.79
1377363314, 46.82
1377363319, 46.82
1377363324, 46.79
1377363329, 46.79
1377363334, 46.82
1377363339, 46.82
1377363344, 46.79
1377363349, 46.79
1377363354, 46.79
1377363359, 46.82
1377363364, 46.82
1377363369, 46.82
1377363374, 46.79
1377363379, 46.79
1377363384, 46.82
1377363389, 46.82
1377363394, 46.79
1377363399, 46.82
1377363404, 46.82
1377363409, 46.79
1377363414, 46.82
1377363419, 46.79
1377363424, 46.82
1377363429, 46.82
1377363434, 46.82
1377363439, 46.82
1377363444, 46.79
1377363449, 46.82
1377363454, 46.79
1377363459, 46.82
1377363464, 46.82
1377363469, 46.79
1377363474, 46.82
1377363479, 46.79
1377363484, 46.79
1377363489, 46.82
1377363494, 46.79
1377363499, 46.79
1377363504, 46.79
1377363509, 46.82
1377363514, 46.79
1377363519, 46.79
1377363524, 46.82
1377363529, 46.82
1377363534, 46.82
1377363539, 46.82
1377363544, 46.82
1377363549, 46.82
1377363554, 46.79
1377363559, 46.82
1377363564, 46.79
1377363569, 46.79
1377363574, 46.82
1377363579, 46.79
1377363584, 46.82
1377363589, 46.79
1377363594, 46.79
1377363599, 46.82
1377363604, 46.82
1377363609, 46.82
1377363614, 46.79
1377363624, 46.79
1377363629, 46.79
1377363634, 46.82
1377363639, 46.82
1377363644, 46.79
1377363649, 46.79
1377363654, 46.79
1377363659, 46.79
1377363664, 46.82
1377363669, 46.82
1377363674, 46.82
1377363679, 46.79
1377363684, 46.82
1377363689, 46.79
1377363694, 46.79
1377363699, 46.82
1377363704, 46.79
1377363709, 46.79
1377363714, 46.82
1377363719, 46.79
1377363724, 46.75
1377363729, 46.79
1377363734, 46.79
1377363739, 46.79
1377363744, 46.79
1377363749, 46.75
1377363754, 46.82
1377363759, 46.79
1377363764, 46.79
1377363769, 46.79
1377363774, 46.79
1377363779, 46.82
1377363784, 46.79
1377363789, 46.79
1377363794, 46.79
1377363799, 46.82
1377363804, 46.79
1377363809, 46.82
1377363814, 46.82
1377363819, 46.82
1377363824, 46.82
1377363829, 46.79
1377363834, 46.82
1377363839, 46.82
1377363844, 46.79
1377363849, 46.79
1377363854, 46.79
1377363859, 46.82
1377363865, 46.82
1377363869, 46.82
1377363874, 46.79
1377363879, 46.82
1377363884, 46.82
1377363889, 46.79
1377363894, 46.79
1377363899, 46.79
1377363904, 46.82
1377363909, 46.79
1377363914, 46.79
1377363919, 46.79
1377363924, 46.79
1377363934, 46.75
1377363939, 46.79
1377363944, 46.79
1377363949, 46.79
1377363954, 46.79
1377363959, 46.82
1377363964, 46.82
1377363969, 46.79
1377363974, 46.79
1377363979, 46.82
1377363984, 46.82
1377363989, 46.79
1377363994, 46.82
1377363999, 46.82
1377364004, 46.82
1377364009, 46.79
1377364014, 46.82
1377364019, 46.82
1377364024, 46.82
1377364034, 46.79
1377364044, 46.79
1377364049, 46.82
1377364054, 46.79
1377364064, 46.82
1377364069, 46.82
1377364074, 46.82
1377364079, 46.82
1377364084, 46.82
1377364089, 46.82
1377364094, 46.82
1377364099, 46.82
1377364104, 46.82
1377364109, 46.79
1377364114, 46.82
1377364119, 46.79
1377364124, 46.82
1377364134, 46.79
1377364144, 46.82
1377364149, 46.79
1377364154, 46.82
1377364164, 46.82
1377364169, 46.82
1377364174, 46.82
1377364179, 46.79
1377364184, 46.79
1377364189, 46.79
1377364194, 46.79
1377364199, 46.82
1377364204, 46.79
1377364209, 46.82
1377364214, 46.82
1377364219, 46.82
1377364224, 46.79
1377364234, 46.82
1377364239, 46.82
1377364244, 46.82
1377364254, 46.82
1377364259, 46.79
1377364264, 46.82
1377364269, 46.82
1377364274, 46.82
1377364284, 46.82
1377364294, 46.79
1377364299, 46.79
1377364304, 46.82
1377364309, 46.82
1377364314, 46.82
1377364319, 46.79
1377364324, 46.79
1377364334, 46.82
1377364344, 46.82
1377364349, 46.82
1377364354, 46.82
1377364359, 46.79
1377364364, 46.79
1377364369, 46.82
1377364374, 46.82
1377364379, 46.82
1377364384, 46.79
1377364389, 46.82
1377364394, 46.82
1377364399, 46.79
1377364404, 46.79
1377364409, 46.79
1377364414, 46.79
1377364419, 46.79
1377364424, 46.82
1377364429, 46.79
1377364434, 46.82
1377364439, 46.82
1377364444, 46.79
1377364449, 46.82
1377364454, 46.82
1377364459, 46.79
1377364464, 46.79
1377364469, 46.82
1377364474, 46.79
1377364479, 46.82
1377364484, 46.82
1377364489, 46.79
1377364494, 46.79
1377364499, 46.82
1377364504, 46.82
1377364509, 46.82
1377364514, 46.82
1377364519, 46.82
1377364524, 46.82
1377364529, 46.82
1377364534, 46.82
1377364539, 46.82
1377364544, 46.82
1377364549, 46.82
1377364554, 46.82
1377364559, 46.82
1377364564, 46.82
1377364569, 46.82
1377364574, 46.82
1377364579, 46.82
1377364584, 46.79
1377364589, 46.82
1377364594, 46.82
1377364599, 46.79
1377364604, 46.82
1377364609, 46.79
1377364614, 46.79
1377364619, 46.82
1377364624, 46.79
1377364629, 46.79
1377364634, 46.79
1377364644, 46.82
1377364649, 46.82
1377364654, 46.79
1377364659, 46.82
1377364664, 46.82
1377364669, 46.82
1377364674, 46.79
1377364679, 46.82
1377364684, 46.79
1377364689, 46.82
1377364694, 46.82
1377364699, 46.82
1377364704, 46.82
1377364709, 46.82
1377364714, 46.82
1377364719, 46.79
1377364724, 46.82
1377364729, 46.82
1377364734, 46.82
1377364739, 46.82
1377364744, 46.82
1377364749, 46.82
1377364754, 46.79
1377364759, 46.82
1377364764, 46.82
1377364769, 46.82
1377364774, 46.82
1377364779, 46.82
1377364784, 46.82
1377364789, 46.82
1377364794, 46.82
1377364799, 46.82
1377364804, 46.82
1377364809, 46.82
1377364814, 46.82
1377364819, 46.82
1377364824, 46.82
1377364834, 46.79
1377364839, 46.82
1377364844, 46.79
1377364849, 46.82
1377364854, 46.82
1377364859, 46.82
1377364864, 46.82
1377364869, 46.82
1377364874, 46.82
1377364879, 46.82
1377364884, 46.82
1377364889, 46.82
1377364894, 46.82
1377364899, 46.82
1377364904, 46.82
1377364909, 46.79
1377364914, 46.82
1377364919, 46.82
1377364924, 46.82
1377364929, 46.82
1377364934, 46.82
1377364939, 46.82
1377364944, 46.82
1377364949, 46.82
1377364954, 46.82
1377364959, 46.82
1377364964, 46.82
1377364969, 46.82
1377364974, 46.82
1377364979, 46.82
1377364984, 46.82
1377364989, 46.82
1377364994, 46.82
1377364999, 46.82
1377365004, 46.82
1377365009, 46.82
1377365014, 46.82
1377365019, 46.82
1377365024, 46.82
1377365029, 46.82
1377365034, 46.82
1377365039, 46.82
1377365044, 46.82
1377365049, 46.82
1377365054, 46.82
1377365059, 46.82
1377365064, 46.82
1377365069, 46.82
1377365074, 46.82
1377365079, 46.82
1377365084, 46.82
1377365089, 46.82
1377365094, 46.82
1377365099, 46.82
1377365104, 46.82
1377365109, 46.82
1377365114, 46.82
1377365119, 46.82
1377365124, 46.82
1377365129, 46.82
1377365134, 46.82
1377365139, 46.82
1377365144, 46.82
1377365149, 46.82
1377365154, 46.82
1377365159, 46.82
1377365164, 46.82
1377365169, 46.85
1377365174, 46.82
1377365179, 46.82
1377365184, 46.82
1377365189, 46.82
1377365194, 46.82
1377365199, 46.82
1377365204, 46.82
1377365209, 46.82
1377365214, 46.82
1377365219, 46.82
1377365224, 46.82
1377365229, 46.82
1377365234, 46.82
1377365239, 46.85
1377365244, 46.82
1377365249, 46.82
1377365254, 46.82
1377365259, 46.82
1377365264, 46.82
1377365269, 46.82
1377365274, 46.82
1377365279, 46.82
1377365284, 46.82
1377365289, 46.82
1377365294, 46.82
1377365299, 46.82
1377365304, 46.82
1377365309, 46.82
1377365314, 46.82
1377365319, 46.82
1377365324, 46.85
1377365329, 46.82
1377365334, 46.82
1377365339, 46.82
1377365344, 46.82
1377365349, 46.82
1377365354, 46.82
1377365359, 46.82
1377365364, 46.82
1377365369, 46.82
1377365374, 46.82
1377365379, 46.82
1377365384, 46.82
1377365389, 46.82
1377365394, 46.82
1377365399, 46.85
1377365404, 46.85
1377365409, 46.82
1377365414, 46.85
1377365419, 46.82
1377365424, 46.85
1377365429, 46.82
1377365434, 46.85
1377365439, 46.82
1377365444, 46.82
1377365449, 46.82
1377365454, 46.82
1377365459, 46.82
1377365464, 46.82
1377365469, 46.85
1377365474, 46.82
1377365479, 46.82
1377365484, 46.82
1377365489, 46.82
1377365494, 46.82
1377365499, 46.82
1377365504, 46.82
1377365509, 46.82
1377365514, 46.82
1377365519, 46.85
1377365524, 46.85
1377365529, 46.85
1377365534, 46.82
1377365539, 46.85
1377365544, 46.85
1377365549, 46.85
1377365554, 46.82
1377365559, 46.85
1377365564, 46.85
1377365569, 46.82
1377365574, 46.85
1377365579, 46.82
1377365584, 46.85
1377365589, 46.82
1377365594, 46.82
1377365599, 46.85
1377365604, 46.82
1377365609, 46.85
1377365614, 46.82
1377365619, 46.82
1377365624, 46.82
1377365629, 46.85
1377365634, 46.85
1377365639, 46.85
1377365644, 46.85
1377365649, 46.85
1377365654, 46.85
1377365659, 46.85
1377365664, 46.85
1377365669, 46.82
1377365674, 46.85
1377365679, 46.85
1377365684, 46.85
1377365689, 46.89
1377365694, 46.85
1377365699, 46.85
1377365704, 46.85
1377365709, 46.85
1377365714, 46.85
1377365719, 46.85
1377365724, 46.85
1377365729, 46.85
1377365734, 46.89
1377365739, 46.85
1377365744, 46.85
1377365749, 46.85
1377365754, 46.85
1377365759, 46.85
1377365764, 46.85
1377365769, 46.85
1377365774, 46.85
1377365779, 46.82
1377365784, 46.89
1377365789, 46.85
1377365794, 46.89
1377365799, 46.85
1377365804, 46.85
1377365809, 46.85
1377365814, 46.85
1377365819, 46.89
1377365824, 46.89
1377365829, 46.85
1377365834, 46.85
1377365839, 46.89
1377365844, 46.89
1377365849, 46.89
1377365854, 46.85
1377365859, 46.85
1377365864, 46.85
1377365869, 46.85
1377365874, 46.85
1377365879, 46.89
1377365884, 46.89
1377365889, 46.89
1377365894, 46.89
1377365899, 46.89
1377365904, 46.85
1377365909, 46.89
1377365914, 46.89
1377365919, 46.89
1377365924, 46.89
1377365929, 46.89
1377365934, 46.89
1377365939, 46.89
1377365944, 46.85
1377365949, 46.85
1377365954, 46.89
1377365959, 46.89
1377365964, 46.89
1377365969, 46.89
1377365974, 46.89
1377365979, 46.89
1377365984, 46.89
1377365989, 46.89
1377365994, 46.89
1377365999, 46.89
1377366004, 46.89
1377366009, 46.89
1377366014, 46.89
1377366019, 46.89
1377366024, 46.89
1377366029, 46.89
1377366034, 46.89
1377366039, 46.89
1377366044, 46.89
1377366049, 46.89
1377366054, 46.89
1377366059, 46.89
1377366064, 46.89
1377366069, 46.89
1377366074, 46.89
1377366079, 46.89
1377366084, 46.89
1377366089, 46.89
1377366094, 46.89
1377366099, 46.89
1377366104, 46.92
1377366109, 46.89
1377366114, 46.89
1377366119, 46.89
1377366124, 46.89
1377366129, 46.89
1377366134, 46.89
1377366139, 46.92
1377366144, 46.89
1377366149, 46.89
1377366154, 46.89
1377366159, 46.89
1377366164, 46.89
1377366169, 46.89
1377366174, 46.89
1377366179, 46.89
1377366184, 46.89
1377366189, 46.89
1377366194, 46.89
1377366199, 46.89
1377366204, 46.92
1377366209, 46.89
1377366214, 46.89
1377366219, 46.89
1377366224, 46.89
1377366229, 46.89
1377366234, 46.89
1377366239, 46.92
1377366244, 46.89
1377366249, 46.89
1377366254, 46.89
1377366259, 46.89
1377366264, 46.92
1377366269, 46.89
1377366274, 46.89
1377366279, 46.92
1377366284, 46.92
1377366289, 46.89
1377366294, 46.89
1377366299, 46.89
1377366304, 46.92
1377366309, 46.92
1377366314, 46.89
1377366319, 46.92
1377366324, 46.92
1377366329, 46.95
1377366334, 46.89
1377366339, 46.95
1377366344, 46.92
1377366349, 46.92
1377366354, 46.92
1377366359, 46.92
1377366364, 46.92
1377366369, 46.92
1377366374, 46.92
1377366379, 46.95
1377366384, 46.92
1377366389, 46.95
1377366394, 46.92
1377366399, 46.92
1377366404, 46.92
1377366409, 46.92
1377366414, 46.92
1377366419, 46.92
1377366424, 46.92
1377366429, 46.95
1377366434, 46.92
1377366439, 46.95
1377366444, 46.92
1377366449, 46.95
1377366454, 46.95
1377366459, 46.95
1377366464, 46.95
1377366469, 46.95
1377366474, 46.92
1377366479, 46.95
1377366484, 46.95
1377366489, 46.95
1377366494, 46.95
1377366499, 46.95
1377366504, 46.95
1377366509, 46.95
1377366514, 46.95
1377366519, 46.95
1377366524, 46.95
1377366529, 46.95
1377366534, 46.95
1377366539, 46.95
1377366544, 46.95
1377366549, 46.95
1377366554, 46.95
1377366559, 46.92
1377366564, 46.95
1377366569, 46.95
1377366574, 46.95
1377366579, 46.95
1377366584, 46.95
1377366589, 46.95
1377366594, 46.95
1377366599, 46.95
1377366604, 46.95
1377366609, 46.95
1377366614, 46.95
1377366619, 46.95
1377366624, 46.95
1377366629, 46.95
1377366634, 46.95
1377366639, 46.95
1377366644, 46.95
1377366649, 46.95
1377366654, 46.95
1377366659, 46.95
1377366664, 46.95
1377366669, 46.95
1377366674, 46.95
1377366679, 46.95
1377366684, 46.95
1377366689, 46.95
1377366694, 46.95
1377366699, 46.95
1377366704, 46.95
1377366709, 46.95
1377366714, 46.95
1377366719, 46.98
1377366724, 46.98
1377366729, 46.98
1377366734, 46.98
1377366739, 46.95
1377366744, 46.98
1377366749, 46.98
1377366754, 46.98
1377366759, 46.95
1377366764, 46.98
1377366769, 47.02
1377366774, 46.95
1377366779, 46.95
1377366784, 46.95
1377366789, 47.02
1377366794, 46.98
1377366799, 46.98
1377366804, 46.98
1377366809, 46.98
1377366814, 46.98
1377366819, 46.98
1377366824, 46.98
1377366829, 46.98
1377366834, 46.98
1377366839, 46.98
1377366844, 46.98
1377366849, 46.98
1377366854, 47.02
1377366859, 47.02
1377366864, 47.02
1377366869, 46.98
1377366874, 47.02
1377366879, 47.02
1377366884, 47.02
1377366889, 47.02
1377366894, 46.98
1377366899, 46.95
1377366904, 46.98
1377366909, 47.02
1377366914, 47.02
1377366919, 47.02
1377366924, 47.02
1377366929, 46.98
1377366934, 46.98
1377366939, 47.02
1377366944, 47.02
1377366949, 47.02
1377366954, 46.98
1377366959, 47.02
1377366964, 47.02
1377366969, 46.98
1377366974, 47.02
1377366979, 47.02
1377366984, 47.02
1377366989, 47.02
1377366994, 47.02
1377366999, 47.02
1377367004, 47.02
1377367009, 47.02
1377367014, 47.02
1377367019, 47.02
1377367024, 47.02
1377367029, 47.02
1377367034, 47.02
1377367039, 47.02
1377367044, 47.02
1377367049, 47.02
1377367054, 47.02
1377367059, 47.02
1377367064, 47.02
1377367069, 47.02
1377367074, 47.02
1377367079, 47.02
1377367084, 47.02
1377367089, 47.02
1377367094, 47.02
1377367099, 47.02
1377367104, 47.02
1377367109, 47.02
1377367114, 47.02
1377367119, 47.02
1377367124, 47.05
1377367129, 47.02
1377367134, 47.02
1377367139, 47.02
1377367144, 47.05
1377367149, 47.02
1377367154, 47.02
1377367159, 47.02
1377367164, 47.02
1377367169, 47.02
1377367174, 47.05
1377367179, 47.05
1377367184, 47.05
1377367189, 47.02
1377367194, 47.05
1377367199, 47.05
1377367204, 47.02
1377367209, 47.05
1377367214, 47.02
1377367219, 47.02
1377367224, 47.05
1377367229, 47.05
1377367234, 47.02
1377367239, 47.02
1377367244, 47.08
1377367249, 47.05
1377367254, 47.05
1377367259, 47.05
1377367264, 47.05
1377367269, 47.05
1377367274, 47.02
1377367279, 47.05
1377367284, 47.05
1377367289, 47.05
1377367294, 47.08
1377367299, 47.05
1377367304, 47.08
1377367309, 47.05
1377367314, 47.05
1377367319, 47.05
1377367324, 47.05
1377367329, 47.05
1377367334, 47.05
1377367339, 47.05
1377367344, 47.05
1377367349, 47.05
1377367354, 47.08
1377367359, 47.05
1377367364, 47.05
1377367369, 47.08
1377367374, 47.05
1377367379, 47.05
1377367384, 47.05
1377367389, 47.08
1377367394, 47.08
1377367399, 47.05
1377367404, 47.05
1377367409, 47.08
1377367414, 47.08
1377367419, 47.08
1377367424, 47.05
1377367429, 47.08
1377367434, 47.08
1377367439, 47.08
1377367444, 47.08
1377367449, 47.08
1377367454, 47.08
1377367459, 47.08
1377367464, 47.08
1377367469, 47.08
1377367474, 47.05
1377367479, 47.08
1377367484, 47.08
1377367489, 47.08
1377367494, 47.08
1377367499, 47.08
1377367504, 47.08
1377367509, 47.08
1377367514, 47.08
1377367519, 47.08
1377367524, 47.08
1377367529, 47.08
1377367534, 47.08
1377367539, 47.08
1377367544, 47.08
1377367549, 47.08
1377367554, 47.08
1377367559, 47.08
1377367564, 47.08
1377367569, 47.05
1377367574, 47.08
1377367579, 47.08
1377367584, 47.08
1377367589, 47.08
1377367594, 47.08
1377367599, 47.08
1377367604, 47.08
1377367609, 47.08
1377367614, 47.08
1377367619, 47.08
1377367624, 47.08
1377367629, 47.08
1377367634, 47.08
1377367639, 47.08
1377367644, 47.08
1377367649, 47.08
1377367654, 47.08
1377367659, 47.08
1377367664, 47.08
1377367669, 47.08
1377367674, 47.08
1377367679, 47.11
1377367684, 47.11
1377367689, 47.11
1377367694, 47.08
1377367699, 47.08
1377367704, 47.08
1377367709, 47.08
1377367714, 47.08
1377367719, 47.11
1377367724, 47.11
1377367729, 47.08
1377367734, 47.11
1377367739, 47.08
1377367744, 47.08
1377367749, 47.11
1377367754, 47.08
1377367759, 47.11
1377367764, 47.08
1377367769, 47.11
1377367774, 47.11
1377367779, 47.11
1377367784, 47.08
1377367789, 47.11
1377367794, 47.11
1377367799, 47.11
1377367804, 47.08
1377367809, 47.11
1377367814, 47.11
1377367819, 47.11
1377367824, 47.11
1377367829, 47.11
1377367834, 47.15
1377367839, 47.11
1377367844, 47.11
1377367849, 47.11
1377367854, 47.15
1377367859, 47.11
1377367864, 47.15
1377367869, 47.15
1377367874, 47.15
1377367879, 47.11
1377367884, 47.11
1377367894, 47.15
1377367899, 47.15
1377367904, 47.15
1377367909, 47.11
1377367914, 47.15
1377367919, 47.11
1377367924, 47.15
1377367929, 47.15
1377367934, 47.15
1377367939, 47.11
1377367944, 47.15
1377367949, 47.15
1377367954, 47.15
1377367959, 47.15
1377367964, 47.15
1377367969, 47.15
1377367974, 47.15
1377367979, 47.15
1377367984, 47.15
1377367989, 47.15
1377367994, 47.15
1377367999, 47.15
1377368004, 47.15
1377368009, 47.15
1377368014, 47.15
1377368019, 47.15
1377368024, 47.15
1377368029, 47.15
1377368034, 47.15
1377368039, 47.15
1377368044, 47.15
1377368049, 47.15
1377368054, 47.15
1377368059, 47.15
1377368064, 47.15
1377368069, 47.15
1377368074, 47.15
1377368079, 47.15
1377368084, 47.15
1377368089, 47.15
1377368094, 47.15
1377368099, 47.15
1377368104, 47.15
1377368109, 47.18
1377368114, 47.18
1377368119, 47.15
1377368124, 47.15
1377368129, 47.15
1377368134, 47.15
1377368139, 47.15
1377368144, 47.15
1377368149, 47.18
1377368154, 47.15
1377368159, 47.15
1377368164, 47.15
1377368169, 47.15
1377368174, 47.18
1377368179, 47.15
1377368184, 47.15
1377368189, 47.18
1377368194, 47.15
1377368199, 47.18
1377368204, 47.15
1377368209, 47.15
1377368214, 47.18
1377368219, 47.18
1377368224, 47.15
1377368229, 47.15
1377368234, 47.21
1377368239, 47.15
1377368244, 47.15
1377368249, 47.18
1377368254, 47.18
1377368259, 47.18
1377368264, 47.18
1377368269, 47.15
1377368274, 47.18
1377368279, 47.15
1377368284, 47.18
1377368289, 47.18
1377368294, 47.21
1377368299, 47.18
1377368304, 47.18
1377368309, 47.18
1377368314, 47.21
1377368319, 47.18
1377368324, 47.18
1377368329, 47.21
1377368334, 47.21
1377368339, 47.18
1377368344, 47.18
1377368349, 47.21
1377368354, 47.18
1377368359, 47.21
1377368364, 47.21
1377368369, 47.18
1377368374, 47.21
1377368379, 47.21
1377368384, 47.21
1377368389, 47.21
1377368394, 47.18
1377368399, 47.21
1377368404, 47.21
1377368409, 47.21
1377368414, 47.21
1377368419, 47.21
1377368424, 47.21
1377368429, 47.18
1377368434, 47.21
1377368439, 47.21
1377368444, 47.21
1377368449, 47.21
1377368454, 47.21
1377368459, 47.21
1377368464, 47.18
1377368469, 47.21
1377368474, 47.21
1377368479, 47.21
1377368484, 47.21
1377368489, 47.21
1377368494, 47.21
1377368499, 47.18
1377368504, 47.21
1377368509, 47.21
1377368514, 47.21
1377368519, 47.21
1377368524, 47.21
1377368529, 47.21
1377368534, 47.21
1377368539, 47.21
1377368544, 47.21
1377368549, 47.21
1377368554, 47.21
1377368559, 47.21
1377368564, 47.21
1377368569, 47.21
1377368574, 47.21
1377368579, 47.21
1377368584, 47.21
1377368589, 47.21
1377368594, 47.21
1377368599, 47.21
1377368604, 47.21
1377368609, 47.21
1377368614, 47.21
1377368619, 47.21
1377368624, 47.21
1377368629, 47.21
1377368634, 47.21
1377368639, 47.21
1377368644, 47.21
1377368649, 47.21
1377368654, 47.21
1377368659, 47.21
1377368664, 47.21
1377368669, 47.21
1377368674, 47.21
1377368679, 47.24
1377368684, 47.21
1377368689, 47.21
1377368694, 47.21
1377368699, 47.21
1377368704, 47.21
1377368709, 47.21
1377368714, 47.24
1377368719, 47.21
1377368724, 47.24
1377368729, 47.24
1377368734, 47.24
1377368739, 47.21
1377368744, 47.21
1377368749, 47.21
1377368754, 47.24
1377368759, 47.21
1377368764, 47.24
1377368769, 47.24
1377368774, 47.24
1377368779, 47.21
1377368784, 47.21
1377368789, 47.24
1377368794, 47.24
1377368799, 47.21
1377368804, 47.24
1377368809, 47.24
1377368814, 47.21
1377368819, 47.21
1377368824, 47.28
1377368829, 47.21
1377368834, 47.21
1377368839, 47.24
1377368844, 47.21
1377368849, 47.24
1377368854, 47.24
1377368859, 47.24
1377368864, 47.21
1377368869, 47.24
1377368874, 47.24
1377368879, 47.24
1377368884, 47.21
1377368889, 47.24
1377368894, 47.24
1377368899, 47.24
1377368904, 47.24
1377368909, 47.24
1377368914, 47.24
1377368919, 47.24
1377368924, 47.21
1377368929, 47.28
1377368934, 47.28
1377368939, 47.28
1377368944, 47.24
1377368949, 47.24
1377368954, 47.24
1377368959, 47.24
1377368964, 47.24
1377368969, 47.24
1377368974, 47.28
1377368979, 47.24
1377368984, 47.24
1377368989, 47.24
1377368994, 47.24
1377368999, 47.24
1377369004, 47.28
1377369009, 47.28
1377369014, 47.24
1377369019, 47.24
1377369024, 47.28
1377369029, 47.28
1377369034, 47.28
1377369039, 47.28
1377369044, 47.28
1377369049, 47.28
1377369054, 47.28
1377369059, 47.28
1377369064, 47.24
1377369069, 47.24
1377369074, 47.28
1377369079, 47.28
1377369084, 47.28
1377369089, 47.28
1377369094, 47.28
1377369099, 47.28
1377369104, 47.28
1377369109, 47.28
1377369114, 47.28
1377369119, 47.28
1377369124, 47.28
1377369129, 47.28
1377369134, 47.28
1377369139, 47.28
1377369144, 47.28
1377369149, 47.28
1377369154, 47.28
1377369159, 47.28
1377369164, 47.28
1377369169, 47.28
1377369174, 47.28
1377369179, 47.28
1377369184, 47.28
1377369189, 47.28
1377369194, 47.28
1377369199, 47.28
1377369204, 47.28
1377369209, 47.28
1377369214, 47.28
1377369219, 47.28
1377369224, 47.28
1377369229, 47.28
1377369234, 47.28
1377369239, 47.28
1377369244, 47.28
1377369249, 47.28
1377369254, 47.28
1377369259, 47.28
1377369264, 47.28
1377369269, 47.28
1377369274, 47.28
1377369279, 47.28
1377369284, 47.28
1377369289, 47.28
1377369294, 47.28
1377369299, 47.31
1377369304, 47.31
1377369309, 47.28
1377369314, 47.28
1377369319, 47.31
1377369324, 47.31
1377369329, 47.28
1377369334, 47.28
1377369339, 47.31
1377369344, 47.28
1377369349, 47.28
1377369354, 47.31
1377369359, 47.28
1377369364, 47.28
1377369369, 47.28
1377369374, 47.28
1377369379, 47.28
1377369384, 47.31
1377369389, 47.28
1377369394, 47.31
1377369399, 47.28
1377369404, 47.31
1377369409, 47.31
1377369414, 47.31
1377369419, 47.31
1377369424, 47.31
1377369429, 47.31
1377369434, 47.31
1377369439, 47.31
1377369444, 47.31
1377369449, 47.31
1377369454, 47.28
1377369459, 47.31
1377369464, 47.28
1377369469, 47.31
1377369474, 47.31
1377369479, 47.31
1377369484, 47.34
1377369489, 47.34
1377369494, 47.31
1377369499, 47.31
1377369504, 47.31
1377369509, 47.31
1377369514, 47.34
1377369519, 47.34
1377369524, 47.34
1377369529, 47.31
1377369534, 47.34
1377369539, 47.28
1377369544, 47.34
1377369549, 47.34
1377369554, 47.34
1377369559, 47.34
1377369564, 47.31
1377369569, 47.34
1377369574, 47.34
1377369579, 47.34
1377369584, 47.31
1377369589, 47.34
1377369594, 47.31
1377369599, 47.34
1377369604, 47.34
1377369609, 47.34
1377369614, 47.34
1377369619, 47.34
1377369624, 47.34
1377369629, 47.34
1377369634, 47.34
1377369639, 47.34
1377369644, 47.34
1377369649, 47.34
1377369654, 47.34
1377369659, 47.34
1377369664, 47.34
1377369669, 47.34
1377369674, 47.34
1377369679, 47.34
1377369684, 47.34
1377369689, 47.34
1377369694, 47.34
1377369699, 47.34
1377369704, 47.34
1377369709, 47.34
1377369714, 47.34
1377369719, 47.34
1377369724, 47.34
1377369729, 47.34
1377369734, 47.34
1377369739, 47.34
1377369744, 47.34
1377369749, 47.34
1377369754, 47.34
1377369759, 47.34
1377369764, 47.34
1377369769, 47.34
1377369774, 47.34
1377369779, 47.31
1377369784, 47.34
1377369789, 47.38
1377369794, 47.34
1377369799, 47.34
1377369804, 47.34
1377369809, 47.34
1377369814, 47.34
1377369819, 47.34
1377369824, 47.34
1377369829, 47.34
1377369834, 47.34
1377369839, 47.34
1377369844, 47.34
1377369849, 47.34
1377369854, 47.34
1377369859, 47.38
1377369864, 47.34
1377369869, 47.34
1377369874, 47.34
1377369879, 47.34
1377369884, 47.38
1377369889, 47.34
1377369894, 47.34
1377369899, 47.34
1377369904, 47.38
1377369909, 47.34
1377369914, 47.34
1377369919, 47.38
1377369924, 47.34
1377369929, 47.38
1377369934, 47.34
1377369939, 47.34
1377369944, 47.38
1377369949, 47.34
1377369954, 47.38
1377369959, 47.34
1377369964, 47.34
1377369969, 47.38
1377369974, 47.38
1377369979, 47.38
1377369984, 47.38
1377369989, 47.34
1377369994, 47.38
1377369999, 47.38
1377370004, 47.38
1377370009, 47.34
1377370014, 47.38
1377370019, 47.38
1377370024, 47.38
1377370029, 47.38
1377370034, 47.38
1377370039, 47.38
1377370044, 47.38
1377370049, 47.38
1377370054, 47.41
1377370059, 47.38
1377370064, 47.38
1377370069, 47.38
1377370074, 47.41
1377370079, 47.38
1377370084, 47.41
1377370089, 47.41
1377370094, 47.34
1377370099, 47.38
1377370104, 47.41
1377370109, 47.41
1377370114, 47.38
1377370119, 47.38
1377370123, 47.38
1377370129, 47.41
1377370134, 47.38
1377370139, 47.38
1377370144, 47.38
1377370149, 47.41
1377370154, 47.41
1377370159, 47.38
1377370164, 47.41
1377370169, 47.41
1377370174, 47.41
1377370179, 47.41
1377370184, 47.41
1377370189, 47.41
1377370193, 47.41
1377370199, 47.38
1377370204, 47.38
1377370209, 47.41
1377370214, 47.41
1377370218, 47.41
1377370224, 47.41
1377370229, 47.41
1377370233, 47.41
1377370238, 47.41
1377370243, 47.41
1377370249, 47.41
1377370254, 47.41
1377370259, 47.41
1377370264, 47.41
1377370268, 47.41
1377370274, 47.41
1377370279, 47.38
1377370284, 47.38
1377370288, 47.41
1377370294, 47.41
1377370299, 47.41
1377370303, 47.41
1377370309, 47.41
1377370313, 47.41
1377370319, 47.41
1377370324, 47.41
1377370329, 47.41
1377370334, 47.41
1377370339, 47.41
1377370343, 47.41
1377370349, 47.41
1377370354, 47.41
1377370358, 47.41
1377370363, 47.41
1377370369, 47.41
1377370374, 47.41
1377370378, 47.41
1377370383, 47.41
1377370389, 47.41
1377370393, 47.41
1377370399, 47.41
1377370403, 47.41
1377370409, 47.41
1377370413, 47.41
1377370418, 47.44
1377370423, 47.41
1377370428, 47.41
1377370434, 47.41
1377370438, 47.41
1377370444, 47.41
1377370448, 47.41
1377370453, 47.41
1377370459, 47.41
1377370463, 47.44
1377370468, 47.41
1377370473, 47.41
1377370479, 47.41
1377370483, 47.41
1377370489, 47.41
1377370493, 47.41
1377370498, 47.41
1377370503, 47.41
1377370509, 47.41
1377370514, 47.41
1377370518, 47.41
1377370523, 47.41
1377370528, 47.44
1377370533, 47.41
1377370539, 47.41
1377370544, 47.41
1377370549, 47.41
1377370553, 47.41
1377370559, 47.44
1377370563, 47.41
1377370568, 47.44
1377370573, 47.44
1377370579, 47.41
1377370584, 47.41
1377370588, 47.44
1377370593, 47.41
1377370599, 47.44
1377370603, 47.41
1377370609, 47.41
1377370613, 47.44
1377370619, 47.44
1377370623, 47.44
1377370628, 47.44
1377370633, 47.41
1377370638, 47.44
1377370644, 47.41
1377370648, 47.41
1377370653, 47.44
1377370659, 47.41
1377370663, 47.47
1377370668, 47.41
1377370673, 47.41
1377370678, 47.41
1377370683, 47.44
1377370688, 47.41
1377370693, 47.44
1377370699, 47.44
1377370703, 47.44
1377370708, 47.44
1377370713, 47.41
1377370718, 47.41
1377370723, 47.44
1377370728, 47.41
1377370734, 47.44
1377370738, 47.44
1377370743, 47.44
1377370748, 47.41
1377370754, 47.41
1377370758, 47.44
1377370763, 47.44
1377370768, 47.44
1377370773, 47.44
1377370778, 47.47
1377370783, 47.47
1377370788, 47.44
1377370793, 47.41
1377370798, 47.44
1377370803, 47.47
1377370808, 47.47
1377370813, 47.44
1377370818, 47.44
1377370824, 47.44
1377370828, 47.47
1377370833, 47.44
1377370838, 47.44
1377370843, 47.44
1377370848, 47.44
1377370853, 47.44
1377370859, 47.47
1377370863, 47.47
1377370868, 47.44
1377370873, 47.47
1377370878, 47.47
1377370883, 47.44
1377370889, 47.44
1377370894, 47.47
1377370898, 47.47
1377370903, 47.44
1377370908, 47.47
1377370913, 47.44
1377370919, 47.47
1377370923, 47.47
1377370928, 47.47
1377370933, 47.47
1377370938, 47.47
1377370943, 47.47
1377370948, 47.47
1377370953, 47.47
1377370958, 47.47
1377370963, 47.47
1377370968, 47.47
1377370974, 47.47
1377370978, 47.47
1377370983, 47.47
1377370989, 47.47
1377370993, 47.47
1377370998, 47.47
1377371003, 47.47
1377371008, 47.47
1377371013, 47.47
1377371018, 47.47
1377371023, 47.47
1377371029, 47.47
1377371033, 47.47
1377371038, 47.47
1377371043, 47.47
1377371048, 47.47
1377371053, 47.47
1377371059, 47.47
1377371063, 47.47
1377371068, 47.47
1377371073, 47.47
1377371078, 47.47
1377371084, 47.47
1377371088, 47.47
1377371094, 47.47
1377371098, 47.47
1377371103, 47.47
1377371109, 47.47
1377371113, 47.51
1377371118, 47.47
1377371123, 47.51
1377371129, 47.47
1377371133, 47.47
1377371139, 47.51
1377371143, 47.47
1377371149, 47.51
1377371153, 47.47
1377371159, 47.47
1377371163, 47.47
1377371169, 47.47
1377371173, 47.47
1377371178, 47.47
1377371183, 47.47
1377371188, 47.47
1377371193, 47.47
1377371198, 47.47
1377371203, 47.51
1377371208, 47.47
1377371213, 47.51
1377371219, 47.51
1377371224, 47.51
1377371229, 47.47
1377371233, 47.47
1377371238, 47.51
1377371243, 47.47
1377371248, 47.51
1377371253, 47.51
1377371259, 47.47
1377371264, 47.47
1377371268, 47.47
1377371274, 47.51
1377371279, 47.51
1377371283, 47.47
1377371288, 47.54
1377371294, 47.51
1377371298, 47.51
1377371303, 47.47
1377371309, 47.51
1377371314, 47.51
1377371319, 47.51
1377371323, 47.51
1377371328, 47.47
1377371334, 47.51
1377371339, 47.51
1377371343, 47.51
1377371348, 47.51
1377371354, 47.51
1377371359, 47.51
1377371363, 47.51
1377371368, 47.51
1377371374, 47.51
1377371379, 47.51
1377371383, 47.54
1377371389, 47.51
1377371394, 47.47
1377371398, 47.47
1377371403, 47.47
1377371408, 47.51
1377371414, 47.51
1377371418, 47.51
1377371423, 47.51
1377371428, 47.51
1377371434, 47.51
1377371438, 47.51
1377371444, 47.51
1377371448, 47.51
1377371454, 47.54
1377371459, 47.54
1377371464, 47.47
1377371468, 47.51
1377371473, 47.51
1377371479, 47.54
1377371484, 47.51
1377371488, 47.54
1377371493, 47.54
1377371499, 47.51
1377371503, 47.54
1377371508, 47.51
1377371514, 47.51
1377371518, 47.51
1377371523, 47.54
1377371528, 47.54
1377371534, 47.54
1377371538, 47.51
1377371543, 47.54
1377371549, 47.54
1377371553, 47.51
1377371558, 47.54
1377371564, 47.54
1377371568, 47.51
1377371574, 47.51
1377371579, 47.51
1377371583, 47.51
1377371588, 47.54
1377371593, 47.54
1377371598, 47.51
1377371604, 47.54
1377371608, 47.51
1377371614, 47.54
1377371618, 47.54
1377371624, 47.54
1377371629, 47.54
1377371633, 47.54
1377371638, 47.54
1377371644, 47.54
1377371649, 47.51
1377371654, 47.54
1377371658, 47.54
1377371664, 47.54
1377371669, 47.51
1377371674, 47.54
1377371678, 47.54
1377371684, 47.54
1377371688, 47.51
1377371694, 47.54
1377371698, 47.54
1377371704, 47.51
1377371709, 47.54
1377371714, 47.54
1377371718, 47.54
1377371723, 47.54
1377371728, 47.54
1377371734, 47.54
1377371738, 47.54
1377371744, 47.54
1377371749, 47.54
1377371754, 47.54
1377371758, 47.54
1377371764, 47.54
1377371768, 47.54
1377371774, 47.54
1377371778, 47.54
1377371784, 47.54
1377371788, 47.54
1377371794, 47.54
1377371798, 47.54
1377371804, 47.54
1377371809, 47.54
1377371814, 47.54
1377371819, 47.54
1377371824, 47.54
1377371828, 47.54
1377371834, 47.54
1377371838, 47.54
1377371844, 47.54
1377371849, 47.54
1377371854, 47.54
1377371858, 47.54
1377371864, 47.54
1377371868, 47.54
1377371874, 47.54
1377371878, 47.54
1377371884, 47.54
1377371888, 47.54
1377371894, 47.54
1377371898, 47.54
1377371904, 47.54
1377371909, 47.54
1377371914, 47.54
1377371918, 47.54
1377371924, 47.54
1377371928, 47.54
1377371934, 47.54
1377371938, 47.54
1377371944, 47.54
1377371948, 47.54
1377371954, 47.54
1377371958, 47.54
1377371964, 47.54
1377371968, 47.54
1377371974, 47.57
1377371978, 47.54
1377371984, 47.54
1377371988, 47.54
1377371994, 47.54
1377371998, 47.54
1377372004, 47.54
1377372008, 47.54
1377372014, 47.54
1377372018, 47.54
1377372024, 47.54
1377372028, 47.57
1377372034, 47.54
1377372038, 47.54
1377372044, 47.54
1377372048, 47.54
1377372054, 47.54
1377372059, 47.54
1377372064, 47.54
1377372068, 47.57
1377372074, 47.54
1377372078, 47.54
1377372083, 47.57
1377372088, 47.54
1377372094, 47.54
1377372098, 47.57
1377372104, 47.54
1377372109, 47.54
1377372114, 47.57
1377372119, 47.54
1377372124, 47.54
1377372128, 47.54
1377372134, 47.54
1377372138, 47.57
1377372144, 47.54
1377372149, 47.54
1377372154, 47.54
1377372158, 47.57
1377372164, 47.57
1377372169, 47.54
1377372174, 47.57
1377372178, 47.57
1377372184, 47.54
1377372188, 47.54
1377372194, 47.54
1377372198, 47.54
1377372204, 47.57
1377372209, 47.57
1377372214, 47.54
1377372219, 47.57
1377372224, 47.54
1377372228, 47.54
1377372234, 47.54
1377372238, 47.57
1377372244, 47.57
1377372248, 47.54
1377372254, 47.57
1377372258, 47.57
1377372264, 47.57
1377372268, 47.54
1377372274, 47.57
1377372278, 47.57
1377372284, 47.57
1377372289, 47.57
1377372294, 47.57
1377372298, 47.57
1377372304, 47.57
1377372308, 47.57
1377372314, 47.57
1377372318, 47.57
1377372324, 47.57
1377372328, 47.57
1377372334, 47.57
1377372338, 47.57
1377372344, 47.57
1377372348, 47.57
1377372354, 47.60
1377372359, 47.60
1377372364, 47.57
1377372368, 47.60
1377372374, 47.60
1377372379, 47.57
1377372384, 47.60
1377372388, 47.60
1377372394, 47.60
1377372398, 47.57
1377372404, 47.60
1377372408, 47.60
1377372414, 47.57
1377372418, 47.54
1377372424, 47.57
1377372428, 47.57
1377372434, 47.60
1377372438, 47.57
1377372444, 47.57
1377372449, 47.60
1377372454, 47.60
1377372458, 47.60
1377372464, 47.57
1377372468, 47.60
1377372474, 47.60
1377372478, 47.60
1377372484, 47.60
1377372489, 47.60
1377372494, 47.60
1377372499, 47.60
1377372504, 47.60
1377372508, 47.60
1377372514, 47.60
1377372518, 47.60
1377372524, 47.57
1377372529, 47.60
1377372534, 47.60
1377372538, 47.60
1377372544, 47.60
1377372548, 47.60
1377372554, 47.60
1377372558, 47.60
1377372564, 47.60
1377372568, 47.60
1377372574, 47.60
1377372578, 47.60
1377372584, 47.60
1377372588, 47.60
1377372594, 47.60
1377372598, 47.60
1377372604, 47.60
1377372609, 47.60
1377372614, 47.60
1377372618, 47.60
1377372624, 47.60
1377372629, 47.60
1377372634, 47.60
1377372638, 47.60
1377372644, 47.60
1377372649, 47.60
1377372654, 47.60
1377372658, 47.64
1377372663, 47.60
1377372668, 47.60
1377372674, 47.60
1377372679, 47.64
1377372684, 47.60
1377372689, 47.60
1377372694, 47.60
1377372698, 47.60
1377372704, 47.64
1377372708, 47.60
1377372713, 47.64
1377372719, 47.60
1377372724, 47.60
1377372728, 47.60
1377372733, 47.60
1377372738, 47.60
1377372744, 47.60
1377372748, 47.60
1377372754, 47.60
1377372758, 47.60
1377372764, 47.60
1377372768, 47.60
1377372774, 47.64
1377372778, 47.64
1377372783, 47.64
1377372788, 47.64
1377372794, 47.64
1377372798, 47.60
1377372804, 47.60
1377372808, 47.60
1377372813, 47.64
1377372818, 47.64
1377372824, 47.60
1377372829, 47.60
1377372833, 47.60
1377372838, 47.60
1377372843, 47.64
1377372848, 47.64
1377372854, 47.64
1377372858, 47.60
1377372863, 47.64
1377372869, 47.64
1377372873, 47.60
1377372878, 47.60
1377372884, 47.60
1377372888, 47.64
1377372893, 47.64
1377372898, 47.64
1377372904, 47.64
1377372908, 47.64
1377372914, 47.64
1377372918, 47.64
1377372924, 47.64
1377372928, 47.64
1377372933, 47.64
1377372938, 47.67
1377372943, 47.64
1377372948, 47.64
1377372954, 47.60
1377372958, 47.60
1377372963, 47.64
1377372968, 47.64
1377372974, 47.64
1377372978, 47.64
1377372983, 47.64
1377372988, 47.64
1377372993, 47.64
1377372998, 47.64
1377373004, 47.64
1377373008, 47.67
1377373013, 47.64
1377373018, 47.64
1377373023, 47.67
1377373028, 47.67
1377373033, 47.67
1377373038, 47.67
1377373043, 47.67
1377373048, 47.67
1377373053, 47.64
1377373058, 47.64
1377373063, 47.64
1377373068, 47.64
1377373074, 47.64
1377373078, 47.67
1377373083, 47.64
1377373088, 47.64
1377373093, 47.67
1377373098, 47.64
1377373103, 47.64
1377373108, 47.64
1377373113, 47.67
1377373118, 47.64
1377373123, 47.67
1377373128, 47.67
1377373133, 47.64
1377373138, 47.67
1377373143, 47.67
1377373148, 47.67
1377373153, 47.67
1377373158, 47.64
1377373163, 47.67
1377373168, 47.67
1377373173, 47.67
1377373178, 47.67
1377373183, 47.67
1377373188, 47.67
1377373193, 47.67
1377373198, 47.67
1377373203, 47.67
1377373208, 47.67
1377373213, 47.67
1377373218, 47.67
1377373223, 47.67
1377373228, 47.67
1377373233, 47.67
1377373238, 47.67
1377373243, 47.67
1377373248, 47.67
1377373253, 47.67
1377373258, 47.67
1377373263, 47.67
1377373268, 47.67
1377373273, 47.67
1377373278, 47.67
1377373283, 47.67
1377373288, 47.67
1377373293, 47.67
1377373298, 47.67
1377373303, 47.67
1377373308, 47.67
1377373313, 47.67
1377373318, 47.67
1377373323, 47.67
1377373328, 47.67
1377373333, 47.67
1377373338, 47.67
1377373343, 47.67
1377373348, 47.67
1377373353, 47.67
1377373358, 47.67
1377373363, 47.67
1377373368, 47.67
1377373373, 47.67
1377373378, 47.67
1377373383, 47.67
1377373388, 47.67
1377373393, 47.67
1377373398, 47.67
1377373403, 47.67
1377373408, 47.67
1377373413, 47.67
1377373418, 47.67
1377373423, 47.67
1377373428, 47.67
1377373433, 47.67
1377373438, 47.67
1377373443, 47.67
1377373448, 47.67
1377373453, 47.67
1377373458, 47.70
1377373463, 47.67
1377373468, 47.67
1377373473, 47.70
1377373478, 47.70
1377373483, 47.67
1377373488, 47.67
1377373493, 47.70
1377373498, 47.67
1377373503, 47.70
1377373508, 47.70
1377373513, 47.67
1377373518, 47.67
1377373523, 47.67
1377373528, 47.67
1377373533, 47.70
1377373538, 47.67
1377373543, 47.67
1377373548, 47.67
1377373553, 47.67
1377373558, 47.67
1377373563, 47.67
1377373568, 47.67
1377373573, 47.67
1377373578, 47.70
1377373583, 47.67
1377373588, 47.67
1377373593, 47.67
1377373598, 47.67
1377373603, 47.70
1377373608, 47.70
1377373613, 47.67
1377373618, 47.67
1377373623, 47.67
1377373628, 47.70
1377373633, 47.70
1377373638, 47.70
1377373643, 47.70
1377373648, 47.70
1377373653, 47.70
1377373658, 47.70
1377373663, 47.70
1377373668, 47.70
1377373673, 47.70
1377373678, 47.70
1377373683, 47.70
1377373688, 47.70
1377373693, 47.70
1377373698, 47.70
1377373703, 47.70
1377373708, 47.70
1377373713, 47.70
1377373718, 47.70
1377373723, 47.70
1377373729, 47.67
1377373733, 47.70
1377373738, 47.73
1377373743, 47.70
1377373748, 47.70
1377373753, 47.70
1377373758, 47.70
1377373763, 47.70
1377373768, 47.70
1377373773, 47.70
1377373778, 47.70
1377373783, 47.70
1377373789, 47.70
1377373793, 47.73
1377373798, 47.70
1377373803, 47.70
1377373808, 47.70
1377373813, 47.70
1377373818, 47.73
1377373823, 47.70
1377373828, 47.70
1377373833, 47.70
1377373838, 47.73
1377373843, 47.70
1377373848, 47.70
1377373853, 47.73
1377373858, 47.70
1377373863, 47.70
1377373868, 47.70
1377373873, 47.70
1377373878, 47.73
1377373883, 47.70
1377373888, 47.73
1377373893, 47.70
1377373898, 47.73
1377373903, 47.73
1377373908, 47.70
1377373913, 47.73
1377373918, 47.73
1377373923, 47.73
1377373928, 47.73
1377373933, 47.73
1377373938, 47.73
1377373943, 47.73
1377373948, 47.70
1377373953, 47.73
1377373958, 47.73
1377373963, 47.73
1377373968, 47.73
1377373973, 47.73
1377373978, 47.73
1377373983, 47.73
1377373988, 47.73
1377373993, 47.73
1377373998, 47.70
1377374003, 47.70
1377374008, 47.73
1377374013, 47.73
1377374018, 47.73
1377374023, 47.73
1377374028, 47.70
1377374033, 47.73
1377374038, 47.73
1377374043, 47.73
1377374048, 47.73
1377374053, 47.73
1377374058, 47.70
1377374063, 47.73
1377374068, 47.73
1377374073, 47.73
1377374078, 47.73
1377374083, 47.73
1377374088, 47.73
1377374093, 47.73
1377374098, 47.73
1377374103, 47.73
1377374108, 47.73
1377374113, 47.73
1377374118, 47.73
1377374123, 47.73
1377374128, 47.73
1377374133, 47.73
1377374138, 47.73
1377374143, 47.73
1377374148, 47.73
1377374153, 47.73
1377374158, 47.73
1377374163, 47.73
1377374168, 47.73
1377374173, 47.73
1377374178, 47.73
1377374183, 47.73
1377374188, 47.73
1377374193, 47.73
1377374199, 47.73
1377374203, 47.77
1377374208, 47.73
1377374213, 47.73
1377374218, 47.73
1377374223, 47.73
1377374228, 47.73
1377374233, 47.73
1377374238, 47.73
1377374243, 47.73
1377374248, 47.73
1377374253, 47.73
1377374258, 47.73
1377374263, 47.73
1377374268, 47.73
1377374273, 47.73
1377374278, 47.73
1377374283, 47.73
1377374288, 47.73
1377374293, 47.73
1377374298, 47.73
1377374303, 47.73
1377374308, 47.73
1377374313, 47.73
1377374318, 47.73
1377374323, 47.73
1377374328, 47.73
1377374333, 47.77
1377374338, 47.73
1377374343, 47.77
1377374348, 47.73
1377374353, 47.73
1377374358, 47.73
1377374363, 47.73
1377374368, 47.73
1377374373, 47.73
1377374378, 47.73
1377374383, 47.73
1377374388, 47.73
1377374393, 47.73
1377374398, 47.73
1377374403, 47.73
1377374408, 47.73
1377374413, 47.77
1377374418, 47.77
1377374423, 47.73
1377374428, 47.77
1377374433, 47.73
1377374438, 47.73
1377374443, 47.73
1377374448, 47.77
1377374453, 47.73
1377374458, 47.77
1377374463, 47.73
1377374468, 47.77
1377374473, 47.77
1377374478, 47.77
1377374483, 47.73
1377374488, 47.77
1377374493, 47.77
1377374498, 47.77
1377374503, 47.73
1377374508, 47.77
1377374513, 47.77
1377374518, 47.77
1377374523, 47.77
1377374528, 47.77
1377374533, 47.73
1377374538, 47.73
1377374543, 47.73
1377374548, 47.77
1377374553, 47.77
1377374558, 47.77
1377374563, 47.77
1377374568, 47.77
1377374573, 47.73
1377374579, 47.77
1377374583, 47.77
1377374588, 47.77
1377374593, 47.73
1377374598, 47.73
1377374603, 47.77
1377374608, 47.73
1377374613, 47.77
1377374618, 47.77
1377374623, 47.77
1377374628, 47.77
1377374633, 47.77
1377374638, 47.77
1377374643, 47.73
1377374648, 47.77
1377374653, 47.77
1377374658, 47.73
1377374663, 47.80
1377374668, 47.77
1377374673, 47.77
1377374678, 47.77
1377374683, 47.77
1377374688, 47.77
1377374693, 47.77
1377374698, 47.77
1377374703, 47.80
1377374708, 47.77
1377374713, 47.77
1377374718, 47.77
1377374723, 47.73
1377374728, 47.77
1377374733, 47.77
1377374738, 47.73
1377374743, 47.77
1377374748, 47.77
1377374753, 47.80
1377374758, 47.80
1377374763, 47.80
1377374768, 47.80
1377374773, 47.77
1377374778, 47.80
1377374783, 47.80
1377374788, 47.77
1377374793, 47.77
1377374798, 47.80
1377374803, 47.80
1377374808, 47.77
1377374813, 47.77
1377374818, 47.80
1377374823, 47.77
1377374828, 47.77
1377374833, 47.80
1377374838, 47.80
1377374843, 47.77
1377374848, 47.77
1377374853, 47.80
1377374858, 47.77
1377374863, 47.77
1377374868, 47.80
1377374873, 47.77
1377374878, 47.80
1377374883, 47.80
1377374888, 47.80
1377374893, 47.77
1377374898, 47.77
1377374903, 47.80
1377374908, 47.80
1377374913, 47.80
1377374918, 47.80
1377374923, 47.80
1377374928, 47.80
1377374933, 47.77
1377374938, 47.80
1377374943, 47.77
1377374948, 47.80
1377374953, 47.80
1377374958, 47.80
1377374963, 47.80
1377374968, 47.80
1377374973, 47.80
1377374978, 47.80
1377374983, 47.80
1377374988, 47.80
1377374993, 47.80
1377374998, 47.80
1377375003, 47.80
1377375008, 47.80
1377375013, 47.80
1377375018, 47.80
1377375023, 47.80
1377375028, 47.80
1377375033, 47.80
1377375038, 47.80
1377375043, 47.80
1377375048, 47.80
1377375053, 47.80
1377375058, 47.80
1377375063, 47.80
1377375068, 47.80
1377375073, 47.80
1377375078, 47.80
1377375083, 47.80
1377375088, 47.80
1377375093, 47.80
1377375098, 47.80
1377375103, 47.80
1377375108, 47.80
1377375113, 47.80
1377375118, 47.80
1377375123, 47.80
1377375128, 47.80
1377375133, 47.80
1377375138, 47.80
1377375143, 47.80
1377375148, 47.80
1377375153, 47.80
1377375158, 47.80
1377375163, 47.80
1377375168, 47.80
1377375173, 47.80
1377375178, 47.80
1377375183, 47.80
1377375188, 47.80
1377375193, 47.80
1377375198, 47.80
1377375203, 47.80
1377375208, 47.80
1377375213, 47.80
1377375218, 47.80
1377375223, 47.80
1377375228, 47.80
1377375233, 47.80
1377375238, 47.80
1377375243, 47.80
1377375248, 47.80
1377375253, 47.80
1377375258, 47.80
1377375263, 47.80
1377375268, 47.80
1377375273, 47.80
1377375278, 47.80
1377375283, 47.80
1377375293, 47.83
1377375298, 47.80
1377375303, 47.80
1377375308, 47.80
1377375313, 47.80
1377375318, 47.83
1377375323, 47.80
1377375328, 47.83
1377375333, 47.80
1377375338, 47.83
1377375343, 47.83
1377375348, 47.80
1377375353, 47.80
1377375358, 47.80
1377375363, 47.80
1377375368, 47.83
1377375373, 47.80
1377375378, 47.80
1377375383, 47.80
1377375388, 47.83
1377375393, 47.83
1377375398, 47.80
1377375403, 47.83
1377375408, 47.80
1377375413, 47.83
1377375418, 47.83
1377375423, 47.83
1377375428, 47.83
1377375433, 47.80
1377375438, 47.80
1377375443, 47.83
1377375448, 47.80
1377375453, 47.83
1377375458, 47.83
1377375463, 47.80
1377375468, 47.83
1377375473, 47.83
1377375478, 47.83
1377375483, 47.83
1377375488, 47.83
1377375494, 47.83
1377375498, 47.83
1377375503, 47.83
1377375508, 47.80
1377375513, 47.83
1377375518, 47.83
1377375523, 47.83
1377375528, 47.83
1377375533, 47.80
1377375538, 47.83
1377375543, 47.83
1377375548, 47.83
1377375553, 47.83
1377375558, 47.83
1377375563, 47.80
1377375568, 47.83
1377375573, 47.83
1377375578, 47.83
1377375583, 47.83
1377375588, 47.83
1377375593, 47.83
1377375598, 47.83
1377375603, 47.83
1377375608, 47.83
1377375613, 47.86
1377375618, 47.83
1377375623, 47.83
1377375628, 47.83
1377375633, 47.83
1377375638, 47.83
1377375643, 47.83
1377375648, 47.80
1377375653, 47.83
1377375658, 47.83
1377375663, 47.83
1377375668, 47.86
1377375673, 47.86
1377375678, 47.83
1377375683, 47.83
1377375688, 47.83
1377375693, 47.83
1377375698, 47.86
1377375703, 47.83
1377375708, 47.83
1377375713, 47.83
1377375718, 47.83
1377375723, 47.86
1377375728, 47.83
1377375733, 47.83
1377375738, 47.86
1377375743, 47.83
1377375748, 47.86
1377375753, 47.86
1377375758, 47.86
1377375763, 47.83
1377375768, 47.86
1377375773, 47.83
1377375778, 47.86
1377375783, 47.86
1377375788, 47.86
1377375793, 47.86
1377375798, 47.86
1377375803, 47.86
1377375808, 47.86
1377375813, 47.86
1377375818, 47.86
1377375823, 47.86
1377375828, 47.86
1377375833, 47.83
1377375838, 47.86
1377375843, 47.83
1377375848, 47.86
1377375853, 47.86
1377375858, 47.86
1377375863, 47.83
1377375868, 47.86
1377375873, 47.86
1377375878, 47.86
1377375883, 47.86
1377375888, 47.86
1377375893, 47.86
1377375898, 47.86
1377375903, 47.86
1377375908, 47.86
1377375913, 47.86
1377375918, 47.83
1377375923, 47.86
1377375928, 47.86
1377375933, 47.86
1377375938, 47.86
1377375943, 47.86
1377375948, 47.86
1377375953, 47.86
1377375958, 47.86
1377375963, 47.83
1377375968, 47.86
1377375973, 47.86
1377375978, 47.86
1377375983, 47.86
1377375988, 47.86
1377375993, 47.86
1377375998, 47.86
1377376003, 47.86
1377376008, 47.86
1377376013, 47.86
1377376018, 47.86
1377376023, 47.86
1377376028, 47.86
1377376033, 47.86
1377376038, 47.86
1377376043, 47.86
1377376048, 47.86
1377376053, 47.86
1377376058, 47.86
1377376063, 47.86
1377376068, 47.86
1377376073, 47.86
1377376078, 47.86
1377376083, 47.86
1377376088, 47.86
1377376093, 47.86
1377376098, 47.86
1377376103, 47.86
1377376108, 47.86
1377376113, 47.86
1377376118, 47.86
1377376123, 47.86
1377376128, 47.86
1377376133, 47.86
1377376138, 47.86
1377376143, 47.86
1377376148, 47.86
1377376153, 47.86
1377376158, 47.86
1377376163, 47.86
1377376168, 47.86
1377376173, 47.86
1377376178, 47.86
1377376183, 47.86
1377376188, 47.86
1377376193, 47.86
1377376198, 47.86
1377376203, 47.90
1377376208, 47.86
1377376213, 47.86
1377376218, 47.90
1377376223, 47.86
1377376228, 47.86
1377376233, 47.86
1377376238, 47.86
1377376243, 47.86
1377376248, 47.86
1377376253, 47.90
1377376258, 47.86
1377376263, 47.90
1377376268, 47.86
1377376273, 47.86
1377376278, 47.86
1377376283, 47.90
1377376288, 47.86
1377376293, 47.86
1377376298, 47.86
1377376303, 47.86
1377376308, 47.90
1377376313, 47.86
1377376318, 47.90
1377376323, 47.90
1377376328, 47.86
1377376333, 47.90
1377376338, 47.90
1377376343, 47.86
1377376348, 47.86
1377376353, 47.90
1377376358, 47.86
1377376363, 47.86
1377376368, 47.86
1377376373, 47.90
1377376378, 47.86
1377376383, 47.86
1377376388, 47.86
1377376393, 47.90
1377376398, 47.86
1377376403, 47.90
1377376408, 47.90
1377376413, 47.90
1377376418, 47.90
1377376423, 47.90
1377376428, 47.90
1377376433, 47.90
1377376438, 47.86
1377376443, 47.90
1377376448, 47.86
1377376453, 47.90
1377376458, 47.86
1377376463, 47.90
1377376468, 47.90
1377376473, 47.86
1377376478, 47.90
1377376483, 47.90
1377376488, 47.90
1377376493, 47.86
1377376498, 47.86
1377376503, 47.90
1377376508, 47.90
1377376513, 47.90
1377376518, 47.90
1377376523, 47.90
1377376528, 47.90
1377376533, 47.90
1377376538, 47.90
1377376543, 47.90
1377376548, 47.90
1377376553, 47.86
1377376558, 47.90
1377376563, 47.86
1377376568, 47.90
1377376573, 47.93
1377376578, 47.90
1377376583, 47.86
1377376588, 47.90
1377376593, 47.90
1377376598, 47.90
1377376603, 47.90
1377376608, 47.86
1377376613, 47.90
1377376618, 47.90
1377376623, 47.90
1377376628, 47.93
1377376633, 47.90
1377376638, 47.90
1377376643, 47.90
1377376648, 47.90
1377376653, 47.90
1377376658, 47.90
1377376663, 47.90
1377376668, 47.90
1377376673, 47.90
1377376678, 47.86
1377376683, 47.90
1377376688, 47.90
1377376693, 47.90
1377376698, 47.86
1377376703, 47.90
1377376708, 47.90
1377376713, 47.90
1377376718, 47.90
1377376723, 47.90
1377376728, 47.90
1377376733, 47.90
1377376738, 47.90
1377376743, 47.90
1377376748, 47.90
1377376753, 47.90
1377376758, 47.90
1377376763, 47.90
1377376768, 47.90
1377376773, 47.93
1377376778, 47.93
1377376783, 47.90
1377376788, 47.90
1377376793, 47.90
1377376798, 47.86
1377376803, 47.90
1377376808, 47.90
1377376813, 47.90
1377376818, 47.90
1377376823, 47.93
1377376828, 47.90
1377376833, 47.90
1377376838, 47.90
1377376843, 47.90
1377376848, 47.93
1377376853, 47.90
1377376858, 47.90
1377376863, 47.93
1377376868, 47.86
1377376873, 47.90
1377376878, 47.90
1377376883, 47.90
1377376888, 47.90
1377376893, 47.86
1377376898, 47.90
1377376903, 47.90
1377376908, 47.86
1377376913, 47.90
1377376918, 47.90
1377376923, 47.93
1377376928, 47.90
1377376933, 47.90
1377376938, 47.90
1377376943, 47.93
1377376948, 47.90
1377376953, 47.93
1377376958, 47.93
1377376963, 47.93
1377376968, 47.90
1377376973, 47.90
1377376978, 47.90
1377376983, 47.90
1377376988, 47.90
1377376993, 47.90
1377376998, 47.90
1377377003, 47.90
1377377008, 47.86
1377377013, 47.90
1377377018, 47.90
1377377023, 47.90
1377377028, 47.90
1377377033, 47.90
1377377038, 47.93
1377377043, 47.90
1377377048, 47.90
1377377053, 47.93
1377377058, 47.93
1377377063, 47.93
1377377068, 47.90
1377377073, 47.93
1377377078, 47.93
1377377083, 47.90
1377377088, 47.90
1377377093, 47.93
1377377098, 47.93
1377377103, 47.93
1377377108, 47.93
1377377113, 47.93
1377377118, 47.90
1377377123, 47.90
1377377128, 47.93
1377377133, 47.90
1377377138, 47.90
1377377143, 47.93
1377377148, 47.93
1377377153, 47.93
1377377158, 47.90
1377377163, 47.93
1377377168, 47.93
1377377173, 47.93
1377377178, 47.90
1377377183, 47.90
1377377188, 47.90
1377377193, 47.93
1377377198, 47.90
1377377203, 47.90
1377377208, 47.90
1377377213, 47.90
1377377218, 47.93
1377377223, 47.90
1377377228, 47.90
1377377233, 47.90
1377377238, 47.90
1377377243, 47.93
1377377248, 47.90
1377377253, 47.90
1377377258, 47.93
1377377263, 47.93
1377377270, 47.90
1377377273, 47.90
1377377278, 47.90
1377377283, 47.90
1377377288, 47.93
1377377293, 47.90
1377377298, 47.90
1377377303, 47.93
1377377308, 47.93
1377377313, 47.93
1377377318, 47.90
1377377323, 47.93
1377377328, 47.90
1377377333, 47.93
1377377338, 47.90
1377377343, 47.90
1377377348, 47.90
1377377353, 47.93
1377377358, 47.90
1377377363, 47.93
1377377368, 47.93
1377377373, 47.93
1377377378, 47.93
1377377383, 47.90
1377377388, 47.90
1377377393, 47.90
1377377398, 47.93
1377377403, 47.90
1377377408, 47.93
1377377413, 47.90
1377377418, 47.93
1377377423, 47.90
1377377428, 47.93
1377377433, 47.93
1377377438, 47.93
1377377443, 47.93
1377377448, 47.93
1377377453, 47.93
1377377458, 47.93
1377377463, 47.93
1377377468, 47.93
1377377473, 47.93
1377377478, 47.93
1377377483, 47.90
1377377488, 47.93
1377377493, 47.93
1377377498, 47.93
1377377503, 47.93
1377377508, 47.93
1377377513, 47.90
1377377518, 47.93
1377377523, 47.93
1377377528, 47.93
1377377533, 47.90
1377377538, 47.93
1377377543, 47.93
1377377548, 47.93
1377377553, 47.93
1377377558, 47.93
1377377563, 47.93
1377377568, 47.93
1377377573, 47.93
1377377578, 47.93
1377377583, 47.93
1377377588, 47.93
1377377593, 47.93
1377377598, 47.93
1377377603, 47.93
1377377608, 47.93
1377377613, 47.93
1377377618, 47.93
1377377623, 47.93
1377377628, 47.93
1377377633, 47.93
1377377638, 47.93
1377377643, 47.93
1377377648, 47.93
1377377653, 47.93
1377377658, 47.93
1377377663, 47.93
1377377668, 47.93
1377377673, 47.93
1377377678, 47.93
1377377683, 47.93
1377377688, 47.93
1377377693, 47.93
1377377698, 47.93
1377377703, 47.93
1377377708, 47.93
1377377713, 47.93
1377377718, 47.93
1377377723, 47.93
1377377728, 47.93
1377377733, 47.93
1377377738, 47.93
1377377743, 47.93
1377377748, 47.93
1377377753, 47.93
1377377758, 47.93
1377377763, 47.93
1377377768, 47.93
1377377773, 47.93
1377377778, 47.93
1377377783, 47.93
1377377788, 47.93
1377377793, 47.93
1377377798, 47.93
1377377803, 47.93
1377377808, 47.93
1377377813, 47.93
1377377818, 47.93
1377377823, 47.93
1377377828, 47.93
1377377833, 47.93
1377377838, 47.93
1377377843, 47.93
1377377848, 47.93
1377377853, 47.93
1377377858, 47.93
1377377863, 47.93
1377377868, 47.93
1377377873, 47.93
1377377878, 47.93
1377377883, 47.93
1377377888, 47.93
1377377893, 47.93
1377377898, 47.93
1377377903, 47.93
1377377908, 47.93
1377377913, 47.93
1377377918, 47.93
1377377923, 47.93
1377377928, 47.93
1377377933, 47.93
1377377938, 47.93
1377377943, 47.93
1377377948, 47.93
1377377953, 47.93
1377377959, 47.93
1377377963, 47.93
1377377968, 47.93
1377377973, 47.93
1377377978, 47.93
1377377983, 47.96
1377377988, 47.96
1377377993, 47.93
1377377998, 47.93
1377378003, 47.93
1377378008, 47.96
1377378013, 47.96
1377378018, 47.93
1377378023, 47.93
1377378028, 47.93
1377378033, 47.93
1377378038, 47.93
1377378043, 47.93
1377378048, 47.93
1377378053, 47.93
1377378058, 47.96
1377378063, 47.96
1377378068, 47.93
1377378073, 47.93
1377378078, 47.93
1377378083, 47.93
1377378088, 47.96
1377378093, 47.93
1377378098, 47.96
1377378103, 47.96
1377378108, 47.96
1377378113, 47.96
1377378118, 47.93
1377378123, 47.93
1377378128, 47.96
1377378133, 47.93
1377378138, 47.96
1377378143, 47.93
1377378148, 47.93
1377378153, 47.96
1377378158, 47.96
1377378164, 47.96
1377378168, 47.96
1377378173, 47.96
1377378178, 47.96
1377378183, 47.93
1377378188, 47.96
1377378193, 47.93
1377378198, 47.96
1377378203, 47.96
1377378208, 47.96
1377378213, 47.96
1377378218, 47.93
1377378223, 47.93
1377378228, 47.93
1377378233, 47.96
1377378238, 47.96
1377378243, 47.96
1377378248, 47.93
1377378253, 47.93
1377378258, 47.96
1377378263, 47.96
1377378268, 47.96
1377378273, 47.96
1377378278, 47.96
1377378283, 47.96
1377378288, 47.96
1377378293, 47.96
1377378298, 47.96
1377378303, 47.96
1377378308, 47.96
1377378313, 47.96
1377378318, 47.96
1377378323, 47.96
1377378328, 47.96
1377378333, 47.96
1377378338, 47.99
1377378343, 47.96
1377378348, 47.96
1377378353, 47.96
1377378358, 47.96
1377378363, 47.96
1377378368, 47.96
1377378373, 47.96
1377378378, 47.96
1377378383, 47.96
1377378388, 47.96
1377378393, 47.96
1377378398, 47.96
1377378403, 47.96
1377378408, 47.96
1377378413, 47.99
1377378418, 47.96
1377378423, 47.96
1377378428, 47.99
1377378433, 47.99
1377378438, 47.96
1377378443, 47.96
1377378448, 47.96
1377378453, 47.99
1377378458, 47.99
1377378463, 47.99
1377378468, 47.96
1377378473, 47.99
1377378478, 47.96
1377378483, 47.99
1377378488, 47.96
1377378493, 47.96
1377378498, 47.96
1377378503, 47.96
1377378508, 47.96
1377378513, 47.96
1377378518, 47.99
1377378523, 47.96
1377378528, 47.96
1377378533, 47.96
1377378538, 47.99
1377378543, 47.96
1377378548, 47.96
1377378553, 47.96
1377378558, 47.99
1377378563, 47.99
1377378568, 47.96
1377378573, 47.99
1377378578, 47.96
1377378583, 47.99
1377378588, 47.96
1377378593, 47.96
1377378598, 47.99
1377378603, 47.99
1377378608, 47.96
1377378613, 47.96
1377378618, 47.96
1377378623, 47.99
1377378628, 47.99
1377378633, 47.99
1377378638, 47.99
1377378643, 47.99
1377378648, 47.99
1377378653, 47.96
1377378658, 47.96
1377378663, 47.99
1377378668, 47.99
1377378673, 47.99
1377378678, 47.96
1377378683, 47.99
1377378688, 47.99
1377378693, 47.99
1377378698, 47.99
1377378703, 47.99
1377378708, 47.96
1377378713, 47.99
1377378718, 47.99
1377378723, 47.99
1377378728, 47.99
1377378733, 47.99
1377378738, 47.99
1377378743, 47.99
1377378748, 47.96
1377378753, 47.99
1377378758, 47.99
1377378763, 47.99
1377378768, 47.96
1377378773, 47.99
1377378778, 47.96
1377378783, 47.99
1377378788, 47.99
1377378793, 47.96
1377378798, 47.99
1377378803, 47.99
1377378808, 47.99
1377378813, 47.99
1377378818, 47.99
1377378823, 47.99
1377378828, 47.99
1377378833, 47.99
1377378838, 47.99
1377378843, 47.99
1377378848, 47.99
1377378853, 47.99
1377378858, 47.96
1377378863, 47.99
1377378868, 47.99
1377378873, 47.99
1377378878, 47.99
1377378883, 47.99
1377378888, 47.99
1377378893, 47.99
1377378898, 47.99
1377378903, 47.99
1377378908, 47.99
1377378913, 47.99
1377378918, 47.99
1377378923, 47.99
1377378928, 47.99
1377378933, 47.96
1377378938, 47.99
1377378943, 47.99
1377378948, 47.99
1377378953, 47.99
1377378958, 47.99
1377378963, 47.99
1377378968, 47.99
1377378973, 47.99
1377378978, 47.99
1377378983, 47.99
1377378988, 47.99
1377378993, 47.99
1377378998, 47.99
1377379003, 47.99
1377379008, 47.99
1377379013, 47.99
1377379018, 47.96
1377379023, 47.99
1377379028, 47.99
1377379033, 47.99
1377379038, 47.99
1377379043, 47.99
1377379048, 47.99
1377379054, 47.99
1377379058, 47.99
1377379063, 47.99
1377379068, 47.99
1377379073, 47.99
1377379078, 47.99
1377379083, 47.99
1377379088, 47.99
1377379093, 47.99
1377379098, 47.99
1377379103, 47.99
1377379108, 47.99
1377379113, 47.99
1377379118, 47.99
1377379123, 47.99
1377379128, 47.99
1377379133, 47.99
1377379138, 47.99
1377379143, 47.99
1377379148, 47.99
1377379153, 47.99
1377379158, 47.99
1377379163, 47.99
1377379168, 47.99
1377379173, 47.99
1377379178, 47.99
1377379183, 47.99
1377379188, 47.99
1377379193, 47.99
1377379198, 47.99
1377379203, 47.99
1377379208, 47.99
1377379213, 47.99
1377379218, 47.99
1377379223, 47.99
1377379228, 47.99
1377379233, 47.99
1377379238, 47.96
1377379243, 47.99
1377379248, 47.99
1377379253, 47.99
1377379258, 47.99
1377379263, 47.99
1377379268, 47.99
1377379273, 47.99
1377379278, 47.99
1377379283, 47.99
1377379288, 47.99
1377379293, 47.99
1377379298, 47.99
1377379303, 47.99
1377379308, 47.99
1377379313, 47.99
1377379318, 47.99
1377379323, 47.99
1377379328, 47.99
1377379333, 47.99
1377379338, 47.99
1377379343, 47.99
1377379348, 47.99
1377379353, 47.99
1377379358, 47.99
1377379363, 47.99
1377379368, 47.99
1377379373, 47.99
1377379378, 47.99
1377379383, 47.96
1377379388, 47.99
1377379393, 47.99
1377379398, 47.99
1377379403, 47.99
1377379408, 47.99
1377379413, 47.99
1377379418, 47.99
1377379423, 47.99
1377379428, 47.99
1377379433, 47.99
1377379438, 47.99
1377379443, 47.99
1377379448, 47.99
1377379453, 47.99
1377379458, 47.99
1377379463, 47.99
1377379468, 47.99
1377379473, 47.99
1377379478, 47.99
1377379483, 47.99
1377379488, 47.99
1377379493, 47.99
1377379498, 47.99
1377379503, 47.99
1377379508, 47.99
1377379513, 47.99
1377379518, 47.99
1377379523, 47.99
1377379528, 47.99
1377379533, 47.99
1377379538, 47.99
1377379543, 47.99
1377379548, 47.99
1377379553, 47.99
1377379558, 47.99
1377379563, 47.99
1377379568, 47.99
1377379573, 48.03
1377379578, 47.99
1377379583, 47.99
1377379588, 47.99
1377379593, 47.99
1377379598, 47.99
1377379603, 47.99
1377379608, 48.03
1377379613, 47.99
1377379618, 47.99
1377379623, 47.99
1377379628, 47.99
1377379633, 47.99
1377379638, 47.99
1377379643, 48.03
1377379648, 47.99
1377379653, 47.99
1377379658, 48.03
1377379663, 48.03
1377379668, 47.99
1377379673, 47.99
1377379678, 47.99
1377379683, 47.99
1377379688, 47.99
1377379693, 48.03
1377379698, 47.99
1377379703, 48.03
1377379708, 48.03
1377379713, 47.99
1377379718, 47.99
1377379723, 47.99
1377379728, 48.03
1377379733, 48.03
1377379738, 47.99
1377379743, 47.99
1377379748, 48.03
1377379753, 48.03
1377379758, 48.03
1377379763, 48.03
1377379768, 47.99
1377379773, 48.03
1377379778, 48.03
1377379783, 48.03
1377379788, 48.03
1377379793, 48.03
1377379798, 47.99
1377379803, 48.03
1377379808, 48.03
1377379813, 48.03
1377379818, 48.03
1377379823, 48.03
1377379828, 48.03
1377379833, 48.03
1377379838, 47.99
1377379843, 48.03
1377379848, 48.03
1377379853, 48.03
1377379858, 48.03
1377379863, 47.99
1377379868, 48.06
1377379873, 48.06
1377379878, 48.03
1377379883, 48.03
1377379888, 48.03
1377379893, 48.03
1377379898, 48.03
1377379903, 48.03
1377379908, 48.03
1377379913, 47.99
1377379918, 48.03
1377379923, 48.03
1377379928, 48.06
1377379933, 48.03
1377379938, 48.03
1377379943, 48.06
1377379948, 48.03
1377379953, 48.06
1377379958, 48.06
1377379963, 48.03
1377379968, 48.06
1377379973, 48.06
1377379978, 48.03
1377379983, 48.06
1377379988, 48.06
1377379993, 48.03
1377379998, 48.06
1377380003, 48.06
1377380008, 48.06
1377380013, 48.06
1377380018, 48.03
1377380023, 48.06
1377380028, 48.06
1377380033, 48.03
1377380038, 48.06
1377380043, 48.06
1377380048, 48.06
1377380053, 48.06
1377380058, 48.06
1377380063, 48.06
1377380068, 48.06
1377380073, 48.06
1377380078, 48.06
1377380083, 48.06
1377380088, 48.06
1377380093, 48.06
1377380098, 48.06
1377380103, 48.06
1377380108, 48.06
1377380113, 48.06
1377380118, 48.06
1377380123, 48.03
1377380128, 48.06
1377380133, 48.06
1377380138, 48.06
1377380143, 48.06
1377380148, 48.06
1377380153, 48.06
1377380158, 48.06
1377380163, 48.06
1377380168, 48.06
1377380173, 48.06
1377380178, 48.06
1377380183, 48.06
1377380188, 48.06
1377380193, 48.06
1377380198, 48.06
1377380203, 48.06
1377380208, 48.06
1377380213, 48.06
1377380218, 48.06
1377380223, 48.06
1377380228, 48.06
1377380233, 48.06
1377380238, 48.06
1377380243, 48.06
1377380248, 48.06
1377380253, 48.06
1377380258, 48.06
1377380263, 48.06
1377380268, 48.06
1377380273, 48.06
1377380278, 48.06
1377380283, 48.06
1377380288, 48.06
1377380293, 48.06
1377380298, 48.06
1377380303, 48.06
1377380308, 48.06
1377380313, 48.06
1377380318, 48.06
1377380323, 48.06
1377380328, 48.06
1377380333, 48.06
1377380338, 48.09
1377380343, 48.06
1377380348, 48.06
1377380353, 48.06
1377380358, 48.06
1377380363, 48.06
1377380368, 48.06
1377380373, 48.06
1377380378, 48.09
1377380383, 48.06
1377380388, 48.06
1377380393, 48.06
1377380398, 48.06
1377380403, 48.06
1377380408, 48.06
1377380413, 48.06
1377380418, 48.06
1377380423, 48.06
1377380428, 48.06
1377380433, 48.06
1377380438, 48.06
1377380443, 48.06
1377380448, 48.09
1377380453, 48.09
1377380458, 48.06
1377380463, 48.06
1377380468, 48.06
1377380473, 48.09
1377380478, 48.09
1377380483, 48.06
1377380488, 48.06
1377380493, 48.06
1377380498, 48.06
1377380503, 48.06
1377380508, 48.09
1377380513, 48.09
1377380518, 48.09
1377380523, 48.09
1377380528, 48.09
1377380533, 48.09
1377380538, 48.09
1377380543, 48.09
1377380548, 48.09
1377380553, 48.09
1377380558, 48.06
1377380563, 48.06
1377380568, 48.09
1377380573, 48.09
1377380578, 48.09
1377380583, 48.06
1377380588, 48.06
1377380593, 48.09
1377380598, 48.09
1377380603, 48.09
1377380608, 48.06
1377380613, 48.06
1377380618, 48.09
1377380623, 48.09
1377380628, 48.06
1377380633, 48.09
1377380638, 48.09
1377380643, 48.09
1377380648, 48.12
1377380653, 48.09
1377380658, 48.09
1377380663, 48.09
1377380668, 48.12
1377380673, 48.06
1377380678, 48.09
1377380683, 48.09
1377380688, 48.09
1377380693, 48.06
1377380698, 48.09
1377380703, 48.09
1377380708, 48.09
1377380713, 48.09
1377380718, 48.09
1377380723, 48.09
1377380728, 48.09
1377380733, 48.09
1377380738, 48.09
1377380743, 48.09
1377380748, 48.06
1377380753, 48.06
1377380758, 48.09
1377380763, 48.12
1377380768, 48.09
1377380773, 48.09
1377380778, 48.09
1377380783, 48.09
1377380788, 48.09
1377380793, 48.12
1377380798, 48.06
1377380803, 48.09
1377380808, 48.06
1377380813, 48.09
1377380818, 48.12
1377380823, 48.09
1377380828, 48.12
1377380833, 48.09
1377380838, 48.09
1377380843, 48.09
1377380848, 48.09
1377380853, 48.09
1377380858, 48.09
1377380863, 48.09
1377380868, 48.12
1377380873, 48.09
1377380878, 48.09
1377380883, 48.09
1377380888, 48.09
1377380893, 48.09
1377380898, 48.12
1377380903, 48.09
1377380908, 48.09
1377380913, 48.09
1377380918, 48.12
1377380923, 48.09
1377380928, 48.12
1377380933, 48.09
1377380938, 48.12
1377380943, 48.09
1377380948, 48.12
1377380953, 48.09
1377380958, 48.12
1377380963, 48.12
1377380968, 48.09
1377380973, 48.12
1377380978, 48.12
1377380983, 48.12
1377380988, 48.09
1377380993, 48.12
1377380998, 48.09
1377381003, 48.09
1377381008, 48.12
1377381013, 48.09
1377381018, 48.09
1377381023, 48.09
1377381028, 48.12
1377381033, 48.09
1377381038, 48.09
1377381043, 48.09
1377381048, 48.12
1377381053, 48.06
1377381058, 48.09
1377381063, 48.12
1377381068, 48.09
1377381073, 48.09
1377381078, 48.09
1377381083, 48.12
1377381088, 48.09
1377381093, 48.12
1377381098, 48.09
1377381103, 48.12
1377381108, 48.09
1377381113, 48.09
1377381118, 48.12
1377381123, 48.09
1377381128, 48.12
1377381133, 48.09
1377381138, 48.12
1377381143, 48.12
1377381148, 48.09
1377381153, 48.12
1377381158, 48.12
1377381163, 48.12
1377381168, 48.12
1377381173, 48.12
1377381178, 48.09
1377381183, 48.12
1377381188, 48.12
1377381193, 48.12
1377381198, 48.12
1377381203, 48.12
1377381208, 48.12
1377381213, 48.12
1377381218, 48.12
1377381223, 48.12
1377381228, 48.09
1377381233, 48.12
1377381238, 48.12
1377381243, 48.12
1377381248, 48.12
1377381253, 48.12
1377381258, 48.12
1377381263, 48.12
1377381268, 48.12
1377381273, 48.12
1377381278, 48.09
1377381283, 48.12
1377381288, 48.12
1377381293, 48.12
1377381298, 48.12
1377381303, 48.12
1377381308, 48.12
1377381313, 48.12
1377381318, 48.12
1377381323, 48.12
1377381328, 48.12
1377381333, 48.12
1377381338, 48.12
1377381343, 48.12
1377381348, 48.12
1377381353, 48.12
1377381358, 48.12
1377381363, 48.12
1377381368, 48.12
1377381373, 48.12
1377381378, 48.12
1377381383, 48.09
1377381388, 48.12
1377381393, 48.12
1377381398, 48.12
1377381403, 48.12
1377381408, 48.12
1377381413, 48.12
1377381418, 48.12
1377381423, 48.12
1377381428, 48.12
1377381433, 48.12
1377381438, 48.12
1377381443, 48.12
1377381448, 48.12
1377381453, 48.12
1377381458, 48.12
1377381463, 48.12
1377381468, 48.12
1377381473, 48.12
1377381478, 48.12
1377381483, 48.12
1377381488, 48.12
1377381493, 48.12
1377381498, 48.12
1377381503, 48.12
1377381508, 48.12
1377381513, 48.12
1377381518, 48.12
1377381523, 48.12
1377381528, 48.12
1377381533, 48.12
1377381538, 48.12
1377381543, 48.12
1377381548, 48.12
1377381553, 48.12
1377381558, 48.12
1377381563, 48.12
1377381568, 48.12
1377381573, 48.12
1377381578, 48.12
1377381583, 48.12
1377381588, 48.12
1377381593, 48.12
1377381598, 48.12
1377381603, 48.12
1377381608, 48.12
1377381613, 48.12
1377381618, 48.12
1377381623, 48.12
1377381628, 48.12
1377381633, 48.12
1377381638, 48.12
1377381643, 48.12
1377381648, 48.12
1377381653, 48.12
1377381658, 48.12
1377381663, 48.12
1377381668, 48.12
1377381673, 48.12
1377381678, 48.16
1377381683, 48.12
1377381688, 48.12
1377381693, 48.12
1377381698, 48.12
1377381703, 48.12
1377381708, 48.12
1377381713, 48.12
1377381718, 48.16
1377381723, 48.12
1377381728, 48.12
1377381733, 48.12
1377381738, 48.16
1377381743, 48.12
1377381748, 48.16
1377381753, 48.12
1377381758, 48.16
1377381763, 48.12
1377381768, 48.12
1377381773, 48.12
1377381778, 48.12
1377381783, 48.16
1377381788, 48.16
1377381793, 48.12
1377381798, 48.16
1377381803, 48.12
1377381808, 48.12
1377381813, 48.12
1377381818, 48.12
1377381823, 48.12
1377381828, 48.12
1377381833, 48.12
1377381838, 48.16
1377381843, 48.12
1377381848, 48.12
1377381853, 48.16
1377381858, 48.16
1377381863, 48.12
1377381868, 48.16
1377381873, 48.16
1377381878, 48.12
1377381883, 48.16
1377381888, 48.16
1377381893, 48.12
1377381898, 48.16
1377381903, 48.12
1377381908, 48.16
1377381913, 48.12
1377381918, 48.12
1377381923, 48.12
1377381928, 48.12
1377381933, 48.16
1377381938, 48.12
1377381943, 48.16
1377381948, 48.16
1377381953, 48.12
1377381958, 48.19
1377381963, 48.12
1377381968, 48.16
1377381973, 48.16
1377381978, 48.16
1377381983, 48.12
1377381988, 48.16
1377381993, 48.19
1377381998, 48.16
1377382003, 48.16
1377382008, 48.16
1377382013, 48.16
1377382018, 48.16
1377382023, 48.16
1377382028, 48.16
1377382033, 48.12
1377382038, 48.16
1377382043, 48.16
1377382048, 48.12
1377382053, 48.12
1377382058, 48.16
1377382063, 48.16
1377382068, 48.19
1377382073, 48.16
1377382078, 48.16
1377382083, 48.16
1377382088, 48.16
1377382093, 48.16
1377382098, 48.16
1377382103, 48.16
1377382108, 48.16
1377382113, 48.16
1377382118, 48.12
1377382123, 48.16
1377382128, 48.16
1377382133, 48.19
1377382138, 48.16
1377382143, 48.16
1377382148, 48.16
1377382153, 48.16
1377382158, 48.19
1377382163, 48.19
1377382168, 48.12
1377382173, 48.16
1377382178, 48.19
1377382183, 48.16
1377382188, 48.16
1377382193, 48.16
1377382198, 48.16
1377382203, 48.16
1377382208, 48.16
1377382213, 48.16
1377382218, 48.16
1377382223, 48.16
1377382228, 48.19
1377382233, 48.16
1377382238, 48.19
1377382243, 48.16
1377382248, 48.16
1377382253, 48.16
1377382258, 48.16
1377382263, 48.16
1377382268, 48.19
1377382273, 48.19
1377382278, 48.16
1377382283, 48.19
1377382288, 48.16
1377382293, 48.16
1377382298, 48.12
1377382303, 48.19
1377382308, 48.19
1377382313, 48.16
1377382318, 48.12
1377382323, 48.19
1377382328, 48.19
1377382333, 48.19
1377382338, 48.19
1377382343, 48.19
1377382348, 48.16
1377382353, 48.19
1377382358, 48.19
1377382363, 48.19
1377382368, 48.16
1377382373, 48.16
1377382378, 48.19
1377382383, 48.19
1377382388, 48.16
1377382393, 48.19
1377382398, 48.19
1377382403, 48.19
1377382408, 48.19
1377382413, 48.19
1377382418, 48.19
1377382423, 48.19
1377382428, 48.16
1377382433, 48.16
1377382438, 48.16
1377382443, 48.19
1377382448, 48.19
1377382453, 48.19
1377382458, 48.19
1377382463, 48.16
1377382468, 48.19
1377382473, 48.19
1377382478, 48.19
1377382483, 48.19
1377382489, 48.19
1377382493, 48.19
1377382498, 48.19
1377382503, 48.19
1377382509, 48.19
1377382513, 48.16
1377382518, 48.19
1377382523, 48.19
1377382528, 48.19
1377382533, 48.19
1377382538, 48.19
1377382543, 48.16
1377382548, 48.19
1377382553, 48.19
1377382558, 48.19
1377382563, 48.19
1377382568, 48.19
1377382573, 48.19
1377382578, 48.16
1377382583, 48.19
1377382588, 48.19
1377382593, 48.19
1377382598, 48.19
1377382603, 48.19
1377382608, 48.19
1377382613, 48.19
1377382618, 48.19
1377382623, 48.19
1377382628, 48.16
1377382633, 48.19
1377382638, 48.19
1377382643, 48.19
1377382648, 48.19
1377382653, 48.19
1377382658, 48.19
1377382663, 48.19
1377382668, 48.19
1377382673, 48.19
1377382678, 48.19
1377382683, 48.19
1377382688, 48.19
1377382693, 48.16
1377382698, 48.19
1377382703, 48.19
1377382708, 48.19
1377382713, 48.19
1377382718, 48.19
1377382723, 48.16
1377382728, 48.19
1377382733, 48.19
1377382738, 48.19
1377382743, 48.19
1377382748, 48.19
1377382753, 48.19
1377382758, 48.19
1377382763, 48.19
1377382768, 48.19
1377382773, 48.19
1377382778, 48.19
1377382783, 48.19
1377382788, 48.19
1377382793, 48.19
1377382798, 48.19
1377382803, 48.19
1377382808, 48.19
1377382813, 48.19
1377382818, 48.19
1377382823, 48.19
1377382828, 48.19
1377382833, 48.19
1377382838, 48.19
1377382843, 48.22
1377382848, 48.19
1377382853, 48.19
1377382858, 48.19
1377382863, 48.19
1377382868, 48.19
1377382873, 48.19
1377382878, 48.19
1377382883, 48.19
1377382888, 48.19
1377382893, 48.19
1377382898, 48.19
1377382903, 48.19
1377382908, 48.19
1377382913, 48.19
1377382918, 48.19
1377382923, 48.19
1377382928, 48.19
1377382933, 48.19
1377382938, 48.19
1377382943, 48.19
1377382948, 48.19
1377382953, 48.19
1377382958, 48.19
1377382963, 48.19
1377382968, 48.19
1377382973, 48.19
1377382978, 48.19
1377382983, 48.19
1377382988, 48.19
1377382993, 48.19
1377382998, 48.22
1377383003, 48.19
1377383008, 48.19
1377383013, 48.22
1377383018, 48.19
1377383023, 48.19
1377383028, 48.19
1377383033, 48.19
1377383038, 48.19
1377383043, 48.22
1377383048, 48.19
1377383053, 48.19
1377383058, 48.22
1377383063, 48.22
1377383068, 48.22
1377383073, 48.22
1377383078, 48.22
1377383083, 48.22
1377383088, 48.22
1377383093, 48.22
1377383098, 48.22
1377383103, 48.22
1377383108, 48.22
1377383113, 48.19
1377383118, 48.19
1377383123, 48.19
1377383128, 48.19
1377383133, 48.19
1377383138, 48.22
1377383143, 48.22
1377383148, 48.19
1377383153, 48.22
1377383158, 48.22
1377383163, 48.22
1377383168, 48.19
1377383173, 48.19
1377383178, 48.22
1377383183, 48.19
1377383188, 48.22
1377383193, 48.22
1377383198, 48.22
1377383203, 48.19
1377383208, 48.22
1377383213, 48.22
1377383218, 48.22
1377383223, 48.22
1377383228, 48.19
1377383233, 48.19
1377383238, 48.22
1377383243, 48.19
1377383248, 48.22
1377383253, 48.22
1377383258, 48.22
1377383263, 48.19
1377383268, 48.22
1377383273, 48.22
1377383278, 48.22
1377383283, 48.22
1377383288, 48.22
1377383293, 48.22
1377383298, 48.22
1377383303, 48.22
1377383308, 48.22
1377383313, 48.19
1377383318, 48.22
1377383323, 48.22
1377383328, 48.22
1377383333, 48.22
1377383338, 48.22
1377383343, 48.19
1377383348, 48.22
1377383353, 48.22
1377383358, 48.22
1377383363, 48.19
1377383368, 48.22
1377383373, 48.22
1377383378, 48.22
1377383383, 48.22
1377383388, 48.22
1377383393, 48.22
1377383398, 48.22
1377383403, 48.22
1377383408, 48.22
1377383413, 48.19
1377383418, 48.19
1377383423, 48.22
1377383428, 48.22
1377383433, 48.22
1377383438, 48.22
1377383443, 48.22
1377383448, 48.19
1377383453, 48.22
1377383458, 48.22
1377383463, 48.22
1377383468, 48.22
1377383473, 48.22
1377383478, 48.22
1377383483, 48.22
1377383488, 48.22
1377383493, 48.22
1377383498, 48.22
1377383503, 48.25
1377383508, 48.25
1377383513, 48.22
1377383518, 48.22
1377383523, 48.22
1377383528, 48.22
1377383533, 48.22
1377383538, 48.25
1377383543, 48.22
1377383548, 48.22
1377383553, 48.22
1377383558, 48.25
1377383563, 48.22
1377383568, 48.25
1377383573, 48.22
1377383578, 48.22
1377383583, 48.25
1377383588, 48.22
1377383593, 48.22
1377383598, 48.19
1377383603, 48.22
1377383608, 48.22
1377383613, 48.22
1377383618, 48.25
1377383623, 48.19
1377383628, 48.22
1377383633, 48.22
1377383638, 48.22
1377383643, 48.25
1377383648, 48.22
1377383653, 48.25
1377383658, 48.22
1377383663, 48.22
1377383668, 48.22
1377383673, 48.22
1377383678, 48.22
1377383683, 48.22
1377383688, 48.25
1377383693, 48.22
1377383699, 48.19
1377383703, 48.22
1377383708, 48.22
1377383713, 48.22
1377383718, 48.22
1377383723, 48.25
1377383728, 48.22
1377383733, 48.22
1377383738, 48.22
1377383743, 48.25
1377383748, 48.25
1377383753, 48.22
1377383758, 48.22
1377383763, 48.22
1377383768, 48.22
1377383773, 48.19
1377383778, 48.22
1377383783, 48.22
1377383788, 48.19
1377383793, 48.19
1377383798, 48.22
1377383803, 48.22
1377383808, 48.22
1377383813, 48.22
1377383818, 48.22
1377383823, 48.25
1377383828, 48.22
1377383833, 48.22
1377383838, 48.22
1377383843, 48.22
1377383848, 48.22
1377383853, 48.25
1377383858, 48.25
1377383863, 48.22
1377383868, 48.22
1377383873, 48.22
1377383878, 48.22
1377383883, 48.22
1377383888, 48.22
1377383893, 48.22
1377383898, 48.22
1377383903, 48.25
1377383908, 48.22
1377383913, 48.22
1377383918, 48.25
1377383923, 48.22
1377383928, 48.22
1377383933, 48.25
1377383938, 48.22
1377383943, 48.22
1377383948, 48.22
1377383953, 48.25
1377383958, 48.25
1377383963, 48.25
1377383968, 48.25
1377383973, 48.25
1377383978, 48.25
1377383983, 48.22
1377383988, 48.22
1377383993, 48.22
1377383998, 48.25
1377384003, 48.25
1377384008, 48.22
1377384013, 48.25
1377384018, 48.25
1377384023, 48.25
1377384028, 48.22
1377384033, 48.25
1377384038, 48.25
1377384043, 48.25
1377384048, 48.25
1377384053, 48.22
1377384058, 48.22
1377384063, 48.22
1377384068, 48.25
1377384073, 48.22
1377384078, 48.25
1377384083, 48.25
1377384088, 48.25
1377384093, 48.22
1377384098, 48.22
1377384103, 48.22
1377384108, 48.25
1377384113, 48.25
1377384118, 48.25
1377384123, 48.22
1377384128, 48.22
1377384133, 48.25
1377384138, 48.25
1377384143, 48.22
1377384148, 48.25
1377384153, 48.25
1377384158, 48.25
1377384163, 48.25
1377384168, 48.25
1377384173, 48.25
1377384178, 48.25
1377384183, 48.22
1377384188, 48.25
1377384193, 48.25
1377384198, 48.25
1377384203, 48.25
1377384208, 48.25
1377384213, 48.25
1377384218, 48.22
1377384223, 48.25
1377384228, 48.25
1377384233, 48.22
1377384238, 48.25
1377384243, 48.25
1377384248, 48.22
1377384253, 48.25
1377384258, 48.25
1377384263, 48.25
1377384268, 48.25
1377384273, 48.25
1377384278, 48.25
1377384283, 48.25
1377384288, 48.22
1377384293, 48.22
1377384298, 48.25
1377384303, 48.22
1377384308, 48.25
1377384313, 48.22
1377384318, 48.25
1377384323, 48.25
1377384328, 48.25
1377384333, 48.25
1377384338, 48.22
1377384343, 48.25
1377384348, 48.25
1377384353, 48.22
1377384358, 48.22
1377384363, 48.25
1377384368, 48.25
1377384373, 48.25
1377384378, 48.25
1377384383, 48.22
1377384388, 48.25
1377384393, 48.25
1377384398, 48.25
1377384403, 48.25
1377384408, 48.25
1377384413, 48.25
1377384418, 48.25
1377384423, 48.25
1377384428, 48.25
1377384433, 48.25
1377384438, 48.25
1377384443, 48.25
1377384448, 48.25
1377384453, 48.25
1377384458, 48.22
1377384463, 48.25
1377384468, 48.25
1377384473, 48.25
1377384478, 48.25
1377384483, 48.25
1377384488, 48.25
1377384493, 48.22
1377384498, 48.25
1377384503, 48.25
1377384508, 48.25
1377384513, 48.25
1377384518, 48.25
1377384523, 48.25
1377384528, 48.25
1377384533, 48.25
1377384538, 48.25
1377384543, 48.25
1377384548, 48.25
1377384553, 48.25
1377384558, 48.25
1377384563, 48.25
1377384568, 48.22
1377384573, 48.22
1377384578, 48.25
1377384583, 48.25
1377384588, 48.25
1377384593, 48.25
1377384598, 48.25
1377384603, 48.25
1377384608, 48.22
1377384613, 48.25
1377384618, 48.25
1377384623, 48.25
1377384628, 48.25
1377384633, 48.22
1377384638, 48.25
1377384643, 48.25
1377384648, 48.25
1377384653, 48.25
1377384658, 48.25
1377384663, 48.25
1377384668, 48.25
1377384673, 48.25
1377384678, 48.25
1377384683, 48.25
1377384688, 48.25
1377384693, 48.25
1377384698, 48.25
1377384703, 48.25
1377384708, 48.25
1377384713, 48.25
1377384718, 48.25
1377384723, 48.22
1377384728, 48.25
1377384733, 48.25
1377384738, 48.25
1377384743, 48.25
1377384748, 48.25
1377384753, 48.25
1377384758, 48.25
1377384763, 48.25
1377384768, 48.25
1377384773, 48.25
1377384778, 48.25
1377384783, 48.25
1377384788, 48.25
1377384793, 48.25
1377384798, 48.25
1377384803, 48.25
1377384808, 48.25
1377384813, 48.25
1377384818, 48.25
1377384823, 48.25
1377384828, 48.25
1377384833, 48.25
1377384838, 48.25
1377384843, 48.25
1377384848, 48.25
1377384853, 48.25
1377384858, 48.25
1377384863, 48.25
1377384868, 48.25
1377384873, 48.25
1377384878, 48.29
1377384883, 48.25
1377384888, 48.25
1377384893, 48.25
1377384898, 48.25
1377384903, 48.25
1377384908, 48.25
1377384913, 48.25
1377384918, 48.25
1377384923, 48.25
1377384928, 48.25
1377384933, 48.25
1377384938, 48.25
1377384943, 48.25
1377384948, 48.25
1377384953, 48.25
1377384958, 48.29
1377384963, 48.25
1377384968, 48.25
1377384973, 48.29
1377384978, 48.25
1377384983, 48.25
1377384988, 48.25
1377384993, 48.29
1377384998, 48.25
1377385003, 48.25
1377385008, 48.25
1377385013, 48.25
1377385018, 48.25
1377385023, 48.25
1377385028, 48.25
1377385033, 48.25
1377385038, 48.25
1377385043, 48.25
1377385048, 48.25
1377385053, 48.25
1377385058, 48.25
1377385063, 48.25
1377385068, 48.25
1377385073, 48.25
1377385078, 48.29
1377385083, 48.25
1377385088, 48.25
1377385093, 48.25
1377385098, 48.29
1377385103, 48.25
1377385108, 48.25
1377385113, 48.29
1377385118, 48.29
1377385123, 48.29
1377385128, 48.25
1377385133, 48.25
1377385138, 48.25
1377385144, 48.29
1377385148, 48.25
1377385153, 48.25
1377385158, 48.25
1377385163, 48.29
1377385168, 48.25
1377385173, 48.25
1377385178, 48.25
1377385183, 48.25
1377385188, 48.25
1377385193, 48.29
1377385198, 48.25
1377385203, 48.29
1377385208, 48.25
1377385213, 48.25
1377385218, 48.29
1377385223, 48.25
1377385228, 48.29
1377385233, 48.25
1377385238, 48.25
1377385243, 48.29
1377385248, 48.25
1377385253, 48.25
1377385258, 48.29
1377385263, 48.29
1377385268, 48.25
1377385273, 48.25
1377385278, 48.29
1377385283, 48.25
1377385288, 48.25
1377385293, 48.25
1377385298, 48.25
1377385303, 48.25
1377385308, 48.25
1377385313, 48.29
1377385318, 48.29
1377385323, 48.29
1377385328, 48.29
1377385333, 48.29
1377385338, 48.25
1377385343, 48.25
1377385348, 48.29
1377385353, 48.29
1377385358, 48.29
1377385363, 48.29
1377385368, 48.29
1377385373, 48.29
1377385378, 48.29
1377385383, 48.29
1377385388, 48.29
1377385393, 48.25
1377385398, 48.25
1377385403, 48.29
1377385408, 48.29
1377385413, 48.25
1377385418, 48.29
1377385423, 48.29
1377385428, 48.29
1377385433, 48.29
1377385438, 48.25
1377385443, 48.29
1377385448, 48.29
1377385453, 48.25
1377385458, 48.29
1377385463, 48.29
1377385468, 48.29
1377385473, 48.29
1377385478, 48.29
1377385483, 48.29
1377385488, 48.29
1377385493, 48.29
1377385498, 48.29
1377385503, 48.29
1377385508, 48.29
1377385513, 48.29
1377385518, 48.29
1377385523, 48.32
1377385528, 48.25
1377385533, 48.29
1377385538, 48.29
1377385543, 48.29
1377385548, 48.29
1377385553, 48.32
1377385558, 48.32
1377385563, 48.29
1377385568, 48.29
1377385573, 48.29
1377385578, 48.29
1377385583, 48.29
1377385588, 48.25
1377385593, 48.29
1377385598, 48.29
1377385603, 48.29
1377385608, 48.29
1377385613, 48.29
1377385618, 48.29
1377385623, 48.29
1377385628, 48.29
1377385633, 48.29
1377385638, 48.29
1377385643, 48.32
1377385648, 48.29
1377385653, 48.29
1377385658, 48.32
1377385663, 48.29
1377385668, 48.29
1377385673, 48.32
1377385678, 48.32
1377385683, 48.29
1377385688, 48.32
1377385693, 48.25
1377385698, 48.29
1377385703, 48.29
1377385708, 48.32
1377385713, 48.29
1377385718, 48.29
1377385723, 48.29
1377385728, 48.29
1377385733, 48.29
1377385738, 48.29
1377385743, 48.29
1377385748, 48.29
1377385753, 48.29
1377385758, 48.29
1377385763, 48.29
1377385768, 48.29
1377385773, 48.29
1377385778, 48.29
1377385783, 48.29
1377385788, 48.32
1377385793, 48.29
1377385798, 48.29
1377385803, 48.29
1377385808, 48.32
1377385813, 48.29
1377385818, 48.32
1377385823, 48.29
1377385828, 48.29
1377385833, 48.29
1377385838, 48.29
1377385843, 48.32
1377385848, 48.32
1377385853, 48.32
1377385858, 48.32
1377385863, 48.29
1377385868, 48.29
1377385873, 48.29
1377385878, 48.32
1377385883, 48.32
1377385888, 48.32
1377385893, 48.32
1377385898, 48.29
1377385903, 48.32
1377385908, 48.32
1377385913, 48.32
1377385918, 48.29
1377385923, 48.29
1377385928, 48.29
1377385933, 48.29
1377385938, 48.29
1377385943, 48.29
1377385948, 48.29
1377385953, 48.32
1377385958, 48.29
1377385963, 48.29
1377385968, 48.32
1377385973, 48.32
1377385978, 48.32
1377385983, 48.32
1377385988, 48.29
1377385993, 48.29
1377385998, 48.32
1377386003, 48.32
1377386008, 48.29
1377386013, 48.29
1377386018, 48.32
1377386023, 48.32
1377386028, 48.32
1377386033, 48.32
1377386038, 48.29
1377386043, 48.32
1377386048, 48.32
1377386053, 48.29
1377386058, 48.32
1377386063, 48.29
1377386068, 48.32
1377386073, 48.29
1377386078, 48.32
1377386083, 48.29
1377386088, 48.29
1377386093, 48.32
1377386099, 48.32
1377386103, 48.29
1377386108, 48.32
1377386113, 48.32
1377386118, 48.32
1377386123, 48.32
1377386128, 48.32
1377386133, 48.32
1377386138, 48.32
1377386143, 48.32
1377386148, 48.32
1377386153, 48.32
1377386158, 48.29
1377386163, 48.32
1377386168, 48.32
1377386173, 48.32
1377386178, 48.32
1377386183, 48.32
1377386188, 48.32
1377386193, 48.32
1377386198, 48.32
1377386203, 48.32
1377386208, 48.32
1377386213, 48.32
1377386218, 48.32
1377386223, 48.32
1377386228, 48.32
1377386233, 48.32
1377386238, 48.32
1377386243, 48.32
1377386248, 48.32
1377386253, 48.32
1377386258, 48.32
1377386263, 48.32
1377386268, 48.32
1377386273, 48.32
1377386278, 48.32
1377386283, 48.32
1377386288, 48.32
1377386293, 48.32
1377386298, 48.32
1377386303, 48.32
1377386308, 48.32
1377386313, 48.32
1377386318, 48.32
1377386323, 48.32
1377386328, 48.32
1377386333, 48.32
1377386338, 48.32
1377386343, 48.32
1377386348, 48.32
1377386353, 48.32
1377386358, 48.32
1377386363, 48.32
1377386368, 48.32
1377386373, 48.32
1377386378, 48.32
1377386383, 48.32
1377386388, 48.32
1377386393, 48.35
1377386398, 48.32
1377386403, 48.32
1377386408, 48.32
1377386413, 48.32
1377386418, 48.32
1377386423, 48.32
1377386428, 48.32
1377386433, 48.32
1377386438, 48.32
1377386443, 48.35
1377386448, 48.35
1377386453, 48.32
1377386458, 48.32
1377386463, 48.32
1377386468, 48.32
1377386473, 48.35
1377386478, 48.35
1377386483, 48.32
1377386488, 48.32
1377386493, 48.32
1377386498, 48.32
1377386503, 48.32
1377386508, 48.32
1377386513, 48.35
1377386518, 48.35
1377386523, 48.32
1377386528, 48.35
1377386533, 48.35
1377386538, 48.32
1377386543, 48.32
1377386548, 48.35
1377386553, 48.32
1377386558, 48.35
1377386563, 48.32
1377386568, 48.32
1377386573, 48.32
1377386578, 48.32
1377386583, 48.32
1377386588, 48.35
1377386593, 48.35
1377386598, 48.35
1377386603, 48.35
1377386608, 48.32
1377386613, 48.35
1377386618, 48.35
1377386623, 48.35
1377386628, 48.35
1377386633, 48.35
1377386638, 48.35
1377386643, 48.35
1377386648, 48.35
1377386653, 48.35
1377386658, 48.35
1377386663, 48.38
1377386668, 48.35
1377386673, 48.32
1377386678, 48.35
1377386683, 48.35
1377386688, 48.38
1377386693, 48.32
1377386698, 48.35
1377386703, 48.35
1377386708, 48.38
1377386713, 48.35
1377386718, 48.35
1377386723, 48.35
1377386728, 48.35
1377386733, 48.35
1377386738, 48.38
1377386743, 48.35
1377386748, 48.35
1377386753, 48.38
1377386758, 48.35
1377386763, 48.38
1377386768, 48.35
1377386773, 48.35
1377386778, 48.35
1377386783, 48.35
1377386788, 48.35
1377386793, 48.35
1377386798, 48.35
1377386803, 48.38
1377386808, 48.35
1377386813, 48.38
1377386818, 48.38
1377386823, 48.38
1377386828, 48.38
1377386833, 48.38
1377386838, 48.38
1377386843, 48.38
1377386848, 48.38
1377386853, 48.38
1377386858, 48.38
1377386863, 48.38
1377386868, 48.35
1377386873, 48.38
1377386878, 48.35
1377386883, 48.35
1377386888, 48.38
1377386893, 48.38
1377386898, 48.38
1377386903, 48.38
1377386908, 48.35
1377386913, 48.38
1377386918, 48.38
1377386923, 48.38
1377386928, 48.35
1377386933, 48.38
1377386938, 48.38
1377386943, 48.35
1377386948, 48.38
1377386953, 48.38
1377386958, 48.38
1377386963, 48.35
1377386968, 48.38
1377386973, 48.38
1377386978, 48.38
1377386983, 48.35
1377386988, 48.38
1377386993, 48.38
1377386998, 48.38
1377387003, 48.38
1377387008, 48.35
1377387013, 48.38
1377387018, 48.38
1377387023, 48.35
1377387028, 48.35
1377387033, 48.35
1377387038, 48.38
1377387043, 48.38
1377387048, 48.38
1377387053, 48.38
1377387058, 48.38
1377387063, 48.38
1377387068, 48.38
1377387073, 48.38
1377387078, 48.38
1377387083, 48.38
1377387088, 48.38
1377387093, 48.38
1377387098, 48.38
1377387103, 48.35
1377387108, 48.38
1377387113, 48.38
1377387118, 48.38
1377387123, 48.38
1377387128, 48.38
1377387133, 48.38
1377387138, 48.38
1377387143, 48.38
1377387148, 48.38
1377387153, 48.38
1377387158, 48.35
1377387163, 48.38
1377387168, 48.38
1377387173, 48.38
1377387178, 48.38
1377387183, 48.38
1377387188, 48.38
1377387193, 48.38
1377387198, 48.38
1377387203, 48.38
1377387208, 48.38
1377387213, 48.38
1377387218, 48.38
1377387223, 48.38
1377387228, 48.38
1377387233, 48.38
1377387238, 48.38
1377387243, 48.38
1377387248, 48.38
1377387253, 48.38
1377387258, 48.38
1377387263, 48.38
1377387268, 48.38
1377387273, 48.38
1377387278, 48.38
1377387283, 48.38
1377387288, 48.38
1377387293, 48.38
1377387298, 48.38
1377387303, 48.38
1377387308, 48.38
1377387313, 48.38
1377387318, 48.38
1377387323, 48.38
1377387328, 48.38
1377387333, 48.38
1377387338, 48.38
1377387343, 48.38
1377387348, 48.38
1377387353, 48.38
1377387358, 48.38
1377387363, 48.38
1377387368, 48.38
1377387373, 48.38
1377387378, 48.38
1377387383, 48.38
1377387388, 48.38
1377387393, 48.38
1377387398, 48.38
1377387403, 48.38
1377387408, 48.38
1377387413, 48.38
1377387418, 48.38
1377387423, 48.42
1377387428, 48.42
1377387433, 48.38
1377387438, 48.38
1377387443, 48.38
1377387448, 48.38
1377387453, 48.38
1377387458, 48.38
1377387463, 48.38
1377387468, 48.38
1377387473, 48.38
1377387478, 48.42
1377387483, 48.38
1377387488, 48.38
1377387493, 48.38
1377387498, 48.38
1377387503, 48.38
1377387508, 48.38
1377387513, 48.38
1377387518, 48.38
1377387523, 48.38
1377387528, 48.38
1377387533, 48.38
1377387538, 48.38
1377387543, 48.38
1377387548, 48.38
1377387553, 48.38
1377387558, 48.38
1377387563, 48.42
1377387568, 48.38
1377387573, 48.38
1377387578, 48.38
1377387583, 48.38
1377387588, 48.38
1377387593, 48.38
1377387598, 48.38
1377387603, 48.42
1377387608, 48.42
1377387613, 48.42
1377387618, 48.38
1377387623, 48.42
1377387628, 48.42
1377387633, 48.42
1377387638, 48.42
1377387643, 48.38
1377387648, 48.38
1377387653, 48.42
1377387658, 48.38
1377387663, 48.38
1377387668, 48.38
1377387673, 48.42
1377387678, 48.38
1377387683, 48.42
1377387688, 48.42
1377387693, 48.38
1377387698, 48.42
1377387703, 48.42
1377387708, 48.42
1377387713, 48.42
1377387718, 48.38
1377387723, 48.42
1377387728, 48.42
1377387733, 48.38
1377387738, 48.42
1377387743, 48.42
1377387748, 48.38
1377387753, 48.42
1377387758, 48.42
1377387763, 48.42
1377387768, 48.42
1377387773, 48.42
1377387778, 48.42
1377387783, 48.38
1377387788, 48.38
1377387793, 48.42
1377387798, 48.42
1377387803, 48.42
1377387808, 48.42
1377387813, 48.45
1377387818, 48.42
1377387823, 48.42
1377387828, 48.38
1377387833, 48.42
1377387838, 48.42
1377387843, 48.42
1377387848, 48.42
1377387853, 48.42
1377387858, 48.45
1377387863, 48.42
1377387868, 48.42
1377387873, 48.38
1377387878, 48.42
1377387883, 48.38
1377387888, 48.42
1377387893, 48.38
1377387898, 48.42
1377387903, 48.42
1377387908, 48.42
1377387913, 48.42
1377387918, 48.38
1377387923, 48.42
1377387928, 48.42
1377387933, 48.45
1377387938, 48.42
1377387943, 48.38
1377387948, 48.42
1377387953, 48.42
1377387958, 48.42
1377387963, 48.42
1377387968, 48.42
1377387973, 48.42
1377387978, 48.38
1377387983, 48.42
1377387988, 48.42
1377387993, 48.38
1377387998, 48.42
1377388003, 48.42
1377388008, 48.42
1377388013, 48.42
1377388018, 48.42
1377388023, 48.42
1377388028, 48.45
1377388033, 48.42
1377388038, 48.42
1377388043, 48.42
1377388048, 48.45
1377388053, 48.42
1377388058, 48.42
1377388063, 48.38
1377388068, 48.42
1377388073, 48.42
1377388078, 48.45
1377388083, 48.42
1377388088, 48.42
1377388093, 48.42
1377388098, 48.45
1377388103, 48.42
1377388108, 48.45
1377388113, 48.42
1377388118, 48.45
1377388123, 48.45
1377388128, 48.42
1377388133, 48.45
1377388138, 48.45
1377388143, 48.45
1377388148, 48.42
1377388153, 48.42
1377388158, 48.45
1377388163, 48.45
1377388168, 48.42
1377388173, 48.42
1377388178, 48.45
1377388183, 48.45
1377388188, 48.45
1377388193, 48.42
1377388198, 48.45
1377388203, 48.45
1377388208, 48.45
1377388213, 48.45
1377388218, 48.42
1377388223, 48.45
1377388228, 48.45
1377388233, 48.42
1377388238, 48.45
1377388243, 48.45
1377388248, 48.45
1377388253, 48.45
1377388258, 48.45
1377388263, 48.45
1377388268, 48.45
1377388273, 48.45
1377388278, 48.45
1377388283, 48.45
1377388288, 48.45
1377388293, 48.45
1377388298, 48.45
1377388303, 48.45
1377388308, 48.45
1377388313, 48.45
1377388318, 48.45
1377388323, 48.45
1377388328, 48.45
1377388333, 48.45
1377388338, 48.45
1377388343, 48.45
1377388348, 48.45
1377388353, 48.45
1377388358, 48.45
1377388363, 48.48
1377388368, 48.45
1377388373, 48.45
1377388378, 48.45
1377388383, 48.45
1377388388, 48.45
1377388393, 48.45
1377388398, 48.45
1377388403, 48.45
1377388408, 48.45
1377388413, 48.45
1377388418, 48.45
1377388423, 48.45
1377388428, 48.45
1377388433, 48.45
1377388438, 48.45
1377388443, 48.48
1377388448, 48.45
1377388453, 48.48
1377388458, 48.45
1377388463, 48.48
1377388468, 48.48
1377388473, 48.45
1377388478, 48.45
1377388483, 48.48
1377388488, 48.45
1377388493, 48.48
1377388498, 48.48
1377388503, 48.48
1377388508, 48.48
1377388513, 48.48
1377388518, 48.48
1377388523, 48.48
1377388528, 48.48
1377388533, 48.48
1377388538, 48.48
1377388543, 48.51
1377388548, 48.48
1377388553, 48.48
1377388558, 48.48
1377388563, 48.48
1377388568, 48.51
1377388573, 48.48
1377388578, 48.51
1377388583, 48.51
1377388588, 48.48
1377388593, 48.48
1377388598, 48.48
1377388603, 48.51
1377388608, 48.48
1377388613, 48.48
1377388618, 48.51
1377388623, 48.48
1377388628, 48.51
1377388633, 48.48
1377388638, 48.48
1377388643, 48.51
1377388648, 48.51
1377388655, 48.51
1377388658, 48.51
1377388663, 48.51
1377388668, 48.51
1377388673, 48.48
1377388678, 48.51
1377388683, 48.51
1377388688, 48.48
1377388693, 48.51
1377388698, 48.51
1377388703, 48.51
1377388708, 48.51
1377388713, 48.51
1377388718, 48.51
1377388723, 48.51
1377388728, 48.51
1377388733, 48.51
1377388738, 48.48
1377388743, 48.51
1377388748, 48.51
1377388753, 48.51
1377388758, 48.51
1377388763, 48.48
1377388768, 48.51
1377388773, 48.51
1377388778, 48.51
1377388783, 48.51
1377388788, 48.51
1377388793, 48.51
1377388798, 48.51
1377388803, 48.51
1377388808, 48.51
1377388813, 48.51
1377388818, 48.51
1377388823, 48.51
1377388828, 48.51
1377388833, 48.51
1377388838, 48.51
1377388843, 48.51
1377388848, 48.51
1377388853, 48.51
1377388858, 48.51
1377388863, 48.51
1377388868, 48.51
1377388873, 48.51
1377388878, 48.51
1377388883, 48.51
1377388888, 48.51
1377388893, 48.51
1377388898, 48.51
1377388903, 48.51
1377388908, 48.51
1377388913, 48.51
1377388918, 48.51
1377388923, 48.51
1377388928, 48.51
1377388933, 48.51
1377388938, 48.51
1377388943, 48.51
1377388948, 48.51
1377388953, 48.51
1377388958, 48.51
1377388963, 48.51
1377388968, 48.55
1377388973, 48.55
1377388978, 48.55
1377388983, 48.51
1377388988, 48.51
1377388993, 48.51
1377388998, 48.55
1377389003, 48.51
1377389008, 48.51
1377389013, 48.51
1377389018, 48.55
1377389023, 48.51
1377389028, 48.51
1377389033, 48.55
1377389038, 48.51
1377389043, 48.51
1377389048, 48.55
1377389053, 48.51
1377389058, 48.55
1377389063, 48.51
1377389068, 48.55
1377389073, 48.51
1377389078, 48.51
1377389083, 48.51
1377389088, 48.51
1377389093, 48.51
1377389098, 48.51
1377389103, 48.55
1377389108, 48.51
1377389113, 48.51
1377389118, 48.51
1377389123, 48.51
1377389128, 48.51
1377389133, 48.55
1377389138, 48.55
1377389143, 48.55
1377389148, 48.55
1377389153, 48.55
1377389158, 48.55
1377389163, 48.51
1377389168, 48.55
1377389173, 48.55
1377389178, 48.55
1377389183, 48.55
1377389188, 48.55
1377389193, 48.55
1377389198, 48.55
1377389203, 48.55
1377389208, 48.55
1377389213, 48.55
1377389218, 48.55
1377389223, 48.55
1377389228, 48.55
1377389233, 48.55
1377389238, 48.51
1377389243, 48.55
1377389248, 48.55
1377389253, 48.55
1377389258, 48.55
1377389263, 48.51
1377389268, 48.55
1377389273, 48.55
1377389278, 48.58
1377389283, 48.58
1377389288, 48.55
1377389293, 48.55
1377389298, 48.55
1377389303, 48.55
1377389308, 48.55
1377389313, 48.55
1377389318, 48.55
1377389323, 48.55
1377389328, 48.55
1377389333, 48.55
1377389338, 48.58
1377389343, 48.58
1377389348, 48.55
1377389353, 48.51
1377389358, 48.55
1377389363, 48.55
1377389368, 48.55
1377389373, 48.55
1377389378, 48.58
1377389383, 48.55
1377389388, 48.58
1377389393, 48.58
1377389398, 48.55
1377389403, 48.55
1377389408, 48.58
1377389413, 48.55
1377389418, 48.55
1377389423, 48.58
1377389428, 48.55
1377389433, 48.55
1377389438, 48.55
1377389443, 48.55
1377389448, 48.58
1377389453, 48.55
1377389458, 48.55
1377389463, 48.55
1377389468, 48.55
1377389473, 48.55
1377389478, 48.55
1377389483, 48.58
1377389488, 48.55
1377389493, 48.55
1377389498, 48.55
1377389503, 48.55
1377389508, 48.58
1377389513, 48.58
1377389518, 48.58
1377389523, 48.58
1377389528, 48.58
1377389533, 48.58
1377389538, 48.55
1377389543, 48.58
1377389548, 48.55
1377389553, 48.58
1377389558, 48.55
1377389563, 48.58
1377389568, 48.58
1377389573, 48.55
1377389578, 48.58
1377389583, 48.58
1377389588, 48.58
1377389593, 48.58
1377389598, 48.58
1377389603, 48.58
1377389608, 48.58
1377389613, 48.58
1377389618, 48.58
1377389623, 48.58
1377389628, 48.58
1377389633, 48.58
1377389638, 48.58
1377389643, 48.58
1377389648, 48.58
1377389653, 48.58
1377389658, 48.58
1377389663, 48.58
1377389668, 48.58
1377389673, 48.58
1377389678, 48.58
1377389683, 48.58
1377389688, 48.58
1377389693, 48.58
1377389698, 48.58
1377389703, 48.58
1377389708, 48.58
1377389713, 48.58
1377389718, 48.58
1377389723, 48.58
1377389728, 48.58
1377389733, 48.58
1377389738, 48.58
1377389743, 48.58
1377389748, 48.58
1377389753, 48.58
1377389758, 48.58
1377389763, 48.58
1377389768, 48.58
1377389773, 48.58
1377389778, 48.58
1377389783, 48.58
1377389788, 48.58
1377389793, 48.58
1377389798, 48.58
1377389803, 48.61
1377389808, 48.61
1377389813, 48.58
1377389818, 48.58
1377389823, 48.58
1377389828, 48.61
1377389833, 48.61
1377389838, 48.61
1377389843, 48.61
1377389848, 48.58
1377389853, 48.61
1377389858, 48.61
1377389863, 48.58
1377389868, 48.61
1377389873, 48.58
1377389878, 48.58
1377389883, 48.61
1377389888, 48.61
1377389893, 48.61
1377389898, 48.61
1377389903, 48.61
1377389908, 48.61
1377389913, 48.61
1377389918, 48.61
1377389923, 48.64
1377389928, 48.61
1377389933, 48.61
1377389938, 48.61
1377389943, 48.61
1377389948, 48.61
1377389953, 48.61
1377389958, 48.61
1377389963, 48.61
1377389968, 48.61
1377389973, 48.64
1377389978, 48.61
1377389983, 48.61
1377389988, 48.61
1377389993, 48.61
1377389998, 48.64
1377390003, 48.61
1377390008, 48.64
1377390013, 48.61
1377390018, 48.61
1377390023, 48.64
1377390028, 48.64
1377390033, 48.64
1377390038, 48.64
1377390043, 48.64
1377390048, 48.61
1377390053, 48.64
1377390058, 48.64
1377390063, 48.64
1377390068, 48.64
1377390073, 48.61
1377390078, 48.64
1377390083, 48.64
1377390088, 48.61
1377390093, 48.61
1377390098, 48.64
1377390103, 48.61
1377390108, 48.64
1377390113, 48.64
1377390118, 48.64
1377390123, 48.64
1377390128, 48.64
1377390133, 48.64
1377390138, 48.64
1377390143, 48.64
1377390148, 48.64
1377390153, 48.64
1377390158, 48.64
1377390163, 48.64
1377390168, 48.64
1377390173, 48.64
1377390178, 48.64
1377390183, 48.64
1377390188, 48.64
1377390193, 48.64
1377390198, 48.64
1377390203, 48.64
1377390208, 48.64
1377390213, 48.64
1377390218, 48.64
1377390223, 48.64
1377390228, 48.64
1377390233, 48.64
1377390238, 48.64
1377390243, 48.64
1377390248, 48.64
1377390253, 48.68
1377390258, 48.64
1377390263, 48.68
1377390268, 48.64
1377390273, 48.68
1377390278, 48.64
1377390283, 48.68
1377390288, 48.64
1377390293, 48.64
1377390298, 48.68
1377390303, 48.68
1377390308, 48.68
1377390313, 48.64
1377390318, 48.64
1377390323, 48.68
1377390328, 48.64
1377390333, 48.68
1377390338, 48.64
1377390343, 48.64
1377390348, 48.68
1377390353, 48.68
1377390358, 48.68
1377390363, 48.68
1377390368, 48.68
1377390373, 48.68
1377390379, 48.68
1377390383, 48.68
1377390388, 48.68
1377390393, 48.68
1377390398, 48.68
1377390403, 48.68
1377390408, 48.68
1377390413, 48.68
1377390418, 48.68
1377390423, 48.68
1377390428, 48.68
1377390433, 48.68
1377390438, 48.71
1377390443, 48.68
1377390448, 48.68
1377390453, 48.71
1377390458, 48.68
1377390463, 48.71
1377390468, 48.71
1377390473, 48.68
1377390478, 48.71
1377390483, 48.68
1377390488, 48.68
1377390493, 48.68
1377390498, 48.71
1377390503, 48.68
1377390508, 48.68
1377390513, 48.71
1377390518, 48.71
1377390523, 48.71
1377390528, 48.68
1377390533, 48.68
1377390538, 48.68
1377390543, 48.68
1377390548, 48.71
1377390553, 48.71
1377390558, 48.71
1377390563, 48.71
1377390568, 48.68
1377390573, 48.68
1377390578, 48.71
1377390583, 48.71
1377390588, 48.71
1377390593, 48.71
1377390598, 48.71
1377390603, 48.71
1377390608, 48.71
1377390613, 48.68
1377390618, 48.71
1377390623, 48.68
1377390628, 48.71
1377390633, 48.71
1377390638, 48.71
1377390643, 48.71
1377390648, 48.68
1377390653, 48.71
1377390658, 48.71
1377390663, 48.71
1377390668, 48.71
1377390673, 48.71
1377390678, 48.71
1377390683, 48.71
1377390688, 48.71
1377390693, 48.71
1377390698, 48.71
1377390703, 48.71
1377390708, 48.71
1377390713, 48.71
1377390718, 48.71
1377390723, 48.71
1377390728, 48.71
1377390733, 48.71
1377390738, 48.71
1377390743, 48.71
1377390748, 48.71
1377390753, 48.71
1377390758, 48.71
1377390763, 48.71
1377390768, 48.71
1377390773, 48.71
1377390778, 48.71
1377390783, 48.71
1377390788, 48.71
1377390793, 48.71
1377390798, 48.71
1377390803, 48.71
1377390808, 48.71
1377390813, 48.71
1377390818, 48.71
1377390823, 48.71
1377390828, 48.71
1377390833, 48.71
1377390838, 48.71
1377390843, 48.71
1377390848, 48.71
1377390853, 48.71
1377390858, 48.71
1377390863, 48.71
1377390868, 48.71
1377390873, 48.71
1377390878, 48.71
1377390883, 48.71
1377390888, 48.71
1377390893, 48.71
1377390898, 48.71
1377390903, 48.71
1377390908, 48.74
1377390913, 48.71
1377390918, 48.71
1377390923, 48.71
1377390928, 48.71
1377390933, 48.71
1377390938, 48.74
1377390943, 48.71
1377390948, 48.71
1377390953, 48.71
1377390958, 48.71
1377390963, 48.71
1377390968, 48.71
1377390973, 48.71
1377390978, 48.71
1377390983, 48.71
1377390988, 48.71
1377390993, 48.71
1377390998, 48.71
1377391003, 48.74
1377391008, 48.71
1377391013, 48.74
1377391018, 48.74
1377391023, 48.74
1377391028, 48.74
1377391033, 48.74
1377391038, 48.74
1377391043, 48.74
1377391048, 48.74
1377391053, 48.74
1377391058, 48.71
1377391063, 48.74
1377391068, 48.74
1377391073, 48.74
1377391078, 48.74
1377391083, 48.74
1377391088, 48.74
1377391093, 48.74
1377391098, 48.74
1377391103, 48.74
1377391108, 48.74
1377391113, 48.74
1377391118, 48.74
1377391123, 48.74
1377391128, 48.74
1377391133, 48.74
1377391138, 48.74
1377391143, 48.74
1377391148, 48.74
1377391153, 48.74
1377391158, 48.77
1377391163, 48.77
1377391168, 48.77
1377391173, 48.74
1377391178, 48.77
1377391183, 48.74
1377391188, 48.74
1377391193, 48.77
1377391198, 48.77
1377391203, 48.77
1377391208, 48.77
1377391213, 48.77
1377391218, 48.77
1377391223, 48.77
1377391228, 48.77
1377391233, 48.77
1377391238, 48.77
1377391243, 48.77
1377391248, 48.77
1377391253, 48.77
1377391258, 48.77
1377391263, 48.77
1377391268, 48.77
1377391273, 48.77
1377391278, 48.77
1377391283, 48.77
1377391288, 48.77
1377391293, 48.77
1377391298, 48.77
1377391303, 48.77
1377391308, 48.77
1377391313, 48.77
1377391318, 48.77
1377391323, 48.77
1377391328, 48.77
1377391333, 48.77
1377391338, 48.77
1377391343, 48.77
1377391348, 48.77
1377391353, 48.77
1377391358, 48.77
1377391363, 48.77
1377391368, 48.77
1377391373, 48.77
1377391378, 48.77
1377391383, 48.77
1377391388, 48.77
1377391393, 48.81
1377391398, 48.81
1377391403, 48.77
1377391408, 48.77
1377391413, 48.81
1377391418, 48.81
1377391423, 48.81
1377391428, 48.81
1377391433, 48.81
1377391438, 48.77
1377391443, 48.84
1377391448, 48.81
1377391453, 48.81
1377391458, 48.77
1377391463, 48.81
1377391468, 48.81
1377391473, 48.81
1377391478, 48.81
1377391483, 48.84
1377391488, 48.81
1377391493, 48.84
1377391498, 48.77
1377391503, 48.77
1377391508, 48.81
1377391513, 48.84
1377391518, 48.84
1377391523, 48.81
1377391528, 48.81
1377391533, 48.81
1377391538, 48.84
1377391543, 48.84
1377391548, 48.81
1377391553, 48.84
1377391558, 48.84
1377391563, 48.84
1377391568, 48.84
1377391573, 48.84
1377391578, 48.84
1377391583, 48.84
1377391588, 48.84
1377391593, 48.84
1377391598, 48.84
1377391603, 48.84
1377391608, 48.84
1377391613, 48.84
1377391618, 48.84
1377391623, 48.84
1377391628, 48.84
1377391633, 48.84
1377391638, 48.84
1377391643, 48.84
1377391648, 48.84
1377391653, 48.84
1377391658, 48.84
1377391663, 48.84
1377391668, 48.84
1377391673, 48.84
1377391678, 48.84
1377391683, 48.84
1377391688, 48.87
1377391693, 48.84
1377391698, 48.84
1377391703, 48.84
1377391708, 48.84
1377391713, 48.84
1377391718, 48.84
1377391723, 48.84
1377391728, 48.84
1377391733, 48.84
1377391738, 48.84
1377391743, 48.87
1377391748, 48.87
1377391753, 48.87
1377391758, 48.84
1377391763, 48.84
1377391768, 48.84
1377391773, 48.87
1377391778, 48.87
1377391783, 48.84
1377391788, 48.84
1377391793, 48.84
1377391798, 48.87
1377391803, 48.87
1377391808, 48.87
1377391813, 48.84
1377391818, 48.84
1377391823, 48.87
1377391828, 48.87
1377391833, 48.87
1377391838, 48.87
1377391843, 48.87
1377391848, 48.87
1377391853, 48.84
1377391858, 48.87
1377391863, 48.87
1377391868, 48.87
1377391873, 48.87
1377391878, 48.87
1377391883, 48.87
1377391888, 48.87
1377391893, 48.87
1377391898, 48.87
1377391903, 48.87
1377391908, 48.87
1377391913, 48.87
1377391918, 48.87
1377391923, 48.90
1377391928, 48.90
1377391933, 48.90
1377391938, 48.87
1377391943, 48.90
1377391948, 48.90
1377391953, 48.87
1377391958, 48.87
1377391963, 48.90
1377391968, 48.87
1377391973, 48.90
1377391978, 48.90
1377391983, 48.90
1377391988, 48.87
1377391993, 48.90
1377391998, 48.90
1377392003, 48.87
1377392008, 48.87
1377392013, 48.87
1377392018, 48.90
1377392023, 48.90
1377392028, 48.90
1377392033, 48.90
1377392038, 48.90
1377392043, 48.90
1377392048, 48.90
1377392053, 48.90
1377392058, 48.90
1377392063, 48.90
1377392068, 48.90
1377392073, 48.90
1377392078, 48.90
1377392083, 48.90
1377392088, 48.90
1377392093, 48.90
1377392098, 48.90
1377392103, 48.90
1377392108, 48.90
1377392113, 48.90
1377392118, 48.90
1377392123, 48.90
1377392128, 48.90
1377392133, 48.90
1377392138, 48.90
1377392143, 48.87
1377392148, 48.87
1377392153, 48.90
1377392158, 48.90
1377392163, 48.90
1377392168, 48.90
1377392173, 48.90
1377392178, 48.90
1377392183, 48.90
1377392188, 48.90
1377392193, 48.90
1377392198, 48.90
1377392203, 48.90
1377392208, 48.90
1377392213, 48.90
1377392218, 48.90
1377392223, 48.90
1377392228, 48.90
1377392233, 48.90
1377392238, 48.90
1377392243, 48.90
1377392248, 48.90
1377392253, 48.90
1377392258, 48.90
1377392263, 48.90
1377392268, 48.90
1377392273, 48.90
1377392278, 48.90
1377392283, 48.90
1377392288, 48.90
1377392293, 48.90
1377392298, 48.90
1377392303, 48.90
1377392308, 48.94
1377392313, 48.90
1377392318, 48.90
1377392323, 48.90
1377392328, 48.90
1377392333, 48.90
1377392338, 48.90
1377392343, 48.90
1377392348, 48.94
1377392353, 48.90
1377392358, 48.94
1377392363, 48.90
1377392368, 48.94
1377392373, 48.90
1377392378, 48.90
1377392383, 48.90
1377392388, 48.94
1377392393, 48.90
1377392398, 48.90
1377392403, 48.90
1377392408, 48.90
1377392413, 48.90
1377392418, 48.94
1377392423, 48.94
1377392428, 48.90
1377392433, 48.90
1377392438, 48.94
1377392443, 48.90
1377392448, 48.94
1377392453, 48.94
1377392458, 48.94
1377392463, 48.90
1377392468, 48.94
1377392473, 48.90
1377392478, 48.94
1377392483, 48.94
1377392488, 48.94
1377392493, 48.94
1377392498, 48.90
1377392503, 48.90
1377392508, 48.94
1377392513, 48.94
1377392518, 48.90
1377392523, 48.94
1377392528, 48.94
1377392533, 48.97
1377392538, 48.90
1377392543, 48.94
1377392548, 48.94
1377392553, 48.90
1377392558, 48.94
1377392563, 48.94
1377392568, 48.94
1377392573, 48.94
1377392578, 48.94
1377392583, 48.94
1377392588, 48.94
1377392593, 48.97
1377392598, 48.94
1377392603, 48.97
1377392608, 48.94
1377392613, 48.94
1377392618, 48.94
1377392623, 48.94
1377392628, 48.94
1377392633, 48.94
1377392638, 48.97
1377392643, 48.94
1377392648, 48.94
1377392653, 48.97
1377392658, 48.94
1377392663, 48.94
1377392668, 48.94
1377392673, 48.94
1377392678, 48.97
1377392683, 48.97
1377392688, 48.94
1377392693, 48.97
1377392698, 48.97
1377392703, 48.94
1377392708, 48.94
1377392713, 48.97
1377392718, 48.97
1377392723, 48.97
1377392728, 48.97
1377392733, 48.94
1377392738, 48.94
1377392743, 48.97
1377392748, 48.94
1377392753, 48.97
1377392758, 48.94
1377392763, 48.97
1377392768, 48.94
1377392773, 48.94
1377392778, 48.97
1377392783, 48.97
1377392788, 48.97
1377392793, 48.97
1377392798, 48.97
1377392803, 48.97
1377392808, 48.97
1377392813, 48.97
1377392818, 48.97
1377392823, 48.97
1377392828, 48.97
1377392833, 48.97
1377392838, 48.97
1377392843, 48.97
1377392848, 48.97
1377392853, 48.97
1377392858, 48.97
1377392863, 48.97
1377392868, 48.97
1377392873, 48.97
1377392878, 48.97
1377392883, 48.97
1377392888, 48.97
1377392893, 48.97
1377392898, 48.94
1377392903, 48.97
1377392908, 48.94
1377392913, 48.97
1377392918, 48.97
1377392923, 48.97
1377392928, 48.94
1377392933, 48.97
1377392938, 48.97
1377392943, 48.94
1377392948, 48.97
1377392953, 48.97
1377392958, 48.97
1377392963, 48.97
1377392968, 48.94
1377392973, 48.97
1377392978, 48.97
1377392983, 48.97
1377392988, 48.97
1377392993, 48.97
1377392998, 48.97
1377393003, 48.97
1377393008, 48.97
1377393013, 48.97
1377393018, 48.97
1377393023, 48.97
1377393028, 48.97
1377393033, 48.97
1377393038, 48.97
1377393043, 48.97
1377393048, 48.97
1377393053, 48.97
1377393058, 48.97
1377393063, 48.97
1377393068, 48.97
1377393073, 48.97
1377393078, 48.97
1377393083, 48.97
1377393088, 48.97
1377393093, 48.97
1377393098, 48.97
1377393103, 48.97
1377393108, 48.97
1377393113, 48.97
1377393118, 48.97
1377393123, 48.97
1377393128, 48.97
1377393133, 48.97
1377393138, 48.97
1377393143, 48.97
1377393148, 48.97
1377393153, 48.97
1377393158, 48.97
1377393163, 48.97
1377393168, 48.97
1377393173, 48.97
1377393178, 48.97
1377393183, 48.97
1377393188, 48.97
1377393193, 48.97
1377393198, 48.97
1377393203, 48.97
1377393208, 48.97
1377393213, 48.97
1377393218, 48.97
1377393223, 48.97
1377393228, 48.97
1377393233, 48.97
1377393238, 48.97
1377393243, 48.97
1377393248, 48.97
1377393253, 48.97
1377393258, 48.97
1377393263, 48.97
1377393268, 48.97
1377393273, 48.97
1377393278, 48.97
1377393283, 49.00
1377393288, 49.00
1377393293, 48.97
1377393298, 48.97
1377393303, 48.97
1377393308, 49.00
1377393313, 48.97
1377393318, 48.97
1377393323, 48.97
1377393328, 48.97
1377393333, 48.97
1377393338, 48.97
1377393343, 48.97
1377393348, 48.97
1377393353, 48.97
1377393358, 48.97
1377393363, 48.97
1377393368, 48.97
1377393373, 48.97
1377393378, 48.97
1377393383, 48.97
1377393388, 48.97
1377393393, 48.97
1377393398, 48.97
1377393403, 48.97
1377393408, 48.97
1377393413, 49.00
1377393418, 48.97
1377393423, 48.97
1377393428, 48.97
1377393433, 48.97
1377393438, 48.97
1377393443, 49.00
1377393448, 48.97
1377393453, 48.97
1377393458, 48.97
1377393463, 48.97
1377393468, 49.00
1377393473, 48.97
1377393478, 48.97
1377393483, 48.97
1377393488, 49.00
1377393493, 49.00
1377393498, 48.97
1377393503, 48.97
1377393508, 49.00
1377393513, 48.97
1377393518, 48.97
1377393523, 48.97
1377393528, 49.00
1377393533, 48.97
1377393538, 48.97
1377393543, 49.00
1377393548, 48.97
1377393553, 49.00
1377393558, 49.00
1377393563, 49.00
1377393568, 48.97
1377393573, 48.97
1377393578, 48.97
1377393583, 49.00
1377393588, 49.00
1377393593, 48.97
1377393598, 49.00
1377393603, 49.00
1377393608, 48.97
1377393613, 49.00
1377393618, 49.00
1377393623, 49.00
1377393628, 49.00
1377393633, 49.00
1377393638, 49.00
1377393643, 49.00
1377393648, 49.00
1377393653, 49.00
1377393658, 49.03
1377393663, 49.00
1377393668, 49.00
1377393673, 49.00
1377393678, 49.03
1377393683, 49.00
1377393688, 49.00
1377393693, 49.03
1377393698, 49.00
1377393703, 49.00
1377393708, 49.00
1377393713, 49.03
1377393718, 49.03
1377393723, 49.03
1377393728, 49.00
1377393733, 49.03
1377393738, 49.03
1377393743, 49.03
1377393748, 49.03
1377393753, 49.03
1377393758, 49.03
1377393763, 49.00
1377393768, 49.03
1377393773, 49.03
1377393778, 49.03
1377393783, 49.00
1377393788, 49.03
1377393793, 49.03
1377393798, 49.03
1377393803, 49.00
1377393808, 49.03
1377393813, 49.03
1377393818, 49.03
1377393823, 49.03
1377393828, 49.03
1377393833, 49.03
1377393839, 49.03
1377393843, 49.03
1377393848, 49.03
1377393853, 49.03
1377393858, 49.03
1377393863, 49.03
1377393868, 49.03
1377393873, 49.03
1377393878, 49.03
1377393883, 49.03
1377393888, 49.03
1377393893, 49.03
1377393898, 49.03
1377393903, 49.03
1377393908, 49.03
1377393913, 49.03
1377393918, 49.03
1377393923, 49.03
1377393928, 49.03
1377393933, 49.03
1377393938, 49.03
1377393943, 49.03
1377393948, 49.03
1377393953, 49.03
1377393958, 49.03
1377393963, 49.03
1377393968, 49.06
1377393973, 49.03
1377393978, 49.03
1377393983, 49.03
1377393988, 49.03
1377393993, 49.03
1377393998, 49.03
1377394003, 49.03
1377394008, 49.06
1377394013, 49.03
1377394018, 49.03
1377394023, 49.06
1377394028, 49.06
1377394033, 49.06
1377394038, 49.03
1377394043, 49.03
1377394048, 49.06
1377394053, 49.03
1377394058, 49.03
1377394063, 49.06
1377394068, 49.06
1377394073, 49.03
1377394078, 49.06
1377394083, 49.06
1377394088, 49.06
1377394093, 49.06
1377394098, 49.03
1377394103, 49.06
1377394108, 49.06
1377394113, 49.10
1377394118, 49.06
1377394123, 49.10
1377394128, 49.06
1377394133, 49.10
1377394138, 49.06
1377394143, 49.10
1377394148, 49.06
1377394153, 49.10
1377394158, 49.06
1377394163, 49.06
1377394168, 49.10
1377394173, 49.10
1377394178, 49.06
1377394183, 49.06
1377394188, 49.06
1377394193, 49.06
1377394198, 49.10
1377394203, 49.10
1377394208, 49.10
1377394213, 49.10
1377394218, 49.10
1377394223, 49.10
1377394228, 49.10
1377394233, 49.10
1377394238, 49.10
1377394243, 49.10
1377394248, 49.10
1377394253, 49.10
1377394258, 49.10
1377394263, 49.10
1377394268, 49.10
1377394273, 49.10
1377394278, 49.10
1377394283, 49.10
1377394288, 49.10
1377394293, 49.10
1377394298, 49.10
1377394303, 49.10
1377394308, 49.10
1377394313, 49.10
1377394318, 49.10
1377394323, 49.10
1377394328, 49.10
1377394333, 49.10
1377394338, 49.10
1377394343, 49.10
1377394348, 49.13
1377394353, 49.10
1377394358, 49.10
1377394363, 49.10
1377394368, 49.13
1377394373, 49.13
1377394378, 49.10
1377394383, 49.10
1377394388, 49.13
1377394393, 49.13
1377394398, 49.10
1377394403, 49.10
1377394408, 49.10
1377394413, 49.13
1377394418, 49.13
1377394423, 49.13
1377394428, 49.10
1377394433, 49.10
1377394438, 49.13
1377394443, 49.10
1377394448, 49.13
1377394453, 49.13
1377394458, 49.16
1377394463, 49.13
1377394468, 49.13
1377394473, 49.10
1377394478, 49.13
1377394483, 49.16
1377394488, 49.10
1377394493, 49.13
1377394498, 49.13
1377394503, 49.16
1377394508, 49.10
1377394513, 49.13
1377394518, 49.13
1377394523, 49.13
1377394528, 49.16
1377394533, 49.13
1377394538, 49.16
1377394543, 49.13
1377394548, 49.13
1377394553, 49.13
1377394558, 49.13
1377394563, 49.16
1377394568, 49.13
1377394573, 49.10
1377394578, 49.13
1377394583, 49.16
1377394588, 49.13
1377394593, 49.16
1377394598, 49.16
1377394603, 49.13
1377394608, 49.16
1377394613, 49.16
1377394618, 49.16
1377394623, 49.13
1377394628, 49.16
1377394633, 49.16
1377394638, 49.13
1377394643, 49.13
1377394648, 49.16
1377394653, 49.13
1377394658, 49.16
1377394663, 49.16
1377394668, 49.16
1377394673, 49.16
1377394678, 49.16
1377394683, 49.13
1377394688, 49.16
1377394693, 49.16
1377394698, 49.16
1377394703, 49.16
1377394708, 49.16
1377394715, 49.16
1377394718, 49.16
1377394723, 49.16
1377394728, 49.16
1377394733, 49.16
1377394738, 49.16
1377394743, 49.16
1377394748, 49.16
1377394753, 49.16
1377394758, 49.16
1377394763, 49.16
1377394768, 49.16
1377394773, 49.16
1377394778, 49.16
1377394783, 49.16
1377394788, 49.16
1377394793, 49.16
1377394798, 49.16
1377394803, 49.16
1377394808, 49.16
1377394813, 49.16
1377394818, 49.16
1377394823, 49.19
1377394828, 49.16
1377394833, 49.16
1377394838, 49.16
1377394843, 49.16
1377394848, 49.16
1377394853, 49.16
1377394858, 49.16
1377394863, 49.16
1377394868, 49.16
1377394873, 49.16
1377394878, 49.16
1377394883, 49.16
1377394888, 49.16
1377394893, 49.16
1377394898, 49.16
1377394903, 49.19
1377394908, 49.19
1377394913, 49.19
1377394918, 49.16
1377394923, 49.19
1377394928, 49.19
1377394933, 49.16
1377394938, 49.16
1377394943, 49.19
1377394948, 49.19
1377394953, 49.19
1377394958, 49.16
1377394963, 49.16
1377394968, 49.19
1377394973, 49.19
1377394978, 49.19
1377394983, 49.19
1377394988, 49.23
1377394993, 49.19
1377394998, 49.19
1377395003, 49.19
1377395008, 49.19
1377395013, 49.19
1377395018, 49.19
1377395023, 49.19
1377395028, 49.23
1377395033, 49.19
1377395038, 49.19
1377395043, 49.19
1377395048, 49.19
1377395053, 49.19
1377395058, 49.23
1377395063, 49.19
1377395068, 49.23
1377395073, 49.23
1377395078, 49.23
1377395083, 49.19
1377395088, 49.19
1377395093, 49.23
1377395098, 49.19
1377395103, 49.19
1377395108, 49.23
1377395113, 49.23
1377395118, 49.23
1377395123, 49.23
1377395128, 49.19
1377395133, 49.19
1377395138, 49.23
1377395143, 49.23
1377395148, 49.23
1377395153, 49.23
1377395158, 49.23
1377395163, 49.19
1377395168, 49.23
1377395173, 49.23
1377395178, 49.23
1377395183, 49.23
1377395188, 49.23
1377395193, 49.23
1377395198, 49.23
1377395203, 49.19
1377395208, 49.23
1377395213, 49.23
1377395218, 49.23
1377395223, 49.23
1377395228, 49.23
1377395233, 49.19
1377395238, 49.23
1377395243, 49.23
1377395248, 49.23
1377395253, 49.23
1377395258, 49.23
1377395263, 49.23
1377395268, 49.23
1377395273, 49.23
1377395278, 49.23
1377395283, 49.23
1377395288, 49.23
1377395293, 49.23
1377395298, 49.23
1377395303, 49.23
1377395308, 49.23
1377395313, 49.23
1377395318, 49.23
1377395323, 49.23
1377395328, 49.23
1377395333, 49.23
1377395338, 49.23
1377395343, 49.23
1377395348, 49.23
1377395353, 49.23
1377395358, 49.23
1377395363, 49.23
1377395368, 49.23
1377395373, 49.23
1377395378, 49.23
1377395383, 49.23
1377395388, 49.23
1377395393, 49.23
1377395398, 49.23
1377395403, 49.23
1377395408, 49.23
1377395413, 49.23
1377395418, 49.23
1377395423, 49.23
1377395428, 49.23
1377395433, 49.23
1377395438, 49.23
1377395443, 49.26
1377395448, 49.23
1377395453, 49.23
1377395458, 49.23
1377395463, 49.23
1377395468, 49.23
1377395473, 49.23
1377395478, 49.23
1377395483, 49.23
1377395488, 49.23
1377395493, 49.23
1377395498, 49.23
1377395503, 49.23
1377395508, 49.23
1377395513, 49.23
1377395518, 49.23
1377395523, 49.23
1377395528, 49.23
1377395533, 49.23
1377395538, 49.23
1377395543, 49.23
1377395548, 49.23
1377395553, 49.23
1377395558, 49.23
1377395563, 49.26
1377395568, 49.26
1377395573, 49.23
1377395578, 49.23
1377395583, 49.23
1377395588, 49.23
1377395593, 49.23
1377395598, 49.23
1377395603, 49.26
1377395608, 49.26
1377395613, 49.23
1377395618, 49.26
1377395623, 49.23
1377395628, 49.23
1377395633, 49.26
1377395638, 49.23
1377395643, 49.26
1377395648, 49.26
1377395653, 49.26
1377395658, 49.23
1377395663, 49.23
1377395668, 49.26
1377395673, 49.26
1377395678, 49.26
1377395683, 49.26
1377395688, 49.23
1377395693, 49.26
1377395698, 49.26
1377395703, 49.26
1377395708, 49.26
1377395713, 49.26
1377395718, 49.26
1377395723, 49.26
1377395728, 49.29
1377395733, 49.26
1377395738, 49.26
1377395743, 49.26
1377395748, 49.23
1377395753, 49.26
1377395758, 49.26
1377395763, 49.26
1377395768, 49.26
1377395773, 49.26
1377395778, 49.26
1377395783, 49.26
1377395788, 49.26
1377395793, 49.26
1377395798, 49.26
1377395803, 49.26
1377395808, 49.26
1377395813, 49.29
1377395818, 49.26
1377395823, 49.26
1377395828, 49.26
1377395833, 49.26
1377395838, 49.26
1377395843, 49.26
1377395848, 49.26
1377395853, 49.29
1377395858, 49.29
1377395863, 49.29
1377395868, 49.26
1377395873, 49.29
1377395878, 49.26
1377395883, 49.29
1377395888, 49.29
1377395893, 49.29
1377395898, 49.26
1377395903, 49.26
1377395908, 49.29
1377395913, 49.29
1377395918, 49.26
1377395923, 49.29
1377395928, 49.29
1377395933, 49.29
1377395938, 49.29
1377395943, 49.26
1377395948, 49.26
1377395953, 49.26
1377395958, 49.26
1377395963, 49.29
1377395968, 49.29
1377395973, 49.29
1377395978, 49.29
1377395983, 49.29
1377395988, 49.29
1377395993, 49.29
1377395998, 49.29
1377396003, 49.26
1377396008, 49.29
1377396013, 49.26
1377396018, 49.29
1377396023, 49.29
1377396028, 49.29
1377396033, 49.29
1377396038, 49.29
1377396043, 49.29
1377396048, 49.29
1377396053, 49.29
1377396058, 49.29
1377396063, 49.29
1377396068, 49.29
1377396073, 49.29
1377396078, 49.29
1377396083, 49.29
1377396088, 49.29
1377396093, 49.29
1377396098, 49.29
1377396103, 49.29
1377396108, 49.29
1377396113, 49.29
1377396118, 49.29
1377396123, 49.29
1377396128, 49.29
1377396133, 49.29
1377396138, 49.29
1377396143, 49.29
1377396148, 49.29
1377396153, 49.29
1377396158, 49.29
1377396163, 49.29
1377396168, 49.29
1377396173, 49.29
1377396178, 49.29
1377396183, 49.29
1377396188, 49.29
1377396193, 49.29
1377396198, 49.29
1377396203, 49.29
1377396208, 49.29
1377396213, 49.29
1377396218, 49.29
1377396223, 49.29
1377396228, 49.29
1377396233, 49.29
1377396238, 49.29
1377396243, 49.29
1377396248, 49.29
1377396253, 49.29
1377396258, 49.29
1377396263, 49.32
1377396268, 49.29
1377396273, 49.29
1377396278, 49.29
1377396283, 49.29
1377396288, 49.29
1377396293, 49.29
1377396298, 49.29
1377396303, 49.29
1377396308, 49.29
1377396313, 49.29
1377396318, 49.29
1377396323, 49.29
1377396328, 49.29
1377396333, 49.29
1377396338, 49.29
1377396343, 49.29
1377396348, 49.29
1377396353, 49.32
1377396358, 49.29
1377396363, 49.32
1377396368, 49.29
1377396373, 49.32
1377396378, 49.29
1377396383, 49.29
1377396388, 49.29
1377396393, 49.29
1377396398, 49.29
1377396403, 49.32
1377396408, 49.32
1377396413, 49.29
1377396418, 49.32
1377396423, 49.29
1377396428, 49.32
1377396433, 49.29
1377396438, 49.32
1377396443, 49.32
1377396448, 49.32
1377396453, 49.32
1377396458, 49.32
1377396463, 49.32
1377396468, 49.32
1377396473, 49.32
1377396478, 49.32
1377396483, 49.32
1377396488, 49.36
1377396493, 49.32
1377396498, 49.32
1377396503, 49.32
1377396508, 49.32
1377396513, 49.32
1377396518, 49.36
1377396523, 49.32
1377396528, 49.36
1377396533, 49.36
1377396538, 49.32
1377396543, 49.32
1377396548, 49.32
1377396553, 49.32
1377396558, 49.32
1377396563, 49.32
1377396568, 49.36
1377396573, 49.32
1377396578, 49.36
1377396583, 49.36
1377396588, 49.32
1377396593, 49.32
1377396598, 49.36
1377396603, 49.36
1377396607, 49.36
1377396613, 49.36
1377396618, 49.36
1377396623, 49.32
1377396628, 49.36
1377396633, 49.36
1377396638, 49.36
1377396643, 49.36
1377396648, 49.32
1377396653, 49.36
1377396658, 49.36
1377396663, 49.36
1377396668, 49.36
1377396673, 49.36
1377396678, 49.36
1377396683, 49.36
1377396687, 49.36
1377396693, 49.36
1377396698, 49.36
1377396703, 49.36
1377396708, 49.36
1377396713, 49.36
1377396718, 49.36
1377396723, 49.36
1377396728, 49.36
1377396733, 49.36
1377396738, 49.36
1377396743, 49.36
1377396747, 49.36
1377396753, 49.36
1377396758, 49.36
1377396763, 49.36
1377396768, 49.36
1377396773, 49.36
1377396778, 49.36
1377396783, 49.36
1377396788, 49.36
1377396793, 49.36
1377396798, 49.36
1377396803, 49.36
1377396808, 49.36
1377396813, 49.36
1377396818, 49.36
1377396823, 49.36
1377396828, 49.36
1377396833, 49.36
1377396838, 49.36
1377396843, 49.36
1377396848, 49.36
1377396853, 49.36
1377396858, 49.36
1377396863, 49.36
1377396868, 49.36
1377396872, 49.36
1377396878, 49.36
1377396883, 49.36
1377396888, 49.36
1377396893, 49.36
1377396898, 49.36
1377396903, 49.39
1377396908, 49.36
1377396913, 49.39
1377396917, 49.36
1377396923, 49.36
1377396928, 49.36
1377396933, 49.36
1377396938, 49.39
1377396943, 49.36
1377396948, 49.39
1377396953, 49.36
1377396958, 49.36
1377396963, 49.36
1377396968, 49.36
1377396973, 49.36
1377396978, 49.39
1377396983, 49.39
1377396987, 49.36
1377396993, 49.36
1377396998, 49.36
1377397003, 49.36
1377397008, 49.36
1377397013, 49.36
1377397018, 49.39
1377397023, 49.36
1377397028, 49.36
1377397033, 49.36
1377397038, 49.39
1377397043, 49.36
1377397048, 49.39
1377397053, 49.36
1377397058, 49.39
1377397063, 49.39
1377397068, 49.39
1377397073, 49.39
1377397078, 49.36
1377397083, 49.39
1377397088, 49.39
1377397093, 49.39
1377397098, 49.36
1377397103, 49.39
1377397108, 49.39
1377397113, 49.39
1377397118, 49.39
1377397123, 49.36
1377397128, 49.39
1377397133, 49.39
1377397138, 49.39
1377397143, 49.39
1377397148, 49.39
1377397153, 49.39
1377397158, 49.39
1377397163, 49.36
1377397168, 49.39
1377397173, 49.39
1377397177, 49.36
1377397182, 49.39
1377397188, 49.39
1377397193, 49.39
1377397198, 49.39
1377397203, 49.42
1377397208, 49.39
1377397213, 49.39
1377397218, 49.42
1377397223, 49.36
1377397227, 49.39
1377397233, 49.39
1377397237, 49.42
1377397243, 49.39
1377397248, 49.39
1377397253, 49.39
1377397258, 49.42
1377397263, 49.39
1377397267, 49.39
1377397273, 49.36
1377397278, 49.39
1377397283, 49.39
1377397288, 49.42
1377397293, 49.42
1377397298, 49.39
1377397303, 49.39
1377397307, 49.39
1377397312, 49.42
1377397318, 49.42
1377397323, 49.39
1377397328, 49.42
1377397333, 49.42
1377397337, 49.42
1377397343, 49.42
1377397348, 49.39
1377397353, 49.39
1377397358, 49.39
1377397363, 49.39
1377397368, 49.39
1377397373, 49.39
1377397377, 49.39
1377397382, 49.39
1377397387, 49.42
1377397393, 49.42
1377397397, 49.39
1377397402, 49.39
1377397407, 49.39
1377397413, 49.42
1377397417, 49.42
1377397422, 49.39
1377397427, 49.39
1377397433, 49.39
1377397437, 49.42
1377397442, 49.42
1377397447, 49.39
1377397452, 49.39
1377397458, 49.39
1377397462, 49.42
1377397467, 49.39
1377397472, 49.39
1377397477, 49.42
1377397483, 49.42
1377397488, 49.42
1377397492, 49.42
1377397497, 49.42
1377397502, 49.42
1377397507, 49.42
1377397513, 49.39
1377397517, 49.39
1377397522, 49.42
1377397527, 49.39
1377397533, 49.42
1377397538, 49.42
1377397542, 49.39
1377397547, 49.39
1377397553, 49.42
1377397558, 49.39
1377397562, 49.42
1377397568, 49.39
1377397572, 49.42
1377397578, 49.42
1377397583, 49.42
1377397587, 49.42
1377397592, 49.42
1377397598, 49.39
1377397603, 49.39
1377397608, 49.39
1377397612, 49.42
1377397617, 49.39
1377397622, 49.39
1377397627, 49.39
1377397632, 49.42
1377397637, 49.39
1377397642, 49.39
1377397647, 49.42
1377397652, 49.42
1377397657, 49.42
1377397662, 49.42
1377397667, 49.42
1377397672, 49.39
1377397677, 49.39
1377397682, 49.42
1377397687, 49.42
1377397692, 49.42
1377397697, 49.42
1377397703, 49.42
1377397707, 49.42
1377397712, 49.42
1377397717, 49.42
1377397722, 49.42
1377397727, 49.42
1377397732, 49.39
1377397737, 49.42
1377397742, 49.42
1377397747, 49.42
1377397752, 49.42
1377397757, 49.42
1377397762, 49.42
1377397767, 49.42
1377397772, 49.42
1377397777, 49.42
1377397783, 49.39
1377397787, 49.42
1377397792, 49.39
1377397798, 49.39
1377397802, 49.42
1377397807, 49.42
1377397812, 49.42
1377397818, 49.42
1377397822, 49.39
1377397828, 49.42
1377397832, 49.42
1377397837, 49.42
1377397843, 49.39
1377397847, 49.42
1377397852, 49.42
1377397858, 49.42
1377397862, 49.42
1377397867, 49.42
1377397872, 49.42
1377397877, 49.42
1377397882, 49.42
1377397887, 49.42
1377397892, 49.42
1377397897, 49.42
1377397902, 49.42
1377397908, 49.42
1377397912, 49.42
1377397917, 49.42
1377397922, 49.42
1377397927, 49.39
1377397932, 49.42
1377397937, 49.42
1377397942, 49.42
1377397947, 49.39
1377397953, 49.42
1377397957, 49.39
1377397962, 49.42
1377397967, 49.39
1377397972, 49.42
1377397977, 49.39
1377397982, 49.42
1377397987, 49.39
1377397992, 49.42
1377397997, 49.42
1377398002, 49.39
1377398007, 49.39
1377398012, 49.42
1377398017, 49.39
1377398022, 49.42
1377398027, 49.39
1377398032, 49.39
1377398037, 49.39
1377398042, 49.39
1377398047, 49.39
1377398052, 49.42
1377398057, 49.39
1377398063, 49.42
1377398068, 49.39
1377398072, 49.42
1377398077, 49.39
1377398082, 49.42
1377398087, 49.39
1377398092, 49.39
1377398097, 49.42
1377398102, 49.42
1377398107, 49.39
1377398113, 49.42
1377398118, 49.39
1377398123, 49.42
1377398127, 49.42
1377398132, 49.42
1377398137, 49.42
1377398142, 49.42
1377398147, 49.42
1377398152, 49.39
1377398157, 49.42
1377398163, 49.39
1377398167, 49.42
1377398172, 49.42
1377398177, 49.42
1377398183, 49.39
1377398187, 49.42
1377398192, 49.42
1377398197, 49.42
1377398202, 49.39
1377398207, 49.42
1377398212, 49.42
1377398218, 49.42
1377398223, 49.42
1377398228, 49.42
1377398234, 49.42
1377398237, 49.42
1377398242, 49.42
1377398248, 49.42
1377398253, 49.42
1377398257, 49.42
1377398262, 49.42
1377398267, 49.42
1377398272, 49.42
1377398278, 49.42
1377398282, 49.42
1377398287, 49.42
1377398292, 49.42
1377398298, 49.42
1377398303, 49.42
1377398307, 49.42
1377398312, 49.42
1377398317, 49.42
1377398323, 49.42
1377398327, 49.42
1377398332, 49.42
1377398337, 49.42
1377398343, 49.42
1377398348, 49.42
1377398352, 49.42
1377398357, 49.42
1377398363, 49.42
1377398368, 49.42
1377398372, 49.42
1377398377, 49.42
1377398382, 49.42
1377398388, 49.45
1377398393, 49.42
1377398398, 49.42
1377398402, 49.42
1377398407, 49.42
1377398412, 49.42
1377398418, 49.42
1377398423, 49.42
1377398428, 49.42
1377398432, 49.42
1377398438, 49.45
1377398443, 49.42
1377398448, 49.42
1377398452, 49.42
1377398457, 49.42
1377398462, 49.45
1377398468, 49.42
1377398472, 49.42
1377398477, 49.42
1377398482, 49.45
1377398488, 49.42
1377398493, 49.42
1377398498, 49.45
1377398502, 49.45
1377398507, 49.42
1377398512, 49.45
1377398518, 49.42
1377398522, 49.45
1377398527, 49.45
1377398532, 49.45
1377398537, 49.42
1377398543, 49.45
1377398547, 49.45
1377398552, 49.42
1377398557, 49.42
1377398563, 49.45
1377398567, 49.45
1377398572, 49.45
1377398577, 49.42
1377398583, 49.45
1377398587, 49.45
1377398592, 49.45
1377398598, 49.42
1377398603, 49.45
1377398607, 49.45
1377398612, 49.45
1377398617, 49.45
1377398623, 49.45
1377398628, 49.42
1377398632, 49.42
1377398637, 49.45
1377398643, 49.45
1377398648, 49.45
1377398652, 49.45
1377398657, 49.45
1377398662, 49.45
1377398667, 49.45
1377398673, 49.45
1377398677, 49.45
1377398682, 49.45
1377398687, 49.45
1377398693, 49.45
1377398698, 49.42
1377398702, 49.48
1377398707, 49.45
1377398712, 49.45
1377398717, 49.45
1377398723, 49.45
1377398727, 49.45
1377398732, 49.45
1377398737, 49.45
1377398743, 49.45
1377398747, 49.45
1377398752, 49.45
1377398757, 49.45
1377398763, 49.45
1377398768, 49.45
1377398772, 49.45
1377398777, 49.45
1377398782, 49.48
1377398788, 49.48
1377398793, 49.48
1377398798, 49.48
1377398802, 49.48
1377398807, 49.45
1377398813, 49.45
1377398818, 49.45
1377398822, 49.48
1377398827, 49.45
1377398833, 49.45
1377398837, 49.45
1377398842, 49.45
1377398847, 49.45
1377398853, 49.48
1377398858, 49.48
1377398862, 49.45
1377398867, 49.48
1377398872, 49.48
1377398878, 49.48
1377398883, 49.45
1377398888, 49.45
1377398892, 49.45
1377398897, 49.48
1377398903, 49.45
1377398908, 49.48
1377398912, 49.45
1377398917, 49.48
1377398923, 49.48
1377398928, 49.48
1377398933, 49.48
1377398938, 49.48
1377398942, 49.48
1377398947, 49.48
1377398952, 49.48
1377398957, 49.48
1377398963, 49.48
1377398967, 49.48
1377398972, 49.48
1377398978, 49.48
1377398982, 49.48
1377398987, 49.48
1377398992, 49.48
1377398997, 49.48
1377399003, 49.48
1377399008, 49.48
1377399013, 49.48
1377399018, 49.48
1377399023, 49.48
1377399027, 49.48
1377399033, 49.48
1377399037, 49.48
1377399042, 49.48
1377399048, 49.48
1377399052, 49.48
1377399058, 49.48
1377399063, 49.48
1377399067, 49.48
1377399072, 49.48
1377399078, 49.48
1377399083, 49.48
1377399087, 49.48
1377399092, 49.52
1377399097, 49.48
1377399103, 49.48
1377399109, 49.48
1377399112, 49.48
1377399117, 49.48
1377399122, 49.52
1377399127, 49.48
1377399132, 49.48
1377399137, 49.48
1377399142, 49.48
1377399147, 49.52
1377399152, 49.48
1377399157, 49.48
1377399162, 49.48
1377399167, 49.48
1377399173, 49.48
1377399177, 49.48
1377399182, 49.52
1377399187, 49.52
1377399192, 49.52
1377399197, 49.52
1377399203, 49.48
1377399207, 49.48
1377399212, 49.48
1377399217, 49.48
1377399223, 49.48
1377399227, 49.52
1377399232, 49.48
1377399237, 49.48
1377399242, 49.48
1377399247, 49.48
1377399252, 49.48
1377399257, 49.48
1377399262, 49.48
1377399267, 49.48
1377399272, 49.48
1377399278, 49.48
1377399282, 49.48
1377399287, 49.48
1377399292, 49.48
1377399297, 49.52
1377399302, 49.48
1377399307, 49.48
1377399312, 49.48
1377399317, 49.48
1377399322, 49.48
1377399327, 49.48
1377399332, 49.48
1377399337, 49.48
1377399342, 49.48
1377399348, 49.52
1377399352, 49.48
1377399357, 49.48
1377399362, 49.48
1377399367, 49.48
1377399372, 49.48
1377399377, 49.48
1377399382, 49.48
1377399387, 49.48
1377399392, 49.48
1377399397, 49.48
1377399402, 49.48
1377399407, 49.48
1377399412, 49.48
1377399417, 49.48
1377399422, 49.48
1377399427, 49.48
1377399432, 49.48
1377399437, 49.48
1377399442, 49.48
1377399447, 49.48
1377399452, 49.48
1377399457, 49.48
1377399462, 49.48
1377399467, 49.48
1377399472, 49.48
1377399477, 49.48
1377399482, 49.48
1377399488, 49.48
1377399492, 49.48
1377399497, 49.48
1377399502, 49.48
1377399507, 49.48
1377399512, 49.48
1377399517, 49.48
1377399522, 49.48
1377399527, 49.48
1377399532, 49.48
1377399537, 49.48
1377399542, 49.48
1377399547, 49.48
1377399552, 49.48
1377399557, 49.48
1377399562, 49.48
1377399567, 49.48
1377399572, 49.48
1377399577, 49.48
1377399582, 49.48
1377399587, 49.48
1377399592, 49.48
1377399597, 49.48
1377399602, 49.48
1377399607, 49.48
1377399612, 49.48
1377399617, 49.48
1377399623, 49.48
1377399627, 49.48
1377399632, 49.48
1377399637, 49.48
1377399642, 49.48
1377399647, 49.48
1377399652, 49.48
1377399657, 49.48
1377399662, 49.48
1377399667, 49.48
1377399672, 49.48
1377399677, 49.48
1377399682, 49.48
1377399687, 49.48
1377399692, 49.52
1377399697, 49.48
1377399702, 49.48
1377399707, 49.48
1377399712, 49.48
1377399717, 49.52
1377399722, 49.48
1377399727, 49.48
1377399732, 49.48
1377399737, 49.48
1377399742, 49.48
1377399747, 49.52
1377399752, 49.48
1377399757, 49.48
1377399762, 49.48
1377399767, 49.52
1377399772, 49.48
1377399777, 49.48
1377399782, 49.48
1377399787, 49.48
1377399792, 49.48
1377399797, 49.48
1377399802, 49.48
1377399807, 49.48
1377399812, 49.48
1377399817, 49.48
1377399822, 49.48
1377399827, 49.48
1377399833, 49.48
1377399837, 49.48
1377399842, 49.48
1377399847, 49.48
1377399852, 49.52
1377399857, 49.52
1377399862, 49.48
1377399867, 49.48
1377399872, 49.48
1377399877, 49.48
1377399882, 49.48
1377399887, 49.48
1377399892, 49.48
1377399897, 49.52
1377399902, 49.48
1377399907, 49.48
1377399912, 49.48
1377399917, 49.52
1377399922, 49.52
1377399927, 49.52
1377399932, 49.48
1377399937, 49.52
1377399942, 49.48
1377399947, 49.52
1377399952, 49.52
1377399957, 49.48
1377399962, 49.52
1377399967, 49.52
1377399972, 49.52
1377399977, 49.52
1377399982, 49.52
1377399987, 49.48
1377399992, 49.52
1377399997, 49.52
1377400002, 49.52
1377400007, 49.52
1377400012, 49.48
1377400017, 49.55
1377400022, 49.48
1377400027, 49.48
1377400032, 49.52
1377400037, 49.52
1377400042, 49.48
1377400047, 49.52
1377400052, 49.52
1377400057, 49.52
1377400062, 49.52
1377400067, 49.52
1377400072, 49.52
1377400077, 49.48
1377400082, 49.52
1377400087, 49.52
1377400092, 49.48
1377400097, 49.52
1377400102, 49.52
1377400107, 49.52
1377400112, 49.48
1377400117, 49.52
1377400122, 49.52
1377400127, 49.52
1377400132, 49.52
1377400137, 49.52
1377400142, 49.52
1377400147, 49.52
1377400152, 49.55
1377400157, 49.52
1377400162, 49.55
1377400167, 49.55
1377400172, 49.52
1377400177, 49.52
1377400182, 49.55
1377400187, 49.52
1377400192, 49.52
1377400197, 49.52
1377400202, 49.55
1377400207, 49.52
1377400212, 49.55
1377400217, 49.52
1377400222, 49.55
1377400227, 49.55
1377400232, 49.55
1377400237, 49.55
1377400242, 49.55
1377400247, 49.55
1377400252, 49.55
1377400257, 49.55
1377400262, 49.55
1377400267, 49.55
1377400272, 49.55
1377400277, 49.55
1377400282, 49.55
1377400287, 49.55
1377400292, 49.55
1377400297, 49.55
1377400302, 49.55
1377400307, 49.55
1377400312, 49.55
1377400317, 49.55
1377400322, 49.55
1377400327, 49.55
1377400332, 49.55
1377400337, 49.55
1377400342, 49.55
1377400347, 49.55
1377400352, 49.55
1377400357, 49.55
1377400362, 49.55
1377400367, 49.55
1377400372, 49.55
1377400377, 49.55
1377400382, 49.58
1377400387, 49.55
1377400392, 49.55
1377400397, 49.58
1377400402, 49.58
1377400407, 49.55
1377400412, 49.55
1377400417, 49.55
1377400422, 49.55
1377400427, 49.55
1377400432, 49.55
1377400437, 49.55
1377400442, 49.58
1377400447, 49.58
1377400452, 49.58
1377400457, 49.58
1377400462, 49.55
1377400467, 49.58
1377400472, 49.55
1377400477, 49.58
1377400482, 49.55
1377400487, 49.55
1377400492, 49.58
1377400497, 49.58
1377400502, 49.58
1377400507, 49.55
1377400512, 49.55
1377400517, 49.58
1377400522, 49.55
1377400527, 49.55
1377400532, 49.58
1377400537, 49.58
1377400542, 49.58
1377400547, 49.61
1377400552, 49.58
1377400557, 49.58
1377400562, 49.58
1377400567, 49.61
1377400572, 49.58
1377400577, 49.58
1377400582, 49.58
1377400587, 49.58
1377400592, 49.58
1377400597, 49.58
1377400602, 49.58
1377400607, 49.58
1377400612, 49.61
1377400617, 49.58
1377400622, 49.61
1377400627, 49.61
1377400632, 49.58
1377400637, 49.61
1377400642, 49.61
1377400647, 49.58
1377400652, 49.61
1377400657, 49.61
1377400662, 49.61
1377400667, 49.61
1377400672, 49.58
1377400677, 49.61
1377400682, 49.61
1377400687, 49.61
1377400692, 49.61
1377400697, 49.61
1377400702, 49.61
1377400707, 49.61
1377400712, 49.61
1377400717, 49.61
1377400722, 49.61
1377400727, 49.61
1377400732, 49.61
1377400737, 49.61
1377400742, 49.61
1377400747, 49.61
1377400752, 49.61
1377400757, 49.61
1377400762, 49.61
1377400767, 49.61
1377400772, 49.61
1377400777, 49.61
1377400782, 49.61
1377400787, 49.61
1377400792, 49.61
1377400797, 49.61
1377400802, 49.61
1377400807, 49.61
1377400812, 49.61
1377400817, 49.61
1377400822, 49.61
1377400827, 49.61
1377400832, 49.61
1377400837, 49.61
1377400842, 49.65
1377400847, 49.61
1377400852, 49.61
1377400857, 49.61
1377400862, 49.61
1377400867, 49.61
1377400872, 49.65
1377400877, 49.61
1377400882, 49.61
1377400887, 49.61
1377400892, 49.61
1377400897, 49.61
1377400902, 49.65
1377400907, 49.61
1377400912, 49.61
1377400917, 49.61
1377400922, 49.61
1377400927, 49.61
1377400932, 49.65
1377400937, 49.65
1377400942, 49.65
1377400947, 49.65
1377400952, 49.61
1377400957, 49.65
1377400962, 49.61
1377400967, 49.61
1377400972, 49.61
1377400977, 49.65
1377400982, 49.61
1377400987, 49.61
1377400992, 49.65
1377400997, 49.65
1377401002, 49.61
1377401007, 49.61
1377401012, 49.61
1377401017, 49.65
1377401022, 49.65
1377401027, 49.65
1377401032, 49.61
1377401037, 49.65
1377401042, 49.61
1377401047, 49.65
1377401052, 49.61
1377401057, 49.65
1377401062, 49.65
1377401067, 49.65
1377401072, 49.61
1377401077, 49.65
1377401082, 49.65
1377401087, 49.65
1377401092, 49.65
1377401097, 49.61
1377401102, 49.65
1377401107, 49.61
1377401112, 49.61
1377401117, 49.61
1377401122, 49.61
1377401127, 49.65
1377401132, 49.65
1377401137, 49.65
1377401142, 49.68
1377401147, 49.68
1377401152, 49.68
1377401157, 49.65
1377401162, 49.65
1377401167, 49.65
1377401172, 49.65
1377401177, 49.61
1377401182, 49.61
1377401187, 49.65
1377401192, 49.65
1377401197, 49.65
1377401202, 49.65
1377401207, 49.68
1377401212, 49.65
1377401217, 49.65
1377401222, 49.68
1377401227, 49.68
1377401232, 49.65
1377401237, 49.65
1377401242, 49.65
1377401247, 49.68
1377401252, 49.65
1377401257, 49.68
1377401262, 49.68
1377401267, 49.65
1377401272, 49.65
1377401277, 49.65
1377401282, 49.65
1377401287, 49.68
1377401292, 49.65
1377401297, 49.65
1377401302, 49.65
1377401307, 49.65
1377401312, 49.68
1377401317, 49.68
1377401322, 49.65
1377401327, 49.68
1377401332, 49.68
1377401337, 49.68
1377401342, 49.68
1377401347, 49.65
1377401352, 49.68
1377401357, 49.68
1377401362, 49.68
1377401367, 49.68
1377401372, 49.68
1377401377, 49.68
1377401382, 49.68
1377401387, 49.68
1377401392, 49.68
1377401397, 49.68
1377401402, 49.68
1377401407, 49.68
1377401412, 49.68
1377401417, 49.68
1377401422, 49.68
1377401427, 49.68
1377401432, 49.68
1377401437, 49.68
1377401442, 49.68
1377401447, 49.68
1377401452, 49.68
1377401457, 49.68
1377401462, 49.68
1377401467, 49.68
1377401472, 49.68
1377401477, 49.68
1377401482, 49.68
1377401487, 49.68
1377401492, 49.68
1377401497, 49.68
1377401502, 49.68
1377401507, 49.68
1377401512, 49.68
1377401517, 49.68
1377401522, 49.68
1377401527, 49.65
1377401532, 49.68
1377401537, 49.68
1377401542, 49.68
1377401547, 49.68
1377401552, 49.68
1377401557, 49.68
1377401562, 49.68
1377401567, 49.71
1377401572, 49.68
1377401577, 49.68
1377401582, 49.68
1377401587, 49.68
1377401592, 49.68
1377401597, 49.68
1377401602, 49.68
1377401607, 49.71
1377401612, 49.68
1377401617, 49.68
1377401622, 49.68
1377401627, 49.68
1377401632, 49.68
1377401637, 49.68
1377401642, 49.68
1377401647, 49.68
1377401652, 49.68
1377401657, 49.68
1377401662, 49.68
1377401667, 49.68
1377401672, 49.68
1377401677, 49.68
1377401682, 49.68
1377401687, 49.68
1377401692, 49.68
1377401697, 49.68
1377401702, 49.68
1377401707, 49.68
1377401712, 49.68
1377401717, 49.68
1377401722, 49.68
1377401727, 49.68
1377401732, 49.68
1377401737, 49.68
1377401742, 49.68
1377401747, 49.68
1377401752, 49.68
1377401757, 49.68
1377401762, 49.68
1377401767, 49.68
1377401772, 49.68
1377401777, 49.68
1377401782, 49.68
1377401787, 49.68
1377401792, 49.68
1377401797, 49.68
1377401802, 49.68
1377401807, 49.68
1377401812, 49.68
1377401817, 49.68
1377401822, 49.68
1377401827, 49.68
1377401832, 49.68
1377401837, 49.68
1377401842, 49.68
1377401847, 49.68
1377401852, 49.68
1377401857, 49.68
1377401862, 49.71
1377401867, 49.68
1377401872, 49.68
1377401877, 49.68
1377401882, 49.68
1377401887, 49.68
1377401892, 49.68
1377401897, 49.68
1377401902, 49.68
1377401907, 49.68
1377401912, 49.68
1377401917, 49.68
1377401922, 49.68
1377401927, 49.68
1377401932, 49.68
1377401937, 49.68
1377401942, 49.68
1377401947, 49.68
1377401952, 49.68
1377401957, 49.68
1377401962, 49.71
1377401967, 49.68
1377401972, 49.71
1377401977, 49.68
1377401982, 49.71
1377401987, 49.68
1377401992, 49.71
1377401997, 49.68
1377402002, 49.68
1377402007, 49.68
1377402012, 49.68
1377402017, 49.68
1377402022, 49.68
1377402027, 49.68
1377402032, 49.71
1377402037, 49.71
1377402042, 49.68
1377402047, 49.68
1377402052, 49.68
1377402057, 49.68
1377402062, 49.68
1377402067, 49.68
1377402072, 49.68
1377402077, 49.68
1377402082, 49.68
1377402087, 49.68
1377402092, 49.68
1377402097, 49.68
1377402102, 49.68
1377402107, 49.71
1377402112, 49.68
1377402117, 49.68
1377402122, 49.68
1377402127, 49.71
1377402132, 49.68
1377402137, 49.68
1377402142, 49.68
1377402147, 49.71
1377402152, 49.68
1377402157, 49.71
1377402162, 49.71
1377402167, 49.71
1377402172, 49.71
1377402177, 49.71
1377402182, 49.71
1377402187, 49.68
1377402192, 49.68
1377402197, 49.68
1377402202, 49.71
1377402207, 49.71
1377402212, 49.71
1377402217, 49.71
1377402222, 49.71
1377402227, 49.71
1377402232, 49.71
1377402237, 49.68
1377402242, 49.71
1377402247, 49.68
1377402252, 49.68
1377402257, 49.74
1377402262, 49.71
1377402267, 49.71
1377402272, 49.68
1377402277, 49.71
1377402282, 49.71
1377402287, 49.68
1377402292, 49.68
1377402297, 49.71
1377402302, 49.71
1377402307, 49.74
1377402312, 49.71
1377402317, 49.71
1377402322, 49.71
1377402327, 49.71
1377402332, 49.71
1377402337, 49.71
1377402342, 49.71
1377402347, 49.71
1377402352, 49.71
1377402357, 49.74
1377402362, 49.74
1377402367, 49.71
1377402372, 49.71
1377402377, 49.74
1377402382, 49.71
1377402387, 49.74
1377402392, 49.68
1377402397, 49.71
1377402402, 49.74
1377402407, 49.74
1377402412, 49.74
1377402417, 49.71
1377402422, 49.74
1377402427, 49.74
1377402432, 49.74
1377402437, 49.74
1377402442, 49.71
1377402447, 49.71
1377402452, 49.71
1377402457, 49.71
1377402462, 49.71
1377402467, 49.71
1377402472, 49.71
1377402477, 49.74
1377402482, 49.71
1377402487, 49.74
1377402492, 49.74
1377402497, 49.74
1377402502, 49.74
1377402507, 49.74
1377402512, 49.71
1377402517, 49.74
1377402522, 49.74
1377402527, 49.74
1377402532, 49.74
1377402537, 49.74
1377402542, 49.74
1377402547, 49.74
1377402552, 49.74
1377402557, 49.74
1377402562, 49.74
1377402567, 49.74
1377402572, 49.74
1377402577, 49.71
1377402582, 49.74
1377402587, 49.74
1377402592, 49.74
1377402597, 49.74
1377402602, 49.74
1377402607, 49.74
1377402612, 49.74
1377402617, 49.74
1377402622, 49.74
1377402627, 49.74
1377402632, 49.74
1377402637, 49.74
1377402642, 49.74
1377402647, 49.74
1377402652, 49.74
1377402657, 49.77
1377402662, 49.74
1377402667, 49.74
1377402672, 49.74
1377402677, 49.74
1377402682, 49.74
1377402687, 49.74
1377402692, 49.74
1377402697, 49.74
1377402702, 49.74
1377402707, 49.74
1377402712, 49.74
1377402717, 49.74
1377402722, 49.74
1377402727, 49.74
1377402732, 49.74
1377402737, 49.74
1377402742, 49.77
1377402747, 49.74
1377402752, 49.74
1377402757, 49.74
1377402762, 49.77
1377402767, 49.77
1377402772, 49.77
1377402777, 49.74
1377402782, 49.77
1377402787, 49.74
1377402792, 49.74
1377402797, 49.74
1377402802, 49.74
1377402807, 49.77
1377402812, 49.77
1377402817, 49.74
1377402822, 49.77
1377402827, 49.74
1377402832, 49.81
1377402837, 49.74
1377402842, 49.77
1377402847, 49.77
1377402852, 49.77
1377402857, 49.77
1377402862, 49.77
1377402867, 49.77
1377402872, 49.77
1377402877, 49.74
1377402882, 49.77
1377402887, 49.77
1377402892, 49.77
1377402897, 49.77
1377402902, 49.81
1377402907, 49.77
1377402912, 49.77
1377402917, 49.77
1377402922, 49.81
1377402927, 49.77
1377402932, 49.77
1377402937, 49.77
1377402942, 49.77
1377402947, 49.81
1377402952, 49.77
1377402957, 49.81
1377402962, 49.77
1377402967, 49.81
1377402972, 49.81
1377402977, 49.81
1377402982, 49.77
1377402987, 49.81
1377402992, 49.81
1377402997, 49.81
1377403002, 49.77
1377403007, 49.81
1377403012, 49.81
1377403017, 49.81
1377403022, 49.81
1377403027, 49.81
1377403032, 49.81
1377403037, 49.81
1377403042, 49.81
1377403047, 49.81
1377403052, 49.81
1377403057, 49.81
1377403062, 49.81
1377403067, 49.77
1377403072, 49.81
1377403077, 49.81
1377403082, 49.81
1377403087, 49.81
1377403092, 49.77
1377403097, 49.81
1377403102, 49.81
1377403107, 49.81
1377403112, 49.81
1377403117, 49.81
1377403122, 49.81
1377403127, 49.81
1377403132, 49.81
1377403137, 49.81
1377403142, 49.81
1377403147, 49.81
1377403152, 49.81
1377403157, 49.81
1377403162, 49.81
1377403167, 49.81
1377403172, 49.81
1377403177, 49.84
1377403182, 49.81
1377403187, 49.81
1377403192, 49.81
1377403197, 49.81
1377403202, 49.84
1377403207, 49.84
1377403212, 49.81
1377403217, 49.81
1377403222, 49.84
1377403227, 49.81
1377403232, 49.84
1377403237, 49.84
1377403242, 49.81
1377403247, 49.81
1377403252, 49.81
1377403257, 49.81
1377403262, 49.84
1377403267, 49.84
1377403272, 49.84
1377403277, 49.81
1377403282, 49.81
1377403287, 49.84
1377403292, 49.81
1377403297, 49.84
1377403302, 49.84
1377403307, 49.84
1377403312, 49.84
1377403317, 49.81
1377403322, 49.81
1377403327, 49.81
1377403332, 49.84
1377403337, 49.81
1377403342, 49.84
1377403347, 49.84
1377403352, 49.84
1377403357, 49.84
1377403362, 49.81
1377403367, 49.81
1377403372, 49.84
1377403377, 49.81
1377403382, 49.84
1377403387, 49.84
1377403392, 49.84
1377403397, 49.84
1377403402, 49.84
1377403407, 49.84
1377403412, 49.84
1377403417, 49.84
1377403422, 49.84
1377403427, 49.84
1377403432, 49.84
1377403437, 49.84
1377403442, 49.84
1377403447, 49.84
1377403452, 49.84
1377403457, 49.81
1377403462, 49.84
1377403467, 49.84
1377403472, 49.84
1377403477, 49.84
1377403483, 49.84
1377403487, 49.84
1377403492, 49.84
1377403497, 49.84
1377403502, 49.84
1377403507, 49.84
1377403512, 49.84
1377403517, 49.84
1377403522, 49.84
1377403527, 49.84
1377403532, 49.87
1377403537, 49.87
1377403542, 49.84
1377403547, 49.87
1377403552, 49.87
1377403557, 49.84
1377403562, 49.87
1377403567, 49.87
1377403572, 49.84
1377403577, 49.84
1377403582, 49.84
1377403587, 49.84
1377403592, 49.87
1377403597, 49.84
1377403602, 49.84
1377403607, 49.87
1377403612, 49.87
1377403617, 49.84
1377403622, 49.84
1377403627, 49.87
1377403632, 49.87
1377403637, 49.84
1377403642, 49.84
1377403647, 49.84
1377403652, 49.87
1377403657, 49.84
1377403662, 49.87
1377403667, 49.87
1377403672, 49.87
1377403677, 49.84
1377403682, 49.84
1377403687, 49.87
1377403692, 49.84
1377403697, 49.87
1377403702, 49.84
1377403707, 49.87
1377403712, 49.84
1377403717, 49.87
1377403722, 49.87
1377403727, 49.87
1377403732, 49.87
1377403737, 49.87
1377403742, 49.87
1377403747, 49.87
1377403752, 49.87
1377403757, 49.87
1377403762, 49.87
1377403767, 49.87
1377403772, 49.87
1377403777, 49.87
1377403782, 49.87
1377403787, 49.87
1377403792, 49.87
1377403797, 49.87
1377403802, 49.87
1377403807, 49.87
1377403812, 49.87
1377403817, 49.84
1377403822, 49.87
1377403827, 49.87
1377403832, 49.87
1377403837, 49.87
1377403842, 49.87
1377403847, 49.87
1377403852, 49.87
1377403857, 49.87
1377403862, 49.87
1377403867, 49.87
1377403872, 49.87
1377403877, 49.87
1377403882, 49.87
1377403887, 49.87
1377403892, 49.87
1377403897, 49.87
1377403902, 49.87
1377403907, 49.87
1377403912, 49.87
1377403917, 49.87
1377403922, 49.87
1377403927, 49.87
1377403932, 49.90
1377403937, 49.87
1377403942, 49.87
1377403947, 49.87
1377403952, 49.87
1377403957, 49.87
1377403962, 49.87
1377403967, 49.87
1377403972, 49.87
1377403977, 49.87
1377403982, 49.87
1377403987, 49.87
1377403992, 49.87
1377403997, 49.87
1377404002, 49.87
1377404007, 49.87
1377404012, 49.87
1377404017, 49.90
1377404022, 49.90
1377404027, 49.90
1377404032, 49.87
1377404037, 49.87
1377404042, 49.87
1377404047, 49.90
1377404052, 49.87
1377404057, 49.87
1377404062, 49.87
1377404067, 49.87
1377404072, 49.87
1377404077, 49.87
1377404082, 49.87
1377404087, 49.87
1377404092, 49.87
1377404097, 49.87
1377404102, 49.87
1377404107, 49.87
1377404112, 49.87
1377404117, 49.90
1377404122, 49.87
1377404127, 49.87
1377404132, 49.87
1377404137, 49.90
1377404142, 49.87
1377404147, 49.90
1377404152, 49.87
1377404157, 49.90
1377404162, 49.87
1377404167, 49.87
1377404172, 49.90
1377404177, 49.87
1377404182, 49.87
1377404187, 49.90
1377404192, 49.90
1377404197, 49.87
1377404202, 49.87
1377404207, 49.87
1377404212, 49.90
1377404217, 49.90
1377404222, 49.87
1377404227, 49.90
1377404232, 49.87
1377404237, 49.90
1377404242, 49.90
1377404247, 49.90
1377404252, 49.90
1377404257, 49.90
1377404262, 49.90
1377404267, 49.90
1377404272, 49.90
1377404277, 49.90
1377404282, 49.90
1377404287, 49.90
1377404292, 49.90
1377404297, 49.90
1377404302, 49.90
1377404307, 49.90
1377404312, 49.90
1377404317, 49.90
1377404322, 49.87
1377404327, 49.90
1377404332, 49.87
1377404337, 49.90
1377404342, 49.90
1377404347, 49.90
1377404352, 49.90
1377404357, 49.90
1377404362, 49.90
1377404367, 49.90
1377404372, 49.90
1377404377, 49.90
1377404383, 49.90
1377404387, 49.90
1377404392, 49.87
1377404397, 49.90
1377404402, 49.90
1377404407, 49.90
1377404412, 49.90
1377404417, 49.90
1377404422, 49.90
1377404427, 49.87
1377404432, 49.94
1377404437, 49.90
1377404442, 49.90
1377404447, 49.90
1377404452, 49.90
1377404457, 49.90
1377404462, 49.90
1377404467, 49.90
1377404472, 49.94
1377404477, 49.87
1377404482, 49.90
1377404487, 49.90
1377404492, 49.90
1377404497, 49.90
1377404502, 49.94
1377404507, 49.90
1377404512, 49.94
1377404517, 49.90
1377404522, 49.90
1377404527, 49.90
1377404532, 49.94
1377404537, 49.90
1377404542, 49.90
1377404547, 49.94
1377404552, 49.94
1377404557, 49.94
1377404562, 49.90
1377404567, 49.90
1377404572, 49.87
1377404577, 49.90
1377404582, 49.90
1377404587, 49.90
1377404592, 49.90
1377404597, 49.90
1377404602, 49.94
1377404607, 49.90
1377404612, 49.90
1377404617, 49.90
1377404622, 49.94
1377404627, 49.90
1377404632, 49.90
1377404637, 49.90
1377404642, 49.90
1377404647, 49.90
1377404652, 49.90
1377404657, 49.90
1377404662, 49.94
1377404667, 49.94
1377404672, 49.90
1377404677, 49.90
1377404682, 49.90
1377404687, 49.90
1377404692, 49.90
1377404697, 49.90
1377404702, 49.90
1377404707, 49.90
1377404712, 49.90
1377404717, 49.90
1377404722, 49.94
1377404727, 49.90
1377404732, 49.87
1377404737, 49.90
1377404742, 49.94
1377404747, 49.90
1377404752, 49.94
1377404757, 49.94
1377404762, 49.90
1377404767, 49.94
1377404772, 49.90
1377404777, 49.94
1377404782, 49.90
1377404787, 49.94
1377404792, 49.90
1377404797, 49.90
1377404802, 49.90
1377404807, 49.90
1377404812, 49.94
1377404817, 49.90
1377404822, 49.94
1377404827, 49.90
1377404832, 49.94
1377404837, 49.94
1377404842, 49.94
1377404847, 49.94
1377404852, 49.94
1377404857, 49.90
1377404862, 49.90
1377404867, 49.94
1377404872, 49.90
1377404877, 49.90
1377404882, 49.94
1377404887, 49.94
1377404892, 49.94
1377404897, 49.90
1377404902, 49.94
1377404907, 49.94
1377404912, 49.94
1377404917, 49.94
1377404922, 49.90
1377404927, 49.94
1377404932, 49.90
1377404937, 49.94
1377404942, 49.90
1377404947, 49.94
1377404952, 49.90
1377404957, 49.94
1377404962, 49.94
1377404967, 49.94
1377404972, 49.94
1377404977, 49.94
1377404982, 49.90
1377404987, 49.94
1377404992, 49.90
1377404997, 49.94
1377405002, 49.94
1377405007, 49.94
1377405012, 49.94
1377405017, 49.94
1377405022, 49.94
1377405027, 49.94
1377405032, 49.94
1377405037, 49.94
1377405042, 49.94
1377405047, 49.94
1377405052, 49.94
1377405057, 49.94
1377405062, 49.94
1377405067, 49.94
1377405072, 49.90
1377405077, 49.90
1377405082, 49.94
1377405087, 49.94
1377405092, 49.94
1377405097, 49.94
1377405102, 49.90
1377405107, 49.90
1377405112, 49.94
1377405117, 49.94
1377405122, 49.94
1377405127, 49.90
1377405132, 49.94
1377405137, 49.90
1377405142, 49.94
1377405147, 49.90
1377405152, 49.94
1377405157, 49.94
1377405162, 49.94
1377405167, 49.94
1377405172, 49.94
1377405177, 49.94
1377405182, 49.94
1377405187, 49.94
1377405192, 49.94
1377405197, 49.94
1377405202, 49.94
1377405207, 49.94
1377405212, 49.94
1377405217, 49.94
1377405222, 49.94
1377405227, 49.94
1377405232, 49.94
1377405237, 49.94
1377405242, 49.94
1377405247, 49.94
1377405252, 49.94
1377405257, 49.94
1377405262, 49.94
1377405267, 49.94
1377405272, 49.94
1377405277, 49.94
1377405282, 49.94
1377405287, 49.94
1377405292, 49.94
1377405297, 49.94
1377405302, 49.94
1377405307, 49.94
1377405312, 49.94
1377405317, 49.94
1377405322, 49.94
1377405327, 49.94
1377405332, 49.94
1377405337, 49.94
1377405342, 49.94
1377405347, 49.97
1377405352, 49.94
1377405357, 49.94
1377405362, 49.94
1377405367, 49.94
1377405372, 49.94
1377405377, 49.94
1377405382, 49.94
1377405387, 49.94
1377405392, 49.94
1377405397, 49.94
1377405402, 49.94
1377405407, 49.94
1377405412, 49.97
1377405417, 49.94
1377405422, 49.94
1377405427, 49.94
1377405432, 49.94
1377405437, 49.97
1377405442, 49.94
1377405447, 49.94
1377405452, 49.94
1377405457, 49.97
1377405462, 49.97
1377405467, 49.97
1377405472, 49.97
1377405477, 49.97
1377405482, 49.97
1377405487, 49.97
1377405492, 49.97
1377405497, 49.97
1377405502, 49.97
1377405507, 49.97
1377405512, 49.97
1377405517, 49.94
1377405522, 49.97
1377405527, 49.97
1377405532, 49.97
1377405537, 49.97
1377405542, 50.00
1377405547, 50.00
1377405552, 50.00
1377405557, 50.00
1377405562, 49.97
1377405567, 49.97
1377405572, 50.00
1377405577, 49.97
1377405582, 49.97
1377405587, 49.97
1377405592, 50.00
1377405597, 50.00
1377405602, 49.97
1377405607, 50.00
1377405612, 49.97
1377405617, 49.97
1377405622, 50.00
1377405627, 50.00
1377405632, 50.00
1377405637, 49.97
1377405642, 50.00
1377405647, 50.00
1377405652, 50.00
1377405657, 50.00
1377405662, 50.00
1377405667, 50.00
1377405672, 50.00
1377405677, 50.00
1377405682, 50.00
1377405687, 50.00
1377405692, 50.00
1377405697, 50.00
1377405702, 50.00
1377405707, 50.00
1377405712, 50.00
1377405717, 49.97
1377405722, 50.00
1377405727, 50.00
1377405732, 50.00
1377405737, 50.00
1377405742, 50.00
1377405747, 50.00
1377405752, 50.00
1377405757, 50.00
1377405762, 50.00
1377405767, 50.00
1377405772, 50.00
1377405777, 50.00
1377405782, 50.00
1377405787, 50.00
1377405792, 50.00
1377405797, 50.00
1377405802, 50.00
1377405807, 50.03
1377405812, 50.00
1377405817, 50.00
1377405822, 50.00
1377405827, 50.00
1377405832, 50.00
1377405837, 50.00
1377405842, 50.00
1377405847, 50.00
1377405852, 50.00
1377405857, 50.00
1377405862, 50.00
1377405867, 50.00
1377405872, 50.00
1377405877, 50.03
1377405882, 50.00
1377405887, 50.03
1377405892, 50.00
1377405897, 50.03
1377405902, 50.00
1377405907, 50.00
1377405912, 50.03
1377405917, 50.03
1377405922, 50.03
1377405927, 50.00
1377405932, 50.03
1377405937, 50.03
1377405942, 50.00
1377405947, 50.03
1377405952, 50.03
1377405957, 50.00
1377405962, 50.03
1377405967, 50.03
1377405972, 50.03
1377405977, 50.03
1377405982, 50.03
1377405987, 50.00
1377405992, 50.03
1377405997, 50.03
1377406002, 50.03
1377406007, 50.03
1377406012, 50.03
1377406017, 50.03
1377406022, 50.03
1377406027, 50.03
1377406032, 50.03
1377406037, 50.03
1377406042, 50.03
1377406047, 50.03
1377406052, 50.00
1377406057, 50.03
1377406062, 50.03
1377406067, 50.03
1377406072, 50.03
1377406077, 50.03
1377406082, 50.00
1377406087, 50.03
1377406092, 50.03
1377406097, 50.00
1377406102, 50.03
1377406107, 50.03
1377406112, 50.03
1377406117, 50.03
1377406122, 50.00
1377406127, 50.03
1377406132, 50.03
1377406137, 50.03
1377406142, 50.00
1377406147, 50.03
1377406152, 50.06
1377406157, 50.00
1377406162, 50.00
1377406167, 50.03
1377406172, 50.03
1377406177, 50.06
1377406182, 50.03
1377406187, 50.00
1377406192, 50.03
1377406197, 50.03
1377406202, 50.03
1377406207, 50.03
1377406212, 50.03
1377406217, 50.03
1377406222, 50.06
1377406227, 50.03
1377406232, 50.03
1377406237, 50.03
1377406242, 50.03
1377406247, 50.06
1377406252, 50.03
1377406257, 50.03
1377406262, 50.03
1377406267, 50.03
1377406272, 50.06
1377406277, 50.03
1377406282, 50.06
1377406287, 50.03
1377406292, 50.06
1377406297, 50.03
1377406302, 50.03
1377406307, 50.06
1377406312, 50.03
1377406317, 50.06
1377406322, 50.06
1377406327, 50.03
1377406332, 50.06
1377406337, 50.03
1377406342, 50.03
1377406347, 50.03
1377406352, 50.03
1377406357, 50.06
1377406362, 50.06
1377406367, 50.06
1377406372, 50.06
1377406377, 50.06
1377406382, 50.06
1377406387, 50.03
1377406392, 50.06
1377406397, 50.03
1377406402, 50.06
1377406407, 50.06
1377406412, 50.03
1377406417, 50.03
1377406422, 50.06
1377406427, 50.06
1377406432, 50.06
1377406437, 50.03
1377406442, 50.03
1377406447, 50.03
1377406452, 50.06
1377406457, 50.06
1377406462, 50.03
1377406467, 50.06
1377406472, 50.06
1377406477, 50.06
1377406482, 50.03
1377406487, 50.06
1377406492, 50.06
1377406497, 50.06
1377406502, 50.03
1377406507, 50.03
1377406512, 50.06
1377406517, 50.06
1377406522, 50.06
1377406527, 50.06
1377406532, 50.03
1377406537, 50.06
1377406542, 50.06
1377406547, 50.03
1377406552, 50.03
1377406557, 50.06
1377406562, 50.06
1377406567, 50.06
1377406572, 50.03
1377406577, 50.06
1377406582, 50.03
1377406587, 50.06
1377406592, 50.03
1377406597, 50.03
1377406602, 50.06
1377406607, 50.03
1377406612, 50.03
1377406617, 50.06
1377406622, 50.03
1377406627, 50.03
1377406632, 50.06
1377406637, 50.06
1377406642, 50.06
1377406647, 50.06
1377406652, 50.06
1377406657, 50.06
1377406662, 50.06
1377406667, 50.06
1377406672, 50.06
1377406677, 50.03
1377406682, 50.06
1377406687, 50.06
1377406692, 50.06
1377406697, 50.06
1377406702, 50.06
1377406707, 50.03
1377406712, 50.06
1377406717, 50.06
1377406722, 50.06
1377406727, 50.06
1377406732, 50.06
1377406737, 50.06
1377406742, 50.06
1377406747, 50.06
1377406752, 50.06
1377406757, 50.06
1377406762, 50.06
1377406767, 50.06
1377406772, 50.06
1377406777, 50.06
1377406782, 50.06
1377406787, 50.06
1377406792, 50.06
1377406797, 50.06
1377406802, 50.06
1377406807, 50.06
1377406812, 50.06
1377406817, 50.06
1377406822, 50.06
1377406827, 50.06
1377406832, 50.06
1377406837, 50.06
1377406842, 50.06
1377406847, 50.06
1377406852, 50.06
1377406857, 50.06
1377406862, 50.06
1377406867, 50.06
1377406872, 50.06
1377406877, 50.06
1377406882, 50.06
1377406887, 50.06
1377406892, 50.06
1377406897, 50.06
1377406902, 50.06
1377406907, 50.06
1377406912, 50.06
1377406917, 50.06
1377406922, 50.06
1377406927, 50.06
1377406932, 50.06
1377406937, 50.06
1377406942, 50.06
1377406947, 50.06
1377406952, 50.06
1377406957, 50.06
1377406962, 50.06
1377406967, 50.06
1377406972, 50.06
1377406977, 50.06
1377406982, 50.06
1377406987, 50.06
1377406992, 50.06
1377406997, 50.06
1377407002, 50.06
1377407008, 50.06
1377407012, 50.06
1377407017, 50.06
1377407022, 50.06
1377407027, 50.06
1377407032, 50.06
1377407037, 50.06
1377407042, 50.06
1377407047, 50.06
1377407052, 50.06
1377407057, 50.06
1377407062, 50.06
1377407067, 50.06
1377407072, 50.06
1377407077, 50.06
1377407082, 50.06
1377407087, 50.06
1377407092, 50.06
1377407097, 50.06
1377407102, 50.06
1377407107, 50.06
1377407112, 50.06
1377407117, 50.06
1377407122, 50.06
1377407127, 50.06
1377407132, 50.06
1377407137, 50.06
1377407142, 50.06
1377407147, 50.06
1377407152, 50.06
1377407157, 50.06
1377407162, 50.06
1377407167, 50.06
1377407172, 50.06
1377407177, 50.06
1377407182, 50.06
1377407187, 50.06
1377407192, 50.06
1377407197, 50.06
1377407202, 50.06
1377407207, 50.06
1377407212, 50.06
1377407217, 50.06
1377407222, 50.06
1377407227, 50.06
1377407232, 50.06
1377407237, 50.06
1377407242, 50.06
1377407247, 50.06
1377407252, 50.06
1377407257, 50.06
1377407262, 50.06
1377407267, 50.06
1377407272, 50.06
1377407277, 50.06
1377407282, 50.06
1377407287, 50.06
1377407292, 50.06
1377407297, 50.06
1377407302, 50.06
1377407307, 50.06
1377407312, 50.06
1377407317, 50.06
1377407322, 50.06
1377407327, 50.06
1377407332, 50.06
1377407337, 50.06
1377407342, 50.06
1377407347, 50.06
1377407352, 50.06
1377407357, 50.06
1377407362, 50.06
1377407367, 50.06
1377407372, 50.06
1377407377, 50.06
1377407382, 50.06
1377407387, 50.06
1377407392, 50.06
1377407397, 50.06
1377407402, 50.06
1377407407, 50.06
1377407412, 50.06
1377407417, 50.06
1377407422, 50.06
1377407427, 50.06
1377407432, 50.06
1377407437, 50.06
1377407442, 50.10
1377407447, 50.06
1377407452, 50.06
1377407457, 50.06
1377407462, 50.06
1377407467, 50.06
1377407472, 50.06
1377407477, 50.06
1377407482, 50.06
1377407487, 50.06
1377407492, 50.06
1377407497, 50.06
1377407502, 50.06
1377407507, 50.06
1377407512, 50.06
1377407517, 50.06
1377407522, 50.06
1377407527, 50.06
1377407532, 50.06
1377407537, 50.06
1377407542, 50.06
1377407547, 50.06
1377407552, 50.06
1377407557, 50.06
1377407562, 50.06
1377407567, 50.06
1377407572, 50.06
1377407577, 50.10
1377407582, 50.06
1377407587, 50.10
1377407592, 50.06
1377407597, 50.06
1377407602, 50.06
1377407607, 50.06
1377407612, 50.06
1377407617, 50.06
1377407622, 50.06
1377407627, 50.06
1377407632, 50.06
1377407637, 50.06
1377407642, 50.06
1377407647, 50.06
1377407652, 50.06
1377407657, 50.06
1377407662, 50.06
1377407667, 50.10
1377407672, 50.10
1377407677, 50.10
1377407682, 50.06
1377407687, 50.06
1377407692, 50.06
1377407697, 50.06
1377407702, 50.10
1377407707, 50.10
1377407712, 50.10
1377407717, 50.10
1377407722, 50.06
1377407732, 50.06
1377407737, 50.10
1377407747, 50.10
1377407757, 50.10
1377407762, 50.06
1377407767, 50.10
1377407772, 50.10
1377407777, 50.10
1377407787, 50.10
1377407792, 50.10
1377407797, 50.10
1377407802, 50.10
1377407807, 50.10
1377407812, 50.06
1377407817, 50.10
1377407822, 50.06
1377407827, 50.10
1377407837, 50.10
1377407842, 50.10
1377407847, 50.10
1377407852, 50.06
1377407862, 50.10
1377407867, 50.13
1377407872, 50.10
1377407882, 50.10
1377407887, 50.10
1377407892, 50.10
1377407897, 50.10
1377407902, 50.10
1377407907, 50.10
1377407912, 50.06
1377407917, 50.10
1377407922, 50.10
1377407927, 50.06
1377407932, 50.10
1377407937, 50.10
1377407942, 50.10
1377407947, 50.13
1377407952, 50.06
1377407957, 50.10
1377407967, 50.13
1377407972, 50.13
1377407977, 50.10
1377407982, 50.10
1377407987, 50.10
1377407992, 50.10
1377407997, 50.10
1377408007, 50.06
1377408012, 50.10
1377408017, 50.10
1377408022, 50.10
1377408032, 50.06
1377408037, 50.10
1377408042, 50.13
1377408047, 50.13
1377408052, 50.10
1377408057, 50.10
1377408062, 50.10
1377408067, 50.10
1377408072, 50.10
1377408077, 50.10
1377408082, 50.10
1377408087, 50.10
1377408092, 50.13
1377408102, 50.10
1377408107, 50.10
1377408112, 50.10
1377408117, 50.10
1377408122, 50.10
1377408127, 50.13
1377408132, 50.13
1377408142, 50.10
1377408147, 50.10
1377408152, 50.10
1377408157, 50.13
1377408162, 50.10
1377408167, 50.13
1377408172, 50.10
1377408177, 50.10
1377408182, 50.13
1377408197, 50.10
1377408202, 50.10
1377408207, 50.13
1377408212, 50.13
1377408217, 50.10
1377408222, 50.10
1377408227, 50.10
1377408232, 50.10
1377408237, 50.10
1377408242, 50.10
1377408247, 50.13
1377408252, 50.10
1377408257, 50.13
1377408262, 50.10
1377408267, 50.10
1377408272, 50.13
1377408277, 50.10
1377408282, 50.10
1377408287, 50.10
1377408292, 50.10
1377408297, 50.10
1377408302, 50.10
1377408307, 50.10
1377408312, 50.10
1377408317, 50.10
1377408322, 50.10
1377408327, 50.10
1377408332, 50.10
1377408337, 50.10
1377408342, 50.10
1377408347, 50.06
1377408352, 50.10
1377408357, 50.10
1377408362, 50.10
1377408367, 50.10
1377408372, 50.10
1377408377, 50.10
1377408382, 50.10
1377408387, 50.10
1377408392, 50.10
1377408397, 50.10
1377408402, 50.06
1377408407, 50.10
1377408412, 50.06
1377408417, 50.10
1377408422, 50.10
1377408427, 50.10
1377408432, 50.10
1377408437, 50.10
1377408442, 50.10
1377408447, 50.10
1377408452, 50.10
1377408457, 50.10
1377408462, 50.10
1377408467, 50.06
1377408472, 50.06
1377408477, 50.10
1377408482, 50.06
1377408487, 50.10
1377408492, 50.06
1377408497, 50.06
1377408502, 50.06
1377408507, 50.06
1377408512, 50.10
1377408517, 50.06
1377408522, 50.06
1377408527, 50.06
1377408532, 50.06
1377408537, 50.10
1377408542, 50.06
1377408547, 50.06
1377408552, 50.06
1377408557, 50.10
1377408562, 50.10
1377408567, 50.06
1377408572, 50.10
1377408577, 50.10
1377408582, 50.10
1377408587, 50.06
1377408592, 50.06
1377408597, 50.06
1377408602, 50.06
1377408607, 50.10
1377408612, 50.06
1377408617, 50.06
1377408622, 50.06
1377408627, 50.06
1377408632, 50.06
1377408637, 50.10
1377408642, 50.06
1377408647, 50.06
1377408652, 50.06
1377408657, 50.06
1377408662, 50.06
1377408667, 50.06
1377408672, 50.06
1377408677, 50.06
1377408682, 50.06
1377408687, 50.06
1377408692, 50.06
1377408697, 50.10
1377408702, 50.06
1377408707, 50.06
1377408712, 50.06
1377408717, 50.06
1377408722, 50.06
1377408727, 50.06
1377408732, 50.06
1377408737, 50.06
1377408742, 50.06
1377408747, 50.06
1377408752, 50.10
1377408757, 50.06
1377408762, 50.06
1377408767, 50.06
1377408772, 50.06
1377408777, 50.06
1377408782, 50.10
1377408787, 50.06
1377408792, 50.06
1377408797, 50.06
1377408802, 50.06
1377408807, 50.06
1377408812, 50.06
1377408817, 50.06
1377408822, 50.06
1377408827, 50.06
1377408832, 50.06
1377408837, 50.06
1377408842, 50.06
1377408847, 50.06
1377408852, 50.06
1377408857, 50.06
1377408862, 50.06
1377408867, 50.06
1377408872, 50.10
1377408877, 50.06
1377408882, 50.06
1377408887, 50.06
1377408892, 50.06
1377408897, 50.06
1377408902, 50.06
1377408907, 50.06
1377408912, 50.06
1377408917, 50.10
1377408922, 50.06
1377408927, 50.06
1377408932, 50.06
1377408937, 50.06
1377408942, 50.06
1377408947, 50.10
1377408952, 50.10
1377408957, 50.10
1377408962, 50.06
1377408967, 50.10
1377408972, 50.10
1377408977, 50.10
1377408982, 50.06
1377408987, 50.06
1377408992, 50.06
1377408997, 50.06
1377409002, 50.10
1377409007, 50.10
1377409012, 50.10
1377409017, 50.06
1377409022, 50.06
1377409027, 50.06
1377409032, 50.10
1377409037, 50.10
1377409042, 50.10
1377409047, 50.10
1377409052, 50.10
1377409057, 50.10
1377409062, 50.06
1377409067, 50.10
1377409072, 50.10
1377409077, 50.10
1377409082, 50.10
1377409087, 50.06
1377409092, 50.10
1377409097, 50.10
1377409102, 50.10
1377409107, 50.10
1377409112, 50.13
1377409117, 50.10
1377409122, 50.10
1377409127, 50.10
1377409132, 50.10
1377409137, 50.10
1377409142, 50.10
1377409147, 50.10
1377409152, 50.10
1377409157, 50.10
1377409162, 50.10
1377409167, 50.10
1377409172, 50.10
1377409177, 50.10
1377409182, 50.10
1377409187, 50.10
1377409192, 50.10
1377409197, 50.10
1377409202, 50.10
1377409207, 50.10
1377409212, 50.10
1377409217, 50.10
1377409222, 50.13
1377409227, 50.10
1377409232, 50.10
1377409237, 50.13
1377409242, 50.13
1377409247, 50.13
1377409252, 50.13
1377409257, 50.10
1377409262, 50.13
1377409267, 50.10
1377409272, 50.10
1377409277, 50.06
1377409282, 50.10
1377409287, 50.10
1377409292, 50.10
1377409297, 50.10
1377409302, 50.13
1377409307, 50.10
1377409312, 50.10
1377409317, 50.10
1377409322, 50.10
1377409327, 50.13
1377409332, 50.10
1377409337, 50.13
1377409342, 50.10
1377409347, 50.13
1377409352, 50.13
1377409357, 50.10
1377409362, 50.13
1377409367, 50.13
1377409372, 50.13
1377409377, 50.13
1377409382, 50.13
1377409387, 50.13
1377409392, 50.13
1377409397, 50.13
1377409402, 50.13
1377409407, 50.13
1377409412, 50.13
1377409417, 50.13
1377409422, 50.10
1377409427, 50.13
1377409432, 50.10
1377409437, 50.13
1377409442, 50.13
1377409447, 50.13
1377409452, 50.13
1377409457, 50.13
1377409462, 50.13
1377409467, 50.10
1377409472, 50.13
1377409477, 50.13
1377409482, 50.13
1377409487, 50.10
1377409492, 50.13
1377409497, 50.13
1377409502, 50.10
1377409507, 50.13
1377409512, 50.13
1377409517, 50.10
1377409522, 50.13
1377409527, 50.13
1377409532, 50.13
1377409537, 50.13
1377409542, 50.13
1377409547, 50.13
1377409552, 50.13
1377409557, 50.13
1377409562, 50.13
1377409567, 50.13
1377409572, 50.13
1377409577, 50.13
1377409582, 50.13
1377409587, 50.13
1377409592, 50.13
1377409597, 50.13
1377409602, 50.13
1377409607, 50.13
1377409612, 50.13
1377409617, 50.13
1377409622, 50.13
1377409627, 50.13
1377409632, 50.13
1377409637, 50.13
1377409642, 50.13
1377409647, 50.13
1377409652, 50.13
1377409657, 50.13
1377409662, 50.13
1377409667, 50.13
1377409672, 50.13
1377409677, 50.13
1377409682, 50.13
1377409687, 50.13
1377409692, 50.13
1377409697, 50.13
1377409702, 50.13
1377409707, 50.13
1377409712, 50.13
1377409717, 50.13
1377409722, 50.13
1377409727, 50.13
1377409732, 50.13
1377409737, 50.13
1377409742, 50.13
1377409747, 50.13
1377409752, 50.13
1377409757, 50.13
1377409762, 50.13
1377409767, 50.13
1377409772, 50.13
1377409777, 50.13
1377409782, 50.13
1377409787, 50.13
1377409792, 50.13
1377409797, 50.13
1377409802, 50.13
1377409807, 50.13
1377409812, 50.16
1377409817, 50.13
1377409822, 50.13
1377409827, 50.13
1377409832, 50.13
1377409837, 50.13
1377409842, 50.16
1377409847, 50.16
1377409852, 50.16
1377409857, 50.13
1377409862, 50.13
1377409867, 50.13
1377409872, 50.13
1377409877, 50.13
1377409882, 50.13
1377409887, 50.13
1377409892, 50.13
1377409897, 50.13
1377409902, 50.13
1377409907, 50.13
1377409912, 50.16
1377409917, 50.13
1377409922, 50.13
1377409927, 50.13
1377409932, 50.13
1377409937, 50.13
1377409942, 50.13
1377409947, 50.16
1377409952, 50.13
1377409957, 50.13
1377409962, 50.13
1377409967, 50.13
1377409972, 50.13
1377409977, 50.13
1377409982, 50.13
1377409987, 50.13
1377409992, 50.16
1377409997, 50.13
1377410002, 50.16
1377410007, 50.13
1377410012, 50.16
1377410017, 50.13
1377410022, 50.13
1377410027, 50.13
1377410032, 50.13
1377410037, 50.13
1377410042, 50.16
1377410047, 50.16
1377410052, 50.16
1377410057, 50.13
1377410062, 50.16
1377410067, 50.16
1377410072, 50.16
1377410077, 50.13
1377410082, 50.13
1377410087, 50.19
1377410092, 50.13
1377410097, 50.13
1377410102, 50.16
1377410107, 50.16
1377410112, 50.13
1377410117, 50.16
1377410122, 50.16
1377410127, 50.16
1377410132, 50.13
1377410137, 50.16
1377410142, 50.16
1377410147, 50.13
1377410152, 50.13
1377410157, 50.13
1377410162, 50.16
1377410167, 50.16
1377410172, 50.16
1377410177, 50.16
1377410182, 50.16
1377410187, 50.16
1377410192, 50.16
1377410197, 50.13
1377410202, 50.16
1377410207, 50.16
1377410212, 50.13
1377410217, 50.19
1377410222, 50.16
1377410227, 50.16
1377410232, 50.19
1377410237, 50.16
1377410242, 50.16
1377410247, 50.13
1377410252, 50.16
1377410257, 50.16
1377410262, 50.16
1377410267, 50.19
1377410272, 50.19
1377410277, 50.16
1377410282, 50.16
1377410287, 50.19
1377410292, 50.16
1377410297, 50.16
1377410302, 50.19
1377410307, 50.16
1377410312, 50.19
1377410317, 50.19
1377410322, 50.19
1377410327, 50.19
1377410332, 50.19
1377410337, 50.16
1377410342, 50.19
1377410347, 50.19
1377410352, 50.19
1377410357, 50.19
1377410362, 50.16
1377410367, 50.19
1377410372, 50.19
1377410377, 50.19
1377410382, 50.19
1377410387, 50.16
1377410392, 50.16
1377410397, 50.16
1377410402, 50.16
1377410407, 50.19
1377410412, 50.19
1377410417, 50.19
1377410422, 50.19
1377410427, 50.19
1377410432, 50.19
1377410437, 50.19
1377410442, 50.19
1377410447, 50.19
1377410452, 50.19
1377410457, 50.19
1377410462, 50.16
1377410467, 50.16
1377410472, 50.19
1377410477, 50.19
1377410482, 50.16
1377410487, 50.16
1377410492, 50.19
1377410497, 50.19
1377410502, 50.16
1377410507, 50.16
1377410512, 50.19
1377410517, 50.19
1377410522, 50.19
1377410527, 50.19
1377410532, 50.19
1377410537, 50.19
1377410542, 50.19
1377410547, 50.16
1377410552, 50.16
1377410557, 50.19
1377410562, 50.19
1377410567, 50.16
1377410572, 50.16
1377410577, 50.19
1377410582, 50.19
1377410587, 50.19
1377410592, 50.19
1377410597, 50.19
1377410602, 50.16
1377410607, 50.19
1377410612, 50.16
1377410617, 50.16
1377410622, 50.16
1377410627, 50.16
1377410632, 50.19
1377410637, 50.19
1377410642, 50.16
1377410647, 50.16
1377410652, 50.16
1377410657, 50.16
1377410662, 50.19
1377410667, 50.19
1377410672, 50.19
1377410677, 50.16
1377410682, 50.16
1377410687, 50.16
1377410692, 50.19
1377410697, 50.19
1377410702, 50.19
1377410707, 50.16
1377410712, 50.16
1377410717, 50.19
1377410722, 50.19
1377410727, 50.19
1377410732, 50.16
1377410737, 50.19
1377410742, 50.19
1377410747, 50.19
1377410752, 50.19
1377410757, 50.19
1377410762, 50.19
1377410767, 50.16
1377410772, 50.19
1377410777, 50.19
1377410782, 50.19
1377410787, 50.19
1377410792, 50.16
1377410797, 50.16
1377410802, 50.19
1377410807, 50.16
1377410812, 50.19
1377410817, 50.19
1377410822, 50.19
1377410827, 50.19
1377410832, 50.16
1377410837, 50.19
1377410842, 50.16
1377410847, 50.19
1377410852, 50.16
1377410857, 50.19
1377410862, 50.19
1377410867, 50.19
1377410872, 50.19
1377410877, 50.16
1377410882, 50.19
1377410887, 50.19
1377410892, 50.16
1377410897, 50.19
1377410902, 50.16
1377410907, 50.19
1377410912, 50.19
1377410917, 50.16
1377410922, 50.19
1377410927, 50.19
1377410932, 50.19
1377410937, 50.16
1377410942, 50.16
1377410947, 50.19
1377410952, 50.19
1377410957, 50.16
1377410962, 50.19
1377410967, 50.19
1377410972, 50.19
1377410977, 50.19
1377410982, 50.16
1377410987, 50.19
1377410992, 50.19
1377410997, 50.19
1377411002, 50.19
1377411007, 50.19
1377411012, 50.16
1377411017, 50.19
1377411022, 50.19
1377411027, 50.19
1377411032, 50.19
1377411037, 50.19
1377411042, 50.19
1377411047, 50.19
1377411052, 50.19
1377411057, 50.19
1377411062, 50.19
1377411067, 50.19
1377411072, 50.19
1377411077, 50.19
1377411082, 50.19
1377411087, 50.19
1377411092, 50.19
1377411097, 50.19
1377411102, 50.19
1377411107, 50.19
1377411112, 50.19
1377411117, 50.19
1377411122, 50.19
1377411127, 50.19
1377411132, 50.19
1377411137, 50.19
1377411142, 50.19
1377411147, 50.19
1377411152, 50.19
1377411157, 50.19
1377411162, 50.19
1377411167, 50.19
1377411172, 50.19
1377411177, 50.19
1377411182, 50.19
1377411187, 50.19
1377411192, 50.19
1377411197, 50.19
1377411202, 50.19
1377411207, 50.19
1377411212, 50.19
1377411217, 50.19
1377411222, 50.19
1377411227, 50.19
1377411232, 50.19
1377411237, 50.19
1377411242, 50.19
1377411247, 50.19
1377411252, 50.23
1377411257, 50.19
1377411262, 50.19
1377411267, 50.19
1377411272, 50.19
1377411277, 50.19
1377411282, 50.19
1377411287, 50.19
1377411292, 50.19
1377411297, 50.19
1377411302, 50.19
1377411307, 50.19
1377411312, 50.19
1377411317, 50.19
1377411322, 50.19
1377411327, 50.19
1377411332, 50.19
1377411337, 50.19
1377411342, 50.19
1377411347, 50.19
1377411352, 50.19
1377411357, 50.19
1377411362, 50.19
1377411367, 50.19
1377411372, 50.19
1377411377, 50.19
1377411382, 50.19
1377411387, 50.19
1377411393, 50.19
1377411397, 50.19
1377411402, 50.19
1377411407, 50.19
1377411412, 50.19
1377411417, 50.19
1377411422, 50.19
1377411427, 50.19
1377411432, 50.19
1377411437, 50.19
1377411442, 50.19
1377411447, 50.19
1377411452, 50.19
1377411457, 50.19
1377411462, 50.19
1377411467, 50.19
1377411472, 50.19
1377411477, 50.19
1377411482, 50.19
1377411487, 50.19
1377411492, 50.19
1377411497, 50.19
1377411502, 50.19
1377411507, 50.19
1377411512, 50.19
1377411517, 50.19
1377411522, 50.19
1377411527, 50.19
1377411532, 50.19
1377411537, 50.19
1377411542, 50.19
1377411547, 50.19
1377411552, 50.19
1377411557, 50.23
1377411562, 50.19
1377411567, 50.19
1377411572, 50.19
1377411577, 50.19
1377411582, 50.19
1377411587, 50.19
1377411592, 50.19
1377411597, 50.19
1377411602, 50.19
1377411607, 50.19
1377411612, 50.19
1377411617, 50.19
1377411622, 50.19
1377411627, 50.19
1377411632, 50.19
1377411637, 50.19
1377411642, 50.19
1377411647, 50.19
1377411652, 50.19
1377411657, 50.19
1377411662, 50.19
1377411667, 50.19
1377411672, 50.19
1377411677, 50.19
1377411682, 50.19
1377411687, 50.19
1377411692, 50.19
1377411697, 50.19
1377411702, 50.23
1377411707, 50.19
1377411712, 50.19
1377411717, 50.19
1377411722, 50.19
1377411727, 50.19
1377411732, 50.19
1377411737, 50.19
1377411742, 50.19
1377411747, 50.19
1377411752, 50.19
1377411757, 50.19
1377411762, 50.19
1377411767, 50.19
1377411772, 50.19
1377411777, 50.19
1377411782, 50.19
1377411787, 50.19
1377411792, 50.19
1377411797, 50.19
1377411802, 50.19
1377411807, 50.19
1377411812, 50.19
1377411817, 50.19
1377411822, 50.19
1377411827, 50.19
1377411832, 50.19
1377411837, 50.19
1377411842, 50.19
1377411847, 50.19
1377411852, 50.19
1377411857, 50.19
1377411862, 50.19
1377411867, 50.19
1377411872, 50.19
1377411877, 50.19
1377411882, 50.19
1377411887, 50.19
1377411892, 50.19
1377411897, 50.19
1377411902, 50.23
1377411907, 50.19
1377411912, 50.19
1377411917, 50.19
1377411922, 50.19
1377411927, 50.19
1377411932, 50.19
1377411937, 50.19
1377411942, 50.19
1377411947, 50.19
1377411952, 50.19
1377411957, 50.19
1377411962, 50.19
1377411967, 50.19
1377411972, 50.19
1377411977, 50.19
1377411982, 50.19
1377411987, 50.19
1377411992, 50.19
1377411997, 50.19
1377412002, 50.23
1377412007, 50.19
1377412012, 50.19
1377412017, 50.19
1377412022, 50.19
1377412027, 50.19
1377412032, 50.19
1377412037, 50.19
1377412042, 50.19
1377412047, 50.19
1377412052, 50.19
1377412057, 50.19
1377412062, 50.19
1377412067, 50.19
1377412072, 50.19
1377412077, 50.19
1377412082, 50.23
1377412087, 50.19
1377412092, 50.19
1377412097, 50.19
1377412102, 50.19
1377412107, 50.19
1377412112, 50.19
1377412117, 50.19
1377412122, 50.19
1377412127, 50.19
1377412132, 50.19
1377412137, 50.19
1377412142, 50.19
1377412147, 50.19
1377412152, 50.19
1377412157, 50.19
1377412162, 50.19
1377412167, 50.19
1377412172, 50.19
1377412177, 50.19
1377412182, 50.19
1377412187, 50.19
1377412192, 50.19
1377412197, 50.19
1377412202, 50.19
1377412207, 50.19
1377412212, 50.23
1377412217, 50.19
1377412222, 50.19
1377412227, 50.19
1377412232, 50.19
1377412237, 50.19
1377412242, 50.19
1377412247, 50.19
1377412252, 50.19
1377412257, 50.19
1377412262, 50.23
1377412267, 50.23
1377412272, 50.19
1377412277, 50.19
1377412282, 50.19
1377412287, 50.19
1377412292, 50.19
1377412297, 50.19
1377412302, 50.19
1377412307, 50.19
1377412312, 50.19
1377412317, 50.19
1377412322, 50.19
1377412327, 50.19
1377412332, 50.19
1377412337, 50.19
1377412342, 50.19
1377412347, 50.19
1377412352, 50.19
1377412357, 50.19
1377412362, 50.23
1377412367, 50.19
1377412372, 50.19
1377412377, 50.19
1377412382, 50.19
1377412387, 50.19
1377412392, 50.19
1377412397, 50.19
1377412402, 50.19
1377412407, 50.19
1377412412, 50.19
1377412417, 50.23
1377412422, 50.19
1377412427, 50.19
1377412432, 50.19
1377412437, 50.19
1377412442, 50.19
1377412447, 50.23
1377412452, 50.19
1377412457, 50.19
1377412462, 50.23
1377412467, 50.19
1377412472, 50.19
1377412477, 50.19
1377412482, 50.19
1377412487, 50.19
1377412492, 50.19
1377412497, 50.19
1377412502, 50.19
1377412507, 50.19
1377412512, 50.19
1377412517, 50.23
1377412522, 50.19
1377412527, 50.19
1377412532, 50.23
1377412537, 50.23
1377412542, 50.19
1377412547, 50.23
1377412552, 50.19
1377412557, 50.19
1377412562, 50.19
1377412567, 50.23
1377412572, 50.19
1377412577, 50.23
1377412582, 50.23
1377412587, 50.19
1377412592, 50.23
1377412597, 50.23
1377412602, 50.19
1377412607, 50.23
1377412612, 50.23
1377412617, 50.23
1377412622, 50.19
1377412627, 50.19
1377412632, 50.23
1377412637, 50.23
1377412642, 50.19
1377412647, 50.23
1377412652, 50.23
1377412657, 50.23
1377412662, 50.23
1377412667, 50.23
1377412672, 50.23
1377412677, 50.23
1377412682, 50.23
1377412687, 50.23
1377412692, 50.23
1377412697, 50.19
1377412702, 50.19
1377412707, 50.19
1377412712, 50.19
1377412717, 50.19
1377412722, 50.19
1377412727, 50.23
1377412732, 50.23
1377412737, 50.19
1377412742, 50.19
1377412747, 50.23
1377412752, 50.23
1377412757, 50.23
1377412762, 50.23
1377412767, 50.23
1377412772, 50.19
1377412777, 50.23
1377412782, 50.23
1377412787, 50.19
1377412792, 50.19
1377412797, 50.23
1377412802, 50.23
1377412807, 50.23
1377412812, 50.19
1377412817, 50.19
1377412822, 50.23
1377412827, 50.23
1377412832, 50.23
1377412837, 50.23
1377412842, 50.19
1377412847, 50.26
1377412852, 50.23
1377412857, 50.23
1377412862, 50.23
1377412867, 50.23
1377412872, 50.23
1377412877, 50.23
1377412882, 50.23
1377412887, 50.23
1377412892, 50.23
1377412897, 50.23
1377412902, 50.23
1377412907, 50.26
1377412912, 50.23
1377412917, 50.23
1377412922, 50.23
1377412927, 50.26
1377412932, 50.23
1377412937, 50.23
1377412942, 50.19
1377412947, 50.23
1377412952, 50.23
1377412957, 50.23
1377412962, 50.23
1377412967, 50.23
1377412972, 50.26
1377412977, 50.26
1377412982, 50.26
1377412987, 50.23
1377412992, 50.26
1377412997, 50.23
1377413002, 50.23
1377413007, 50.26
1377413012, 50.26
1377413017, 50.26
1377413022, 50.26
1377413027, 50.23
1377413032, 50.26
1377413037, 50.26
1377413042, 50.23
1377413047, 50.26
1377413052, 50.23
1377413057, 50.26
1377413062, 50.26
1377413067, 50.26
1377413072, 50.26
1377413077, 50.26
1377413082, 50.23
1377413087, 50.26
1377413092, 50.26
1377413097, 50.26
1377413102, 50.26
1377413107, 50.26
1377413112, 50.26
1377413117, 50.26
1377413122, 50.26
1377413127, 50.26
1377413132, 50.26
1377413137, 50.23
1377413142, 50.26
1377413147, 50.23
1377413152, 50.26
1377413157, 50.26
1377413162, 50.26
1377413167, 50.26
1377413172, 50.26
1377413177, 50.26
1377413182, 50.26
1377413187, 50.26
1377413192, 50.26
1377413197, 50.26
1377413202, 50.26
1377413207, 50.26
1377413212, 50.26
1377413217, 50.26
1377413222, 50.26
1377413227, 50.26
1377413232, 50.26
1377413237, 50.26
1377413242, 50.26
1377413247, 50.26
1377413252, 50.26
1377413257, 50.26
1377413262, 50.26
1377413267, 50.26
1377413272, 50.26
1377413277, 50.26
1377413282, 50.26
1377413287, 50.26
1377413292, 50.26
1377413297, 50.26
1377413302, 50.26
1377413307, 50.26
1377413312, 50.26
1377413317, 50.26
1377413322, 50.29
1377413327, 50.26
1377413332, 50.26
1377413337, 50.26
1377413342, 50.26
1377413347, 50.26
1377413352, 50.26
1377413357, 50.29
1377413362, 50.26
1377413367, 50.26
1377413372, 50.26
1377413377, 50.29
1377413382, 50.26
1377413387, 50.29
1377413392, 50.26
1377413397, 50.26
1377413402, 50.26
1377413407, 50.26
1377413412, 50.29
1377413417, 50.26
1377413422, 50.26
1377413427, 50.29
1377413432, 50.29
1377413437, 50.26
1377413442, 50.26
1377413447, 50.26
1377413452, 50.29
1377413457, 50.29
1377413462, 50.29
1377413467, 50.29
1377413472, 50.26
1377413477, 50.26
1377413482, 50.29
1377413487, 50.26
1377413492, 50.29
1377413497, 50.29
1377413502, 50.32
1377413507, 50.29
1377413512, 50.26
1377413517, 50.29
1377413522, 50.29
1377413527, 50.29
1377413532, 50.32
1377413537, 50.29
1377413542, 50.29
1377413547, 50.29
1377413552, 50.29
1377413557, 50.29
1377413562, 50.32
1377413567, 50.29
1377413572, 50.29
1377413577, 50.29
1377413582, 50.29
1377413587, 50.29
1377413592, 50.29
1377413597, 50.29
1377413602, 50.29
1377413607, 50.32
1377413612, 50.29
1377413617, 50.29
1377413622, 50.29
1377413627, 50.29
1377413632, 50.29
1377413637, 50.29
1377413642, 50.29
1377413647, 50.29
1377413652, 50.32
1377413657, 50.29
1377413662, 50.29
1377413667, 50.26
1377413672, 50.29
1377413677, 50.29
1377413682, 50.32
1377413687, 50.32
1377413692, 50.29
1377413697, 50.29
1377413702, 50.29
1377413707, 50.29
1377413712, 50.29
1377413717, 50.32
1377413722, 50.32
1377413727, 50.32
1377413732, 50.32
1377413737, 50.32
1377413742, 50.32
1377413747, 50.29
1377413752, 50.29
1377413757, 50.29
1377413762, 50.32
1377413767, 50.29
1377413772, 50.29
1377413777, 50.29
1377413782, 50.32
1377413787, 50.29
1377413792, 50.29
1377413797, 50.26
1377413802, 50.29
1377413807, 50.29
1377413812, 50.32
1377413817, 50.32
1377413822, 50.29
1377413827, 50.29
1377413832, 50.29
1377413837, 50.29
1377413842, 50.32
1377413847, 50.29
1377413852, 50.32
1377413857, 50.29
1377413862, 50.32
1377413867, 50.29
1377413872, 50.29
1377413877, 50.32
1377413882, 50.32
1377413887, 50.29
1377413892, 50.32
1377413897, 50.29
1377413902, 50.29
1377413907, 50.29
1377413912, 50.29
1377413917, 50.32
1377413922, 50.32
1377413927, 50.29
1377413932, 50.32
1377413937, 50.32
1377413942, 50.29
1377413947, 50.32
1377413952, 50.32
1377413957, 50.29
1377413962, 50.32
1377413967, 50.32
1377413972, 50.32
1377413977, 50.29
1377413982, 50.29
1377413987, 50.29
1377413994, 50.32
1377413997, 50.32
1377414002, 50.32
1377414007, 50.32
1377414012, 50.32
1377414017, 50.29
1377414022, 50.32
1377414027, 50.32
1377414032, 50.32
1377414037, 50.32
1377414042, 50.32
1377414047, 50.29
1377414052, 50.32
1377414057, 50.32
1377414062, 50.32
1377414067, 50.29
1377414072, 50.32
1377414077, 50.32
1377414082, 50.32
1377414087, 50.32
1377414092, 50.32
1377414097, 50.32
1377414102, 50.32
1377414107, 50.29
1377414112, 50.32
1377414117, 50.29
1377414122, 50.29
1377414127, 50.32
1377414132, 50.29
1377414137, 50.29
1377414142, 50.29
1377414147, 50.29
1377414152, 50.29
1377414157, 50.26
1377414162, 50.32
1377414167, 50.32
1377414172, 50.32
1377414177, 50.32
1377414182, 50.32
1377414187, 50.32
1377414192, 50.32
1377414197, 50.29
1377414202, 50.32
1377414207, 50.32
1377414212, 50.32
1377414217, 50.29
1377414222, 50.32
1377414227, 50.29
1377414232, 50.32
1377414237, 50.32
1377414242, 50.32
1377414247, 50.29
1377414252, 50.32
1377414257, 50.29
1377414262, 50.29
1377414267, 50.32
1377414272, 50.32
1377414277, 50.29
1377414282, 50.32
1377414287, 50.29
1377414292, 50.32
1377414297, 50.32
1377414302, 50.32
1377414307, 50.29
1377414312, 50.29
1377414317, 50.29
1377414322, 50.29
1377414327, 50.29
1377414332, 50.32
1377414337, 50.32
1377414342, 50.32
1377414347, 50.29
1377414352, 50.32
1377414357, 50.32
1377414362, 50.32
1377414367, 50.29
1377414372, 50.29
1377414377, 50.29
1377414382, 50.29
1377414387, 50.32
1377414392, 50.32
1377414397, 50.29
1377414402, 50.29
1377414407, 50.29
1377414412, 50.29
1377414417, 50.32
1377414422, 50.29
1377414427, 50.29
1377414432, 50.32
1377414437, 50.32
1377414442, 50.29
1377414447, 50.29
1377414452, 50.29
1377414457, 50.32
1377414462, 50.32
1377414467, 50.32
1377414472, 50.29
1377414477, 50.29
1377414482, 50.29
1377414487, 50.32
1377414492, 50.32
1377414497, 50.29
1377414502, 50.29
1377414507, 50.29
1377414512, 50.29
1377414517, 50.29
1377414522, 50.32
1377414527, 50.29
1377414532, 50.29
1377414537, 50.29
1377414542, 50.32
1377414547, 50.32
1377414552, 50.29
1377414557, 50.29
1377414562, 50.32
1377414567, 50.29
1377414572, 50.32
1377414577, 50.32
1377414582, 50.29
1377414587, 50.32
1377414592, 50.29
1377414597, 50.29
1377414602, 50.29
1377414607, 50.32
1377414612, 50.29
1377414617, 50.29
1377414622, 50.32
1377414627, 50.29
1377414632, 50.29
1377414637, 50.32
1377414642, 50.32
1377414647, 50.32
1377414652, 50.26
1377414657, 50.32
1377414662, 50.29
1377414667, 50.29
1377414672, 50.32
1377414677, 50.32
1377414682, 50.32
1377414687, 50.29
1377414692, 50.32
1377414697, 50.29
1377414702, 50.29
1377414707, 50.29
1377414712, 50.29
1377414717, 50.32
1377414722, 50.29
1377414727, 50.32
1377414732, 50.32
1377414737, 50.29
1377414742, 50.32
1377414747, 50.32
1377414752, 50.29
1377414757, 50.29
1377414762, 50.29
1377414767, 50.32
1377414772, 50.29
1377414777, 50.32
1377414782, 50.32
1377414787, 50.32
1377414792, 50.32
1377414797, 50.29
1377414802, 50.29
1377414807, 50.32
1377414812, 50.32
1377414817, 50.32
1377414822, 50.29
1377414827, 50.29
1377414832, 50.29
1377414837, 50.29
1377414842, 50.32
1377414847, 50.32
1377414852, 50.29
1377414857, 50.29
1377414862, 50.32
1377414867, 50.32
1377414872, 50.32
1377414877, 50.29
1377414882, 50.32
1377414887, 50.32
1377414892, 50.32
1377414897, 50.32
1377414902, 50.32
1377414907, 50.32
1377414912, 50.32
1377414917, 50.29
1377414922, 50.29
1377414927, 50.29
1377414932, 50.32
1377414937, 50.32
1377414942, 50.32
1377414947, 50.32
1377414952, 50.32
1377414957, 50.32
1377414962, 50.32
1377414967, 50.32
1377414972, 50.32
1377414977, 50.32
1377414982, 50.32
1377414987, 50.32
1377414992, 50.32
1377414997, 50.32
1377415002, 50.32
1377415007, 50.32
1377415012, 50.32
1377415017, 50.32
1377415022, 50.32
1377415027, 50.32
1377415032, 50.32
1377415037, 50.32
1377415042, 50.32
1377415047, 50.32
1377415052, 50.32
1377415057, 50.32
1377415062, 50.32
1377415067, 50.32
1377415072, 50.32
1377415077, 50.32
1377415082, 50.32
1377415087, 50.32
1377415092, 50.32
1377415097, 50.32
1377415102, 50.32
1377415107, 50.32
1377415112, 50.32
1377415117, 50.32
1377415122, 50.32
1377415127, 50.32
1377415132, 50.32
1377415137, 50.32
1377415142, 50.32
1377415147, 50.32
1377415152, 50.32
1377415157, 50.35
1377415162, 50.32
1377415167, 50.32
1377415172, 50.32
1377415177, 50.32
1377415182, 50.32
1377415187, 50.32
1377415192, 50.35
1377415197, 50.32
1377415202, 50.35
1377415207, 50.32
1377415212, 50.32
1377415217, 50.35
1377415222, 50.35
1377415227, 50.35
1377415232, 50.32
1377415237, 50.32
1377415242, 50.35
1377415247, 50.35
1377415252, 50.32
1377415257, 50.32
1377415262, 50.32
1377415267, 50.35
1377415272, 50.35
1377415277, 50.32
1377415282, 50.35
1377415287, 50.32
1377415292, 50.35
1377415297, 50.35
1377415302, 50.35
1377415307, 50.32
1377415312, 50.35
1377415317, 50.35
1377415322, 50.39
1377415327, 50.35
1377415332, 50.35
1377415337, 50.35
1377415342, 50.39
1377415347, 50.35
1377415352, 50.35
1377415357, 50.32
1377415362, 50.39
1377415367, 50.39
1377415372, 50.35
1377415377, 50.35
1377415382, 50.39
1377415387, 50.35
1377415392, 50.39
1377415397, 50.39
1377415402, 50.39
1377415407, 50.35
1377415412, 50.35
1377415417, 50.39
1377415422, 50.35
1377415427, 50.35
1377415432, 50.39
1377415437, 50.39
1377415442, 50.39
1377415447, 50.39
1377415452, 50.39
1377415457, 50.39
1377415462, 50.35
1377415467, 50.35
1377415472, 50.39
1377415477, 50.39
1377415482, 50.39
1377415487, 50.35
1377415492, 50.39
1377415497, 50.39
1377415502, 50.39
1377415507, 50.39
1377415512, 50.39
1377415517, 50.39
1377415522, 50.39
1377415527, 50.39
1377415532, 50.39
1377415537, 50.39
1377415542, 50.39
1377415547, 50.39
1377415552, 50.39
1377415557, 50.39
1377415562, 50.39
1377415567, 50.39
1377415572, 50.39
1377415577, 50.39
1377415582, 50.39
1377415587, 50.39
1377415592, 50.39
1377415597, 50.39
1377415602, 50.39
1377415607, 50.39
1377415612, 50.39
1377415617, 50.39
1377415622, 50.39
1377415627, 50.39
1377415632, 50.39
1377415637, 50.39
1377415642, 50.42
1377415647, 50.39
1377415652, 50.39
1377415657, 50.42
1377415662, 50.42
1377415667, 50.39
1377415672, 50.42
1377415677, 50.42
1377415682, 50.39
1377415687, 50.42
1377415692, 50.39
1377415697, 50.39
1377415702, 50.42
1377415707, 50.42
1377415712, 50.42
1377415717, 50.42
1377415722, 50.39
1377415727, 50.42
1377415732, 50.45
1377415737, 50.42
1377415742, 50.42
1377415747, 50.42
1377415752, 50.42
1377415762, 50.42
1377415767, 50.42
1377415772, 50.39
1377415777, 50.42
1377415782, 50.42
1377415787, 50.39
1377415792, 50.42
1377415797, 50.42
1377415802, 50.42
1377415807, 50.42
1377415812, 50.42
1377415817, 50.42
1377415822, 50.42
1377415827, 50.45
1377415832, 50.42
1377415837, 50.45
1377415842, 50.42
1377415847, 50.45
1377415852, 50.45
1377415857, 50.42
1377415862, 50.45
1377415867, 50.45
1377415872, 50.42
1377415877, 50.42
1377415882, 50.42
1377415887, 50.42
1377415892, 50.42
1377415897, 50.45
1377415902, 50.42
1377415907, 50.45
1377415912, 50.42
1377415917, 50.42
1377415922, 50.45
1377415927, 50.45
1377415932, 50.45
1377415937, 50.45
1377415942, 50.42
1377415947, 50.45
1377415952, 50.45
1377415957, 50.45
1377415962, 50.45
1377415967, 50.45
1377415972, 50.45
1377415977, 50.45
1377415982, 50.45
1377415987, 50.45
1377415992, 50.42
1377415997, 50.45
1377416002, 50.45
1377416007, 50.45
1377416012, 50.45
1377416017, 50.45
1377416022, 50.45
1377416027, 50.45
1377416032, 50.45
1377416037, 50.45
1377416042, 50.45
1377416047, 50.45
1377416052, 50.45
1377416057, 50.45
1377416062, 50.45
1377416067, 50.45
1377416072, 50.45
1377416077, 50.45
1377416082, 50.45
1377416087, 50.45
1377416092, 50.45
1377416097, 50.45
1377416102, 50.45
1377416107, 50.45
1377416112, 50.48
1377416117, 50.45
1377416122, 50.48
1377416127, 50.45
1377416132, 50.45
1377416137, 50.45
1377416142, 50.45
1377416147, 50.45
1377416152, 50.48
1377416157, 50.45
1377416162, 50.45
1377416167, 50.48
1377416172, 50.45
1377416177, 50.45
1377416182, 50.45
1377416187, 50.45
1377416192, 50.45
1377416197, 50.45
1377416202, 50.48
1377416207, 50.45
1377416212, 50.48
1377416217, 50.45
1377416222, 50.45
1377416227, 50.45
1377416232, 50.45
1377416237, 50.45
1377416242, 50.48
1377416247, 50.48
1377416252, 50.45
1377416257, 50.45
1377416262, 50.45
1377416267, 50.45
1377416272, 50.45
1377416277, 50.45
1377416282, 50.45
1377416287, 50.45
1377416292, 50.45
1377416297, 50.45
1377416302, 50.45
1377416307, 50.48
1377416312, 50.45
1377416317, 50.45
1377416322, 50.48
1377416327, 50.45
1377416332, 50.45
1377416337, 50.48
1377416342, 50.48
1377416347, 50.48
1377416352, 50.45
1377416357, 50.48
1377416362, 50.48
1377416367, 50.48
1377416372, 50.48
1377416377, 50.48
1377416382, 50.48
1377416387, 50.48
1377416392, 50.45
1377416397, 50.48
1377416402, 50.48
1377416407, 50.45
1377416412, 50.48
1377416417, 50.48
1377416422, 50.48
1377416427, 50.48
1377416432, 50.51
1377416437, 50.48
1377416442, 50.51
1377416447, 50.48
1377416452, 50.48
1377416457, 50.48
1377416462, 50.51
1377416467, 50.48
1377416472, 50.48
1377416477, 50.48
1377416482, 50.51
1377416487, 50.48
1377416492, 50.51
1377416497, 50.48
1377416502, 50.48
1377416507, 50.51
1377416512, 50.51
1377416517, 50.51
1377416522, 50.48
1377416527, 50.51
1377416532, 50.51
1377416537, 50.51
1377416542, 50.51
1377416547, 50.48
1377416552, 50.51
1377416557, 50.51
1377416562, 50.51
1377416567, 50.48
1377416572, 50.51
1377416577, 50.51
1377416582, 50.51
1377416587, 50.51
1377416592, 50.51
1377416597, 50.51
1377416602, 50.51
1377416607, 50.51
1377416612, 50.51
1377416617, 50.51
1377416622, 50.51
1377416627, 50.51
1377416632, 50.51
1377416637, 50.51
1377416642, 50.51
1377416647, 50.51
1377416652, 50.51
1377416657, 50.51
1377416662, 50.51
1377416667, 50.51
1377416672, 50.51
1377416677, 50.55
1377416682, 50.55
1377416687, 50.51
1377416692, 50.55
1377416697, 50.51
1377416702, 50.55
1377416707, 50.55
1377416712, 50.51
1377416717, 50.51
1377416722, 50.55
1377416727, 50.51
1377416732, 50.55
1377416737, 50.55
1377416742, 50.51
1377416747, 50.51
1377416752, 50.51
1377416757, 50.55
1377416762, 50.55
1377416767, 50.51
1377416772, 50.55
1377416777, 50.55
1377416782, 50.55
1377416787, 50.51
1377416792, 50.55
1377416797, 50.51
1377416802, 50.55
1377416807, 50.55
1377416812, 50.55
1377416817, 50.55
1377416822, 50.55
1377416827, 50.55
1377416832, 50.58
1377416837, 50.55
1377416842, 50.55
1377416847, 50.58
1377416852, 50.58
1377416857, 50.55
1377416862, 50.55
1377416867, 50.55
1377416872, 50.58
1377416877, 50.55
1377416882, 50.55
1377416887, 50.58
1377416892, 50.58
1377416897, 50.58
1377416902, 50.58
1377416907, 50.58
1377416912, 50.58
1377416917, 50.58
1377416922, 50.58
1377416927, 50.58
1377416932, 50.58
1377416937, 50.58
1377416942, 50.58
1377416947, 50.58
1377416952, 50.58
1377416957, 50.58
1377416962, 50.58
1377416967, 50.58
1377416972, 50.58
1377416977, 50.58
1377416982, 50.58
1377416987, 50.58
1377416992, 50.58
1377416997, 50.58
1377417002, 50.58
1377417007, 50.58
1377417012, 50.58
1377417017, 50.58
1377417022, 50.58
1377417027, 50.58
1377417032, 50.58
1377417037, 50.58
1377417042, 50.58
1377417047, 50.58
1377417052, 50.58
1377417057, 50.61
1377417062, 50.58
1377417067, 50.61
1377417072, 50.61
1377417077, 50.58
1377417082, 50.61
1377417087, 50.61
1377417092, 50.61
1377417097, 50.58
1377417102, 50.61
1377417107, 50.61
1377417112, 50.61
1377417117, 50.61
1377417122, 50.61
1377417127, 50.58
1377417132, 50.61
1377417137, 50.61
1377417142, 50.64
1377417147, 50.61
1377417152, 50.61
1377417157, 50.64
1377417162, 50.61
1377417167, 50.61
1377417172, 50.61
1377417177, 50.61
1377417182, 50.61
1377417187, 50.61
1377417192, 50.64
1377417197, 50.64
1377417202, 50.64
1377417207, 50.64
1377417212, 50.64
1377417217, 50.64
1377417222, 50.64
1377417227, 50.64
1377417232, 50.64
1377417237, 50.64
1377417242, 50.64
1377417247, 50.64
1377417252, 50.64
1377417257, 50.64
1377417262, 50.64
1377417267, 50.64
1377417272, 50.64
1377417277, 50.64
1377417282, 50.64
1377417287, 50.64
1377417292, 50.64
1377417297, 50.64
1377417302, 50.64
1377417307, 50.67
1377417312, 50.64
1377417317, 50.64
1377417322, 50.64
1377417327, 50.64
1377417332, 50.64
1377417337, 50.64
1377417342, 50.64
1377417347, 50.64
1377417352, 50.64
1377417357, 50.64
1377417362, 50.64
1377417367, 50.64
1377417372, 50.64
1377417377, 50.64
1377417382, 50.67
1377417387, 50.64
1377417392, 50.64
1377417397, 50.64
1377417402, 50.67
1377417407, 50.67
1377417412, 50.64
1377417417, 50.64
1377417422, 50.67
1377417427, 50.67
1377417433, 50.64
1377417437, 50.67
1377417442, 50.67
1377417447, 50.67
1377417452, 50.71
1377417457, 50.67
1377417462, 50.67
1377417467, 50.67
1377417472, 50.67
1377417477, 50.67
1377417482, 50.71
1377417487, 50.71
1377417492, 50.67
1377417497, 50.67
1377417502, 50.71
1377417507, 50.71
1377417512, 50.71
1377417517, 50.71
1377417522, 50.71
1377417527, 50.71
1377417532, 50.71
1377417537, 50.71
1377417542, 50.71
1377417547, 50.71
1377417552, 50.71
1377417557, 50.71
1377417562, 50.71
1377417567, 50.71
1377417572, 50.71
1377417577, 50.71
1377417582, 50.71
1377417587, 50.71
1377417592, 50.71
1377417597, 50.71
1377417602, 50.71
1377417607, 50.71
1377417612, 50.71
1377417617, 50.71
1377417622, 50.71
1377417627, 50.71
1377417632, 50.71
1377417637, 50.71
1377417642, 50.71
1377417647, 50.71
1377417652, 50.71
1377417657, 50.71
1377417662, 50.71
1377417667, 50.71
1377417672, 50.74
1377417677, 50.71
1377417682, 50.71
1377417687, 50.71
1377417692, 50.71
1377417697, 50.74
1377417702, 50.77
1377417707, 50.74
1377417712, 50.74
1377417717, 50.74
1377417722, 50.77
1377417727, 50.74
1377417732, 50.74
1377417737, 50.74
1377417742, 50.74
1377417747, 50.74
1377417752, 50.74
1377417757, 50.74
1377417762, 50.74
1377417767, 50.74
1377417772, 50.74
1377417777, 50.77
1377417782, 50.74
1377417787, 50.77
1377417792, 50.74
1377417797, 50.74
1377417802, 50.74
1377417807, 50.77
1377417812, 50.77
1377417817, 50.77
1377417822, 50.77
1377417827, 50.77
1377417832, 50.77
1377417837, 50.77
1377417842, 50.77
1377417847, 50.77
1377417852, 50.77
1377417857, 50.77
1377417862, 50.77
1377417867, 50.77
1377417872, 50.77
1377417877, 50.77
1377417882, 50.77
1377417887, 50.77
1377417892, 50.77
1377417897, 50.80
1377417902, 50.77
1377417907, 50.77
1377417912, 50.77
1377417917, 50.80
1377417922, 50.77
1377417927, 50.80
1377417932, 50.77
1377417937, 50.80
1377417942, 50.80
1377417947, 50.80
1377417952, 50.80
1377417957, 50.80
1377417962, 50.77
1377417967, 50.80
1377417972, 50.77
1377417977, 50.77
1377417982, 50.80
1377417987, 50.80
1377417992, 50.80
1377417997, 50.80
1377418002, 50.80
1377418007, 50.83
1377418012, 50.80
1377418017, 50.83
1377418022, 50.80
1377418027, 50.80
1377418032, 50.80
1377418037, 50.83
1377418042, 50.83
1377418047, 50.80
1377418052, 50.83
1377418057, 50.83
1377418062, 50.83
1377418067, 50.83
1377418072, 50.83
1377418077, 50.83
1377418082, 50.83
1377418087, 50.83
1377418092, 50.83
1377418097, 50.87
1377418102, 50.83
1377418107, 50.83
1377418112, 50.83
1377418117, 50.83
1377418122, 50.87
1377418127, 50.87
1377418132, 50.83
1377418137, 50.83
1377418142, 50.87
1377418147, 50.87
1377418152, 50.87
1377418157, 50.83
1377418162, 50.87
1377418167, 50.87
1377418172, 50.83
1377418177, 50.87
1377418182, 50.83
1377418187, 50.87
1377418192, 50.87
1377418197, 50.87
1377418202, 50.87
1377418207, 50.87
1377418212, 50.87
1377418217, 50.87
1377418222, 50.87
1377418227, 50.87
1377418232, 50.90
1377418237, 50.87
1377418242, 50.87
1377418247, 50.87
1377418252, 50.90
1377418257, 50.90
1377418262, 50.90
1377418267, 50.90
1377418272, 50.90
1377418277, 50.90
1377418282, 50.90
1377418287, 50.90
1377418292, 50.87
1377418297, 50.90
1377418302, 50.90
1377418307, 50.90
1377418312, 50.90
1377418317, 50.90
1377418322, 50.90
1377418327, 50.90
1377418332, 50.90
1377418337, 50.90
1377418342, 50.90
1377418347, 50.90
1377418352, 50.90
1377418357, 50.90
1377418362, 50.90
1377418367, 50.90
1377418372, 50.90
1377418377, 50.90
1377418382, 50.90
1377418387, 50.90
1377418392, 50.93
1377418397, 50.93
1377418402, 50.90
1377418407, 50.90
1377418412, 50.93
1377418417, 50.93
1377418422, 50.93
1377418427, 50.93
1377418432, 50.93
1377418437, 50.93
1377418442, 50.96
1377418447, 50.93
1377418452, 50.93
1377418457, 50.93
1377418462, 50.93
1377418467, 50.93
1377418472, 50.93
1377418477, 50.93
1377418482, 50.96
1377418487, 50.96
1377418492, 50.93
1377418497, 50.96
1377418502, 50.93
1377418507, 50.96
1377418512, 50.93
1377418517, 50.96
1377418522, 50.93
1377418527, 50.96
1377418532, 50.96
1377418537, 50.96
1377418542, 50.96
1377418547, 50.96
1377418552, 50.96
1377418557, 50.96
1377418562, 50.96
1377418567, 50.96
1377418572, 50.96
1377418577, 50.96
1377418582, 50.96
1377418587, 50.96
1377418592, 50.96
1377418597, 50.96
1377418602, 50.96
1377418607, 50.99
1377418612, 50.96
1377418617, 50.96
1377418622, 50.99
1377418627, 50.99
1377418632, 50.99
1377418637, 50.96
1377418642, 50.99
1377418647, 50.96
1377418652, 50.96
1377418657, 50.99
1377418662, 50.99
1377418667, 51.03
1377418672, 50.99
1377418677, 50.99
1377418682, 50.99
1377418687, 50.99
1377418692, 50.99
1377418697, 50.99
1377418702, 50.99
1377418707, 50.99
1377418712, 50.99
1377418717, 50.99
1377418722, 50.99
1377418727, 51.03
1377418732, 51.03
1377418737, 51.03
1377418742, 50.99
1377418747, 51.03
1377418752, 51.03
1377418757, 51.03
1377418762, 51.03
1377418767, 51.03
1377418772, 51.03
1377418777, 51.03
1377418782, 51.03
1377418787, 51.03
1377418792, 51.03
1377418797, 51.03
1377418802, 51.03
1377418807, 51.03
1377418812, 51.03
1377418817, 51.03
1377418822, 51.03
1377418827, 51.03
1377418832, 51.03
1377418837, 51.03
1377418842, 51.03
1377418847, 51.03
1377418852, 51.03
1377418857, 51.03
1377418862, 51.03
1377418867, 51.03
1377418872, 51.06
1377418877, 51.03
1377418882, 51.03
1377418887, 51.06
1377418892, 51.06
1377418897, 51.03
1377418902, 51.06
1377418907, 51.06
1377418912, 51.03
1377418917, 51.06
1377418922, 51.06
1377418927, 51.03
1377418932, 51.06
1377418937, 51.06
1377418942, 51.06
1377418947, 51.03
1377418952, 51.06
1377418957, 51.06
1377418962, 51.06
1377418967, 51.06
1377418972, 51.06
1377418977, 51.06
1377418982, 51.06
1377418987, 51.06
1377418992, 51.06
1377418997, 51.06
1377419002, 51.06
1377419007, 51.06
1377419012, 51.06
1377419017, 51.09
1377419022, 51.06
1377419027, 51.09
1377419032, 51.06
1377419037, 51.06
1377419042, 51.06
1377419047, 51.09
1377419052, 51.09
1377419057, 51.09
1377419062, 51.09
1377419067, 51.09
1377419072, 51.09
1377419077, 51.09
1377419082, 51.09
1377419087, 51.09
1377419092, 51.09
1377419097, 51.09
1377419102, 51.09
1377419107, 51.09
1377419112, 51.09
1377419117, 51.09
1377419122, 51.09
1377419127, 51.09
1377419132, 51.09
1377419137, 51.09
1377419142, 51.09
1377419147, 51.09
1377419152, 51.09
1377419157, 51.09
1377419162, 51.09
1377419167, 51.09
1377419172, 51.09
1377419177, 51.09
1377419182, 51.09
1377419187, 51.09
1377419192, 51.09
1377419197, 51.09
1377419202, 51.09
1377419207, 51.12
1377419212, 51.09
1377419217, 51.12
1377419222, 51.09
1377419227, 51.12
1377419232, 51.12
1377419237, 51.09
1377419242, 51.12
1377419247, 51.09
1377419252, 51.12
1377419257, 51.12
1377419262, 51.12
1377419267, 51.12
1377419272, 51.12
1377419277, 51.12
1377419282, 51.12
1377419287, 51.12
1377419292, 51.15
1377419297, 51.15
1377419302, 51.12
1377419307, 51.12
1377419312, 51.12
1377419317, 51.15
1377419322, 51.15
1377419327, 51.15
1377419332, 51.15
1377419337, 51.12
1377419342, 51.15
1377419347, 51.15
1377419352, 51.15
1377419357, 51.15
1377419362, 51.15
1377419367, 51.15
1377419372, 51.12
1377419377, 51.15
1377419382, 51.15
1377419387, 51.15
1377419392, 51.15
1377419397, 51.15
1377419402, 51.15
1377419407, 51.15
1377419412, 51.15
1377419417, 51.15
1377419422, 51.19
1377419427, 51.15
1377419432, 51.19
1377419437, 51.15
1377419442, 51.19
1377419447, 51.15
1377419452, 51.15
1377419457, 51.19
1377419462, 51.19
1377419467, 51.15
1377419472, 51.15
1377419477, 51.19
1377419482, 51.19
1377419487, 51.19
1377419492, 51.19
1377419497, 51.19
1377419502, 51.19
1377419507, 51.19
1377419512, 51.19
1377419517, 51.19
1377419522, 51.19
1377419527, 51.22
1377419532, 51.19
1377419537, 51.22
1377419542, 51.19
1377419547, 51.22
1377419552, 51.19
1377419557, 51.19
1377419562, 51.22
1377419567, 51.22
1377419572, 51.22
1377419577, 51.22
1377419582, 51.19
1377419587, 51.22
1377419592, 51.22
1377419597, 51.22
1377419602, 51.22
1377419607, 51.22
1377419612, 51.22
1377419617, 51.22
1377419622, 51.22
1377419627, 51.22
1377419632, 51.22
1377419637, 51.22
1377419642, 51.22
1377419647, 51.22
1377419652, 51.22
1377419657, 51.22
1377419662, 51.22
1377419667, 51.22
1377419672, 51.22
1377419677, 51.22
1377419682, 51.25
1377419687, 51.25
1377419692, 51.22
1377419697, 51.25
1377419702, 51.22
1377419707, 51.22
1377419712, 51.22
1377419717, 51.22
1377419722, 51.25
1377419727, 51.25
1377419732, 51.22
1377419737, 51.22
1377419742, 51.22
1377419747, 51.25
1377419752, 51.25
1377419757, 51.28
1377419762, 51.25
1377419767, 51.28
1377419772, 51.25
1377419777, 51.25
1377419782, 51.25
1377419787, 51.25
1377419792, 51.25
1377419797, 51.25
1377419802, 51.28
1377419807, 51.25
1377419812, 51.28
1377419817, 51.28
1377419822, 51.28
1377419827, 51.28
1377419832, 51.28
1377419837, 51.28
1377419842, 51.28
1377419847, 51.25
1377419852, 51.28
1377419857, 51.28
1377419862, 51.28
1377419867, 51.28
1377419872, 51.28
1377419877, 51.28
1377419882, 51.28
1377419887, 51.28
1377419892, 51.28
1377419897, 51.28
1377419902, 51.28
1377419907, 51.28
1377419912, 51.28
1377419917, 51.28
1377419922, 51.28
1377419927, 51.28
1377419932, 51.28
1377419937, 51.28
1377419942, 51.28
1377419947, 51.28
1377419952, 51.28
1377419957, 51.28
1377419962, 51.31
1377419967, 51.28
1377419972, 51.28
1377419977, 51.28
1377419982, 51.31
1377419987, 51.31
1377419992, 51.28
1377419997, 51.31
1377420002, 51.28
1377420007, 51.31
1377420012, 51.31
1377420017, 51.31
1377420022, 51.31
1377420027, 51.31
1377420032, 51.28
1377420037, 51.31
1377420042, 51.31
1377420047, 51.31
1377420052, 51.31
1377420057, 51.35
1377420062, 51.31
1377420067, 51.31
1377420072, 51.31
1377420077, 51.35
1377420082, 51.31
1377420087, 51.35
1377420092, 51.31
1377420097, 51.31
1377420102, 51.35
1377420107, 51.35
1377420112, 51.31
1377420117, 51.35
1377420122, 51.31
1377420127, 51.35
1377420132, 51.31
1377420137, 51.35
1377420142, 51.35
1377420147, 51.35
1377420152, 51.35
1377420157, 51.35
1377420162, 51.35
1377420167, 51.31
1377420172, 51.35
1377420177, 51.35
1377420182, 51.35
1377420187, 51.35
1377420192, 51.35
1377420197, 51.35
1377420202, 51.35
1377420207, 51.35
1377420212, 51.35
1377420217, 51.35
1377420222, 51.35
1377420227, 51.35
1377420232, 51.35
1377420237, 51.35
1377420242, 51.35
1377420247, 51.38
1377420252, 51.38
1377420257, 51.38
1377420262, 51.38
1377420267, 51.35
1377420272, 51.38
1377420277, 51.38
1377420282, 51.38
1377420287, 51.35
1377420292, 51.35
1377420297, 51.38
1377420302, 51.38
1377420307, 51.35
1377420312, 51.38
1377420317, 51.38
1377420322, 51.38
1377420327, 51.38
1377420332, 51.38
1377420337, 51.41
1377420342, 51.38
1377420347, 51.41
1377420352, 51.38
1377420357, 51.41
1377420362, 51.41
1377420367, 51.38
1377420372, 51.41
1377420377, 51.41
1377420382, 51.38
1377420387, 51.38
1377420392, 51.38
1377420397, 51.41
1377420402, 51.41
1377420407, 51.41
1377420412, 51.41
1377420417, 51.41
1377420422, 51.41
1377420427, 51.41
1377420432, 51.41
1377420437, 51.41
1377420442, 51.41
1377420447, 51.41
1377420452, 51.41
1377420457, 51.41
1377420462, 51.41
1377420467, 51.41
1377420472, 51.41
1377420477, 51.41
1377420482, 51.41
1377420487, 51.41
1377420492, 51.41
1377420497, 51.41
1377420502, 51.41
1377420507, 51.41
1377420512, 51.41
1377420517, 51.41
1377420522, 51.41
1377420527, 51.41
1377420532, 51.41
1377420537, 51.41
1377420542, 51.41
1377420547, 51.44
1377420552, 51.41
1377420557, 51.41
1377420562, 51.41
1377420567, 51.41
1377420572, 51.44
1377420577, 51.44
1377420582, 51.41
1377420587, 51.44
1377420592, 51.44
1377420597, 51.41
1377420602, 51.41
1377420607, 51.41
1377420612, 51.44
1377420617, 51.44
1377420622, 51.47
1377420627, 51.44
1377420632, 51.44
1377420637, 51.44
1377420642, 51.44
1377420647, 51.44
1377420652, 51.47
1377420657, 51.44
1377420662, 51.41
1377420667, 51.44
1377420672, 51.44
1377420677, 51.44
1377420682, 51.47
1377420687, 51.44
1377420692, 51.44
1377420697, 51.47
1377420702, 51.44
1377420707, 51.44
1377420712, 51.44
1377420717, 51.44
1377420722, 51.47
1377420727, 51.44
1377420732, 51.44
1377420737, 51.47
1377420742, 51.44
1377420747, 51.47
1377420752, 51.47
1377420757, 51.44
1377420762, 51.44
1377420767, 51.44
1377420772, 51.44
1377420777, 51.47
1377420782, 51.44
1377420787, 51.47
1377420792, 51.47
1377420797, 51.47
1377420802, 51.44
1377420807, 51.47
1377420812, 51.47
1377420817, 51.47
1377420823, 51.47
1377420827, 51.47
1377420832, 51.47
1377420837, 51.47
1377420842, 51.47
1377420847, 51.47
1377420852, 51.47
1377420857, 51.47
1377420862, 51.47
1377420867, 51.51
1377420872, 51.47
1377420877, 51.47
1377420882, 51.47
1377420887, 51.47
1377420892, 51.47
1377420897, 51.47
1377420902, 51.47
1377420907, 51.47
1377420912, 51.47
1377420917, 51.51
1377420922, 51.47
1377420927, 51.47
1377420932, 51.47
1377420937, 51.47
1377420942, 51.51
1377420947, 51.51
1377420952, 51.51
1377420957, 51.51
1377420962, 51.51
1377420967, 51.51
1377420972, 51.51
1377420977, 51.51
1377420982, 51.51
1377420987, 51.51
1377420992, 51.51
1377420997, 51.51
1377421002, 51.47
1377421007, 51.51
1377421012, 51.51
1377421017, 51.51
1377421022, 51.51
1377421027, 51.51
1377421032, 51.54
1377421037, 51.51
1377421042, 51.51
1377421047, 51.51
1377421052, 51.51
1377421057, 51.51
1377421062, 51.51
1377421067, 51.51
1377421072, 51.54
1377421077, 51.51
1377421082, 51.51
1377421087, 51.51
1377421092, 51.51
1377421097, 51.54
1377421102, 51.51
1377421107, 51.51
1377421112, 51.51
1377421117, 51.51
1377421122, 51.51
1377421127, 51.54
1377421132, 51.54
1377421137, 51.51
1377421142, 51.54
1377421147, 51.54
1377421152, 51.51
1377421157, 51.54
1377421162, 51.54
1377421167, 51.54
1377421172, 51.54
1377421177, 51.54
1377421182, 51.54
1377421187, 51.54
1377421192, 51.54
1377421197, 51.54
1377421202, 51.54
1377421207, 51.54
1377421212, 51.54
1377421217, 51.54
1377421222, 51.54
1377421227, 51.54
1377421232, 51.54
1377421237, 51.54
1377421242, 51.54
1377421247, 51.54
1377421252, 51.57
1377421257, 51.54
1377421262, 51.54
1377421267, 51.54
1377421272, 51.54
1377421277, 51.54
1377421282, 51.54
1377421287, 51.54
1377421292, 51.54
1377421297, 51.54
1377421302, 51.54
1377421307, 51.54
1377421312, 51.54
1377421317, 51.54
1377421322, 51.57
1377421327, 51.54
1377421332, 51.54
1377421337, 51.54
1377421342, 51.54
1377421347, 51.57
1377421352, 51.54
1377421357, 51.57
1377421362, 51.54
1377421367, 51.54
1377421372, 51.54
1377421377, 51.57
1377421382, 51.54
1377421387, 51.57
1377421392, 51.54
1377421397, 51.57
1377421402, 51.57
1377421407, 51.57
1377421412, 51.57
1377421417, 51.57
1377421422, 51.57
1377421427, 51.57
1377421432, 51.54
1377421437, 51.54
1377421442, 51.54
1377421447, 51.57
1377421452, 51.57
1377421457, 51.54
1377421462, 51.54
1377421467, 51.57
1377421472, 51.57
1377421477, 51.57
1377421482, 51.57
1377421487, 51.57
1377421492, 51.54
1377421497, 51.57
1377421502, 51.57
1377421507, 51.57
1377421512, 51.57
1377421517, 51.54
1377421522, 51.57
1377421527, 51.57
1377421532, 51.57
1377421537, 51.57
1377421542, 51.57
1377421547, 51.57
1377421552, 51.57
1377421557, 51.57
1377421562, 51.57
1377421567, 51.54
1377421572, 51.54
1377421577, 51.57
1377421582, 51.57
1377421587, 51.57
1377421592, 51.57
1377421597, 51.57
1377421602, 51.54
1377421607, 51.54
1377421612, 51.57
1377421617, 51.54
1377421622, 51.57
1377421627, 51.57
1377421632, 51.57
1377421637, 51.54
1377421642, 51.60
1377421647, 51.57
1377421652, 51.57
1377421657, 51.57
1377421662, 51.57
1377421667, 51.57
1377421672, 51.57
1377421677, 51.57
1377421682, 51.60
1377421687, 51.60
1377421692, 51.57
1377421697, 51.57
1377421702, 51.57
1377421707, 51.57
1377421712, 51.60
1377421717, 51.60
1377421722, 51.60
1377421727, 51.57
1377421732, 51.57
1377421737, 51.57
1377421742, 51.60
1377421747, 51.60
1377421752, 51.60
1377421757, 51.60
1377421762, 51.57
1377421767, 51.60
1377421772, 51.60
1377421777, 51.60
1377421782, 51.60
1377421787, 51.60
1377421792, 51.57
1377421797, 51.60
1377421802, 51.60
1377421807, 51.60
1377421812, 51.60
1377421817, 51.60
1377421822, 51.60
1377421827, 51.60
1377421832, 51.60
1377421837, 51.60
1377421842, 51.57
1377421847, 51.60
1377421852, 51.60
1377421857, 51.60
1377421862, 51.60
1377421867, 51.60
1377421872, 51.60
1377421877, 51.60
1377421882, 51.60
1377421887, 51.60
1377421892, 51.60
1377421897, 51.60
1377421902, 51.60
1377421907, 51.60
1377421912, 51.60
1377421917, 51.60
1377421922, 51.63
1377421927, 51.60
1377421932, 51.60
1377421937, 51.60
1377421942, 51.60
1377421947, 51.60
1377421952, 51.60
1377421957, 51.60
1377421962, 51.60
1377421967, 51.60
1377421972, 51.60
1377421977, 51.60
1377421982, 51.60
1377421987, 51.63
1377421992, 51.63
1377421997, 51.60
1377422002, 51.60
1377422007, 51.60
1377422012, 51.63
1377422017, 51.63
1377422022, 51.63
1377422027, 51.60
1377422032, 51.60
1377422037, 51.60
1377422042, 51.63
1377422047, 51.63
1377422052, 51.63
1377422057, 51.63
1377422062, 51.60
1377422067, 51.63
1377422072, 51.67
1377422077, 51.60
1377422082, 51.63
1377422087, 51.63
1377422092, 51.63
1377422097, 51.63
1377422102, 51.63
1377422107, 51.63
1377422112, 51.63
1377422117, 51.63
1377422122, 51.63
1377422127, 51.63
1377422132, 51.67
1377422137, 51.63
1377422142, 51.67
1377422147, 51.63
1377422152, 51.63
1377422157, 51.63
1377422162, 51.63
1377422167, 51.63
1377422172, 51.67
1377422177, 51.63
1377422182, 51.63
1377422187, 51.63
1377422192, 51.63
1377422197, 51.67
1377422202, 51.63
1377422207, 51.67
1377422212, 51.67
1377422217, 51.67
1377422222, 51.63
1377422227, 51.67
1377422232, 51.67
1377422237, 51.67
1377422242, 51.63
1377422247, 51.63
1377422252, 51.63
1377422257, 51.67
1377422262, 51.67
1377422267, 51.67
1377422272, 51.67
1377422277, 51.67
1377422282, 51.67
1377422287, 51.67
1377422292, 51.67
1377422297, 51.67
1377422302, 51.67
1377422307, 51.67
1377422312, 51.67
1377422317, 51.67
1377422322, 51.67
1377422327, 51.67
1377422332, 51.67
1377422337, 51.67
1377422342, 51.67
1377422347, 51.67
1377422352, 51.67
1377422357, 51.67
1377422362, 51.67
1377422367, 51.67
1377422372, 51.67
1377422377, 51.67
1377422382, 51.67
1377422387, 51.67
1377422392, 51.67
1377422397, 51.67
1377422402, 51.70
1377422407, 51.67
1377422412, 51.67
1377422417, 51.67
1377422422, 51.70
1377422427, 51.67
1377422432, 51.70
1377422437, 51.67
1377422442, 51.67
1377422447, 51.70
1377422452, 51.70
1377422457, 51.67
1377422462, 51.70
1377422467, 51.70
1377422472, 51.67
1377422477, 51.70
1377422482, 51.70
1377422487, 51.70
1377422492, 51.70
1377422497, 51.70
1377422502, 51.70
1377422508, 51.70
1377422512, 51.70
1377422517, 51.70
1377422522, 51.70
1377422527, 51.70
1377422532, 51.70
1377422537, 51.70
1377422542, 51.70
1377422547, 51.70
1377422552, 51.70
1377422557, 51.70
1377422562, 51.70
1377422567, 51.73
1377422572, 51.70
1377422577, 51.70
1377422582, 51.73
1377422587, 51.70
1377422592, 51.70
1377422597, 51.73
1377422602, 51.70
1377422607, 51.70
1377422612, 51.73
1377422617, 51.73
1377422622, 51.73
1377422627, 51.73
1377422632, 51.73
1377422637, 51.73
1377422642, 51.73
1377422647, 51.70
1377422652, 51.73
1377422657, 51.73
1377422662, 51.73
1377422667, 51.73
1377422672, 51.73
1377422677, 51.70
1377422682, 51.73
1377422687, 51.73
1377422692, 51.70
1377422697, 51.73
1377422702, 51.73
1377422707, 51.73
1377422712, 51.73
1377422717, 51.73
1377422722, 51.73
1377422727, 51.73
1377422732, 51.73
1377422737, 51.73
1377422742, 51.73
1377422747, 51.73
1377422752, 51.73
1377422757, 51.73
1377422762, 51.73
1377422767, 51.73
1377422772, 51.73
1377422777, 51.73
1377422782, 51.73
1377422787, 51.73
1377422792, 51.73
1377422797, 51.73
1377422802, 51.73
1377422807, 51.73
1377422812, 51.73
1377422817, 51.73
1377422822, 51.73
1377422827, 51.73
1377422832, 51.76
1377422837, 51.76
1377422842, 51.76
1377422847, 51.73
1377422852, 51.73
1377422857, 51.73
1377422862, 51.73
1377422867, 51.73
1377422872, 51.73
1377422877, 51.76
1377422882, 51.76
1377422887, 51.76
1377422892, 51.76
1377422897, 51.76
1377422902, 51.76
1377422907, 51.76
1377422912, 51.76
1377422917, 51.76
1377422922, 51.76
1377422927, 51.73
1377422932, 51.76
1377422937, 51.73
1377422942, 51.76
1377422947, 51.76
1377422952, 51.76
1377422957, 51.73
1377422962, 51.76
1377422967, 51.76
1377422972, 51.76
1377422977, 51.76
1377422982, 51.76
1377422987, 51.76
1377422992, 51.76
1377422997, 51.76
1377423002, 51.76
1377423007, 51.79
1377423012, 51.76
1377423017, 51.76
1377423022, 51.79
1377423027, 51.76
1377423032, 51.79
1377423037, 51.76
1377423042, 51.76
1377423047, 51.79
1377423052, 51.79
1377423057, 51.76
1377423062, 51.76
1377423067, 51.76
1377423072, 51.76
1377423077, 51.79
1377423082, 51.79
1377423087, 51.76
1377423092, 51.76
1377423097, 51.79
1377423102, 51.79
1377423107, 51.79
1377423112, 51.79
1377423117, 51.79
1377423122, 51.79
1377423127, 51.79
1377423132, 51.79
1377423137, 51.79
1377423142, 51.79
1377423147, 51.79
1377423152, 51.79
1377423157, 51.79
1377423162, 51.79
1377423167, 51.79
1377423172, 51.79
1377423177, 51.79
1377423182, 51.79
1377423187, 51.79
1377423192, 51.79
1377423197, 51.79
1377423202, 51.79
1377423207, 51.79
1377423212, 51.79
1377423217, 51.79
1377423222, 51.79
1377423227, 51.79
1377423232, 51.79
1377423237, 51.79
1377423242, 51.79
1377423247, 51.79
1377423252, 51.83
1377423257, 51.79
1377423262, 51.79
1377423267, 51.83
1377423272, 51.83
1377423277, 51.83
1377423282, 51.83
1377423287, 51.83
1377423292, 51.79
1377423297, 51.83
1377423302, 51.83
1377423307, 51.83
1377423312, 51.83
1377423317, 51.83
1377423322, 51.83
1377423327, 51.83
1377423332, 51.83
1377423337, 51.83
1377423342, 51.83
1377423347, 51.86
1377423352, 51.83
1377423357, 51.83
1377423362, 51.83
1377423367, 51.83
1377423372, 51.86
1377423377, 51.86
1377423382, 51.83
1377423387, 51.86
1377423392, 51.86
1377423397, 51.83
1377423402, 51.86
1377423407, 51.86
1377423412, 51.83
1377423417, 51.86
1377423422, 51.86
1377423427, 51.83
1377423432, 51.83
1377423437, 51.86
1377423442, 51.83
1377423447, 51.86
1377423452, 51.86
1377423457, 51.86
1377423462, 51.86
1377423467, 51.86
1377423472, 51.86
1377423477, 51.86
1377423482, 51.86
1377423487, 51.86
1377423492, 51.86
1377423497, 51.86
1377423502, 51.86
1377423507, 51.86
1377423512, 51.86
1377423517, 51.86
1377423522, 51.86
1377423527, 51.86
1377423532, 51.89
1377423537, 51.86
1377423542, 51.86
1377423547, 51.86
1377423552, 51.86
1377423557, 51.86
1377423562, 51.86
1377423567, 51.86
1377423572, 51.86
1377423577, 51.86
1377423582, 51.89
1377423587, 51.89
1377423592, 51.86
1377423597, 51.89
1377423602, 51.89
1377423607, 51.86
1377423612, 51.89
1377423617, 51.86
1377423622, 51.86
1377423627, 51.89
1377423632, 51.89
1377423637, 51.89
1377423642, 51.89
1377423647, 51.89
1377423652, 51.89
1377423657, 51.89
1377423662, 51.89
1377423667, 51.86
1377423672, 51.89
1377423677, 51.89
1377423682, 51.92
1377423687, 51.89
1377423692, 51.89
1377423697, 51.89
1377423702, 51.89
1377423707, 51.89
1377423712, 51.89
1377423717, 51.89
1377423722, 51.92
1377423727, 51.92
1377423732, 51.89
1377423737, 51.89
1377423742, 51.89
1377423747, 51.92
1377423752, 51.92
1377423757, 51.92
1377423762, 51.92
1377423767, 51.92
1377423772, 51.92
1377423777, 51.92
1377423782, 51.92
1377423787, 51.89
1377423792, 51.92
1377423797, 51.92
1377423802, 51.89
1377423807, 51.92
1377423812, 51.92
1377423817, 51.92
1377423822, 51.92
1377423827, 51.92
1377423832, 51.92
1377423837, 51.89
1377423842, 51.92
1377423847, 51.92
1377423852, 51.92
1377423857, 51.92
1377423862, 51.92
1377423867, 51.92
1377423872, 51.92
1377423877, 51.92
1377423882, 51.92
1377423887, 51.92
1377423892, 51.92
1377423897, 51.92
1377423902, 51.92
1377423907, 51.92
1377423912, 51.92
1377423917, 51.92
1377423922, 51.92
1377423927, 51.92
1377423932, 51.92
1377423937, 51.92
1377423942, 51.92
1377423947, 51.92
1377423952, 51.92
1377423957, 51.95
1377423962, 51.92
1377423967, 51.92
1377423972, 51.92
1377423977, 51.95
1377423982, 51.95
1377423987, 51.95
1377423992, 51.95
1377423997, 51.92
1377424002, 51.95
1377424007, 51.95
1377424012, 51.95
1377424017, 51.95
1377424022, 51.95
1377424027, 51.95
1377424032, 51.95
1377424037, 51.95
1377424042, 51.95
1377424047, 51.95
1377424052, 51.98
1377424057, 51.95
1377424062, 51.95
1377424067, 51.98
1377424072, 51.95
1377424077, 51.95
1377424082, 51.95
1377424087, 51.95
1377424092, 51.98
1377424097, 51.95
1377424102, 51.98
1377424107, 51.98
1377424112, 51.95
1377424117, 51.98
1377424122, 51.98
1377424126, 51.98
1377424132, 51.98
1377424137, 51.98
1377424142, 51.98
1377424147, 51.98
1377424152, 51.98
1377424157, 51.98
1377424162, 51.98
1377424167, 51.98
1377424172, 51.98
1377424177, 51.98
1377424182, 51.98
1377424187, 51.98
1377424192, 51.98
1377424197, 51.98
1377424202, 51.98
1377424207, 51.98
1377424212, 51.98
1377424217, 51.98
1377424221, 51.98
1377424227, 51.98
1377424232, 51.98
1377424237, 51.98
1377424241, 51.98
1377424247, 51.98
1377424252, 51.98
1377424257, 51.98
1377424262, 51.98
1377424267, 51.98
1377424272, 52.02
1377424277, 51.98
1377424282, 51.98
1377424287, 52.02
1377424292, 51.98
1377424297, 52.02
1377424302, 51.98
1377424307, 51.98
1377424312, 52.02
1377424316, 51.98
1377424322, 51.98
1377424327, 52.02
1377424331, 52.02
1377424337, 52.02
1377424342, 52.02
1377424347, 51.98
1377424352, 52.02
1377424357, 52.02
1377424361, 52.02
1377424367, 52.02
1377424372, 52.02
1377424377, 52.02
1377424381, 52.02
1377424387, 52.02
1377424392, 52.02
1377424397, 52.02
1377424402, 52.02
1377424407, 52.02
1377424411, 52.02
1377424417, 52.02
1377424422, 52.02
1377424427, 52.05
1377424431, 52.02
1377424436, 52.02
1377424441, 52.05
1377424446, 52.02
1377424451, 52.05
1377424457, 52.05
1377424462, 52.02
1377424467, 52.02
1377424471, 52.05
1377424476, 52.05
1377424482, 52.05
1377424487, 52.05
1377424492, 52.02
1377424496, 52.05
1377424501, 52.05
1377424507, 52.05
1377424512, 52.05
1377424516, 52.02
1377424521, 52.05
1377424527, 52.05
1377424532, 52.05
1377424536, 52.02
1377424541, 52.05
1377424547, 52.02
1377424552, 52.05
1377424557, 52.02
1377424562, 52.05
1377424567, 52.05
1377424572, 52.05
1377424576, 52.05
1377424582, 52.05
1377424586, 52.05
1377424592, 52.05
1377424597, 52.05
1377424602, 52.05
1377424607, 52.05
1377424611, 52.05
1377424617, 52.05
1377424622, 52.05
1377424627, 52.05
1377424631, 52.05
1377424637, 52.05
1377424641, 52.02
1377424647, 52.05
1377424652, 52.05
1377424656, 52.05
1377424661, 52.05
1377424667, 52.05
1377424672, 52.05
1377424676, 52.05
1377424681, 52.05
1377424686, 52.05
1377424692, 52.05
1377424696, 52.05
1377424701, 52.05
1377424707, 52.05
1377424711, 52.05
1377424716, 52.05
1377424721, 52.05
1377424727, 52.05
1377424731, 52.08
1377424736, 52.05
1377424742, 52.05
1377424746, 52.05
1377424751, 52.08
1377424757, 52.05
1377424761, 52.05
1377424767, 52.08
1377424771, 52.05
1377424776, 52.05
1377424781, 52.05
1377424787, 52.05
1377424791, 52.05
1377424796, 52.05
1377424801, 52.05
1377424807, 52.08
1377424812, 52.05
1377424816, 52.08
1377424821, 52.08
1377424827, 52.08
1377424831, 52.08
1377424836, 52.05
1377424842, 52.08
1377424846, 52.08
1377424851, 52.08
1377424857, 52.05
1377424861, 52.08
1377424867, 52.08
1377424872, 52.08
1377424876, 52.08
1377424881, 52.05
1377424886, 52.08
1377424891, 52.08
1377424896, 52.08
1377424901, 52.08
1377424906, 52.08
1377424911, 52.05
1377424916, 52.05
1377424921, 52.08
1377424926, 52.08
1377424931, 52.05
1377424936, 52.11
1377424941, 52.08
1377424946, 52.08
1377424951, 52.08
1377424956, 52.08
1377424961, 52.08
1377424966, 52.05
1377424972, 52.08
1377424976, 52.08
1377424981, 52.08
1377424986, 52.08
1377424991, 52.08
1377424996, 52.08
1377425001, 52.08
1377425006, 52.08
1377425011, 52.08
1377425016, 52.08
1377425022, 52.08
1377425026, 52.08
1377425031, 52.11
1377425036, 52.08
1377425041, 52.08
1377425047, 52.08
1377425051, 52.08
1377425056, 52.11
1377425061, 52.08
1377425066, 52.08
1377425072, 52.11
1377425076, 52.11
1377425081, 52.11
1377425086, 52.08
1377425091, 52.08
1377425096, 52.11
1377425101, 52.08
1377425106, 52.08
1377425111, 52.08
1377425116, 52.08
1377425121, 52.11
1377425126, 52.08
1377425131, 52.08
1377425136, 52.11
1377425141, 52.08
1377425146, 52.11
1377425151, 52.11
1377425156, 52.05
1377425162, 52.08
1377425166, 52.08
1377425171, 52.08
1377425176, 52.08
1377425181, 52.11
1377425186, 52.08
1377425191, 52.11
1377425196, 52.08
1377425201, 52.11
1377425206, 52.08
1377425211, 52.08
1377425216, 52.11
1377425221, 52.08
1377425226, 52.08
1377425231, 52.11
1377425236, 52.11
1377425241, 52.08
1377425246, 52.11
1377425251, 52.08
1377425256, 52.11
1377425261, 52.08
1377425266, 52.08
1377425271, 52.08
1377425276, 52.08
1377425281, 52.08
1377425286, 52.11
1377425291, 52.11
1377425296, 52.11
1377425301, 52.08
1377425306, 52.11
1377425311, 52.11
1377425316, 52.08
1377425321, 52.11
1377425326, 52.11
1377425331, 52.11
1377425336, 52.11
1377425341, 52.11
1377425346, 52.11
1377425351, 52.11
1377425356, 52.11
1377425362, 52.11
1377425366, 52.08
1377425371, 52.11
1377425376, 52.11
1377425381, 52.11
1377425386, 52.11
1377425392, 52.11
1377425396, 52.11
1377425401, 52.11
1377425406, 52.08
1377425412, 52.11
1377425416, 52.11
1377425421, 52.11
1377425426, 52.11
1377425432, 52.11
1377425436, 52.11
1377425441, 52.11
1377425447, 52.11
1377425451, 52.11
1377425456, 52.11
1377425462, 52.08
1377425466, 52.11
1377425471, 52.11
1377425476, 52.11
1377425482, 52.11
1377425486, 52.11
1377425491, 52.11
1377425496, 52.11
1377425501, 52.11
1377425506, 52.11
1377425512, 52.08
1377425516, 52.11
1377425521, 52.11
1377425526, 52.11
1377425531, 52.08
1377425536, 52.11
1377425541, 52.11
1377425546, 52.11
1377425551, 52.08
1377425556, 52.11
1377425561, 52.11
1377425566, 52.11
1377425571, 52.08
1377425576, 52.11
1377425581, 52.11
1377425586, 52.11
1377425591, 52.11
1377425597, 52.11
1377425601, 52.11
1377425606, 52.11
1377425611, 52.11
1377425616, 52.11
1377425622, 52.11
1377425626, 52.11
1377425631, 52.11
1377425636, 52.11
1377425641, 52.11
1377425646, 52.11
1377425651, 52.11
1377425656, 52.11
1377425661, 52.11
1377425666, 52.11
1377425671, 52.11
1377425676, 52.11
1377425681, 52.11
1377425686, 52.11
1377425691, 52.11
1377425696, 52.11
1377425701, 52.11
1377425706, 52.11
1377425711, 52.11
1377425716, 52.11
1377425721, 52.11
1377425726, 52.11
1377425731, 52.11
1377425736, 52.11
1377425741, 52.11
1377425746, 52.11
1377425751, 52.11
1377425756, 52.11
1377425761, 52.11
1377425766, 52.11
1377425771, 52.11
1377425776, 52.11
1377425781, 52.11
1377425786, 52.11
1377425791, 52.11
1377425796, 52.11
1377425801, 52.11
1377425806, 52.11
1377425811, 52.11
1377425816, 52.11
1377425821, 52.11
1377425826, 52.11
1377425831, 52.11
1377425836, 52.11
1377425841, 52.11
1377425846, 52.14
1377425851, 52.14
1377425856, 52.11
1377425861, 52.14
1377425866, 52.11
1377425871, 52.11
1377425876, 52.11
1377425882, 52.11
1377425886, 52.11
1377425891, 52.11
1377425896, 52.11
1377425901, 52.11
1377425908, 52.11
1377425911, 52.11
1377425916, 52.11
1377425921, 52.14
1377425926, 52.14
1377425931, 52.14
1377425936, 52.14
1377425941, 52.11
1377425946, 52.14
1377425951, 52.11
1377425956, 52.14
1377425961, 52.14
1377425966, 52.14
1377425971, 52.14
1377425976, 52.14
1377425981, 52.14
1377425986, 52.14
1377425991, 52.11
1377425996, 52.14
1377426001, 52.11
1377426006, 52.14
1377426011, 52.11
1377426016, 52.14
1377426021, 52.14
1377426026, 52.14
1377426031, 52.14
1377426036, 52.14
1377426041, 52.14
1377426046, 52.14
1377426051, 52.11
1377426056, 52.14
1377426061, 52.14
1377426066, 52.14
1377426071, 52.14
1377426076, 52.14
1377426081, 52.14
1377426086, 52.11
1377426091, 52.14
1377426096, 52.14
1377426101, 52.14
1377426106, 52.14
1377426111, 52.18
1377426116, 52.14
1377426121, 52.18
1377426126, 52.18
1377426131, 52.14
1377426136, 52.14
1377426141, 52.14
1377426146, 52.14
1377426151, 52.18
1377426156, 52.14
1377426161, 52.18
1377426166, 52.14
1377426171, 52.14
1377426176, 52.18
1377426181, 52.18
1377426186, 52.14
1377426191, 52.18
1377426196, 52.14
1377426201, 52.14
1377426206, 52.14
1377426211, 52.14
1377426216, 52.14
1377426221, 52.18
1377426226, 52.18
1377426231, 52.18
1377426236, 52.18
1377426241, 52.18
1377426246, 52.18
1377426251, 52.18
1377426256, 52.18
1377426261, 52.18
1377426266, 52.14
1377426271, 52.14
1377426276, 52.14
1377426281, 52.18
1377426286, 52.14
1377426291, 52.18
1377426296, 52.18
1377426301, 52.18
1377426306, 52.18
1377426311, 52.14
1377426316, 52.14
1377426321, 52.18
1377426326, 52.18
1377426331, 52.18
1377426336, 52.18
1377426341, 52.18
1377426346, 52.14
1377426351, 52.14
1377426356, 52.18
1377426361, 52.18
1377426366, 52.18
1377426371, 52.14
1377426376, 52.18
1377426381, 52.18
1377426386, 52.18
1377426391, 52.18
1377426396, 52.18
1377426401, 52.18
1377426406, 52.14
1377426411, 52.18
1377426416, 52.18
1377426421, 52.18
1377426426, 52.18
1377426431, 52.18
1377426436, 52.18
1377426441, 52.18
1377426446, 52.18
1377426451, 52.18
1377426456, 52.18
1377426461, 52.18
1377426466, 52.18
1377426471, 52.18
1377426476, 52.18
1377426481, 52.18
1377426486, 52.18
1377426491, 52.18
1377426496, 52.18
1377426501, 52.18
1377426506, 52.18
1377426511, 52.18
1377426516, 52.18
1377426521, 52.18
1377426526, 52.18
1377426531, 52.18
1377426536, 52.18
1377426541, 52.18
1377426546, 52.18
1377426551, 52.14
1377426556, 52.14
1377426561, 52.18
1377426566, 52.18
1377426571, 52.18
1377426576, 52.18
1377426581, 52.18
1377426586, 52.18
1377426591, 52.18
1377426596, 52.18
1377426601, 52.18
1377426606, 52.18
1377426611, 52.18
1377426616, 52.18
1377426621, 52.18
1377426626, 52.18
1377426631, 52.18
1377426636, 52.18
1377426641, 52.18
1377426646, 52.18
1377426651, 52.18
1377426656, 52.21
1377426661, 52.18
1377426666, 52.18
1377426671, 52.18
1377426676, 52.18
1377426681, 52.18
1377426686, 52.18
1377426691, 52.18
1377426696, 52.18
1377426701, 52.18
1377426706, 52.18
1377426711, 52.18
1377426716, 52.18
1377426721, 52.18
1377426726, 52.18
1377426731, 52.18
1377426736, 52.18
1377426741, 52.18
1377426746, 52.18
1377426754, 52.18
1377426756, 52.18
1377426761, 52.18
1377426766, 52.18
1377426771, 52.18
1377426776, 52.18
1377426781, 52.21
1377426786, 52.18
1377426791, 52.18
1377426796, 52.18
1377426801, 52.18
1377426806, 52.18
1377426811, 52.18
1377426816, 52.18
1377426821, 52.18
1377426826, 52.18
1377426831, 52.21
1377426836, 52.18
1377426841, 52.18
1377426846, 52.18
1377426851, 52.18
1377426856, 52.18
1377426861, 52.18
1377426866, 52.18
1377426871, 52.18
1377426876, 52.18
1377426881, 52.18
1377426886, 52.18
1377426891, 52.21
1377426896, 52.18
1377426901, 52.18
1377426906, 52.18
1377426911, 52.18
1377426916, 52.21
1377426921, 52.21
1377426926, 52.21
1377426931, 52.18
1377426936, 52.21
1377426941, 52.21
1377426946, 52.21
1377426951, 52.21
1377426956, 52.18
1377426961, 52.18
1377426966, 52.18
1377426971, 52.18
1377426976, 52.18
1377426981, 52.18
1377426986, 52.18
1377426991, 52.21
1377426996, 52.18
1377427001, 52.18
1377427006, 52.18
1377427011, 52.18
1377427016, 52.21
1377427021, 52.21
1377427026, 52.18
1377427031, 52.18
1377427036, 52.21
1377427041, 52.18
1377427046, 52.18
1377427051, 52.21
1377427056, 52.21
1377427061, 52.21
1377427066, 52.21
1377427072, 52.21
1377427076, 52.21
1377427081, 52.21
1377427086, 52.21
1377427091, 52.18
1377427096, 52.24
1377427101, 52.18
1377427106, 52.21
1377427111, 52.21
1377427116, 52.21
1377427121, 52.21
1377427126, 52.21
1377427131, 52.24
1377427136, 52.21
1377427141, 52.21
1377427146, 52.21
1377427151, 52.24
1377427156, 52.24
1377427161, 52.24
1377427166, 52.21
1377427171, 52.21
1377427176, 52.21
1377427181, 52.21
1377427186, 52.21
1377427191, 52.18
1377427196, 52.21
1377427201, 52.21
1377427206, 52.24
1377427211, 52.21
1377427216, 52.21
1377427221, 52.21
1377427226, 52.21
1377427231, 52.24
1377427236, 52.18
1377427241, 52.24
1377427246, 52.21
1377427251, 52.21
1377427256, 52.24
1377427261, 52.21
1377427266, 52.21
1377427271, 52.24
1377427276, 52.21
1377427281, 52.24
1377427286, 52.24
1377427291, 52.24
1377427296, 52.24
1377427301, 52.21
1377427306, 52.24
1377427311, 52.24
1377427316, 52.24
1377427321, 52.21
1377427326, 52.21
1377427331, 52.24
1377427336, 52.24
1377427341, 52.21
1377427346, 52.21
1377427351, 52.24
1377427356, 52.21
1377427361, 52.21
1377427366, 52.24
1377427371, 52.21
1377427376, 52.24
1377427381, 52.24
1377427386, 52.21
1377427391, 52.24
1377427396, 52.21
1377427401, 52.24
1377427406, 52.24
1377427411, 52.24
1377427416, 52.24
1377427421, 52.21
1377427426, 52.24
1377427431, 52.24
1377427436, 52.24
1377427441, 52.24
1377427446, 52.24
1377427451, 52.24
1377427456, 52.24
1377427461, 52.24
1377427466, 52.24
1377427471, 52.24
1377427476, 52.24
1377427481, 52.24
1377427486, 52.24
1377427491, 52.21
1377427496, 52.21
1377427501, 52.24
1377427506, 52.24
1377427511, 52.24
1377427516, 52.24
1377427521, 52.24
1377427526, 52.24
1377427531, 52.24
1377427536, 52.21
1377427541, 52.21
1377427546, 52.21
1377427551, 52.24
1377427556, 52.24
1377427561, 52.24
1377427566, 52.24
1377427571, 52.24
1377427576, 52.24
1377427581, 52.21
1377427586, 52.24
1377427591, 52.21
1377427596, 52.21
1377427601, 52.24
1377427606, 52.21
1377427611, 52.21
1377427616, 52.24
1377427622, 52.24
1377427626, 52.21
1377427631, 52.24
1377427636, 52.24
1377427641, 52.21
1377427646, 52.24
1377427651, 52.21
1377427656, 52.24
1377427661, 52.24
1377427666, 52.21
1377427671, 52.21
1377427676, 52.24
1377427681, 52.24
1377427686, 52.24
1377427691, 52.24
1377427696, 52.24
1377427701, 52.21
1377427706, 52.24
1377427711, 52.24
1377427716, 52.24
1377427721, 52.24
1377427726, 52.21
1377427731, 52.21
1377427736, 52.21
1377427741, 52.24
1377427746, 52.21
1377427751, 52.21
1377427756, 52.21
1377427761, 52.24
1377427766, 52.24
1377427771, 52.24
1377427776, 52.24
1377427781, 52.24
1377427786, 52.21
1377427791, 52.24
1377427796, 52.24
1377427801, 52.24
1377427806, 52.24
1377427811, 52.21
1377427816, 52.24
1377427821, 52.24
1377427826, 52.24
1377427831, 52.24
1377427836, 52.24
1377427841, 52.21
1377427846, 52.21
1377427851, 52.24
1377427856, 52.24
1377427861, 52.24
1377427866, 52.24
1377427871, 52.24
1377427876, 52.24
1377427881, 52.24
1377427886, 52.24
1377427891, 52.24
1377427896, 52.24
1377427901, 52.24
1377427906, 52.24
1377427911, 52.24
1377427916, 52.21
1377427921, 52.24
1377427926, 52.24
1377427931, 52.24
1377427936, 52.24
1377427941, 52.24
1377427946, 52.24
1377427951, 52.24
1377427956, 52.21
1377427961, 52.24
1377427966, 52.21
1377427971, 52.24
1377427976, 52.24
1377427981, 52.24
1377427986, 52.24
1377427991, 52.24
1377427996, 52.24
1377428001, 52.24
1377428006, 52.21
1377428011, 52.24
1377428016, 52.24
1377428021, 52.24
1377428026, 52.24
1377428031, 52.24
1377428036, 52.24
1377428041, 52.24
1377428046, 52.24
1377428051, 52.24
1377428056, 52.24
1377428061, 52.24
1377428066, 52.24
1377428071, 52.24
1377428076, 52.21
1377428081, 52.24
1377428086, 52.24
1377428091, 52.24
1377428096, 52.24
1377428101, 52.24
1377428106, 52.24
1377428111, 52.24
1377428116, 52.24
1377428121, 52.24
1377428126, 52.24
1377428131, 52.24
1377428136, 52.24
1377428141, 52.24
1377428146, 52.24
1377428151, 52.24
1377428156, 52.24
1377428161, 52.24
1377428166, 52.24
1377428171, 52.24
1377428176, 52.24
1377428181, 52.24
1377428186, 52.24
1377428191, 52.24
1377428196, 52.24
1377428201, 52.24
1377428206, 52.24
1377428211, 52.24
1377428216, 52.24
1377428221, 52.24
1377428226, 52.24
1377428231, 52.27
1377428236, 52.24
1377428241, 52.24
1377428246, 52.24
1377428251, 52.24
1377428256, 52.24
1377428261, 52.24
1377428266, 52.24
1377428271, 52.24
1377428276, 52.24
1377428281, 52.27
1377428286, 52.24
1377428291, 52.24
1377428296, 52.27
1377428301, 52.24
1377428306, 52.27
1377428311, 52.24
1377428316, 52.24
1377428321, 52.27
1377428326, 52.27
1377428331, 52.24
1377428336, 52.27
1377428341, 52.27
1377428346, 52.24
1377428351, 52.24
1377428356, 52.24
1377428361, 52.27
1377428366, 52.24
1377428371, 52.24
1377428376, 52.24
1377428381, 52.27
1377428386, 52.24
1377428391, 52.27
1377428396, 52.27
1377428401, 52.27
1377428406, 52.27
1377428411, 52.27
1377428416, 52.27
1377428421, 52.27
1377428426, 52.27
1377428431, 52.27
1377428436, 52.27
1377428441, 52.24
1377428446, 52.27
1377428451, 52.27
1377428456, 52.27
1377428461, 52.27
1377428466, 52.27
1377428471, 52.27
1377428476, 52.27
1377428481, 52.27
1377428486, 52.27
1377428491, 52.27
1377428496, 52.27
1377428501, 52.27
1377428506, 52.27
1377428511, 52.30
1377428516, 52.27
1377428521, 52.27
1377428526, 52.27
1377428531, 52.27
1377428536, 52.30
1377428541, 52.27
1377428546, 52.27
1377428551, 52.30
1377428556, 52.27
1377428561, 52.27
1377428566, 52.27
1377428571, 52.27
1377428576, 52.27
1377428581, 52.30
1377428586, 52.30
1377428591, 52.27
1377428596, 52.30
1377428601, 52.30
1377428606, 52.30
1377428611, 52.30
1377428616, 52.30
1377428621, 52.30
1377428626, 52.30
1377428631, 52.30
1377428636, 52.30
1377428641, 52.30
1377428646, 52.30
1377428651, 52.30
1377428656, 52.27
1377428661, 52.30
1377428666, 52.30
1377428671, 52.30
1377428676, 52.30
1377428681, 52.30
1377428686, 52.30
1377428691, 52.30
1377428696, 52.30
1377428701, 52.30
1377428706, 52.30
1377428711, 52.27
1377428716, 52.30
1377428721, 52.30
1377428726, 52.30
1377428731, 52.30
1377428736, 52.30
1377428741, 52.30
1377428746, 52.30
1377428751, 52.30
1377428756, 52.30
1377428761, 52.30
1377428766, 52.30
1377428771, 52.30
1377428776, 52.30
1377428781, 52.30
1377428786, 52.30
1377428791, 52.30
1377428796, 52.30
1377428801, 52.30
1377428806, 52.30
1377428811, 52.30
1377428816, 52.30
1377428821, 52.30
1377428826, 52.30
1377428831, 52.30
1377428836, 52.30
1377428841, 52.30
1377428846, 52.30
1377428851, 52.30
1377428856, 52.30
1377428861, 52.30
1377428866, 52.33
1377428871, 52.30
1377428876, 52.30
1377428881, 52.30
1377428886, 52.30
1377428891, 52.30
1377428896, 52.30
1377428901, 52.30
1377428906, 52.30
1377428911, 52.30
1377428916, 52.30
1377428921, 52.30
1377428926, 52.30
1377428931, 52.30
1377428936, 52.30
1377428941, 52.30
1377428946, 52.30
1377428951, 52.30
1377428956, 52.30
1377428961, 52.30
1377428966, 52.30
1377428971, 52.30
1377428976, 52.30
1377428981, 52.30
1377428986, 52.30
1377428991, 52.30
1377428996, 52.33
1377429001, 52.30
1377429006, 52.30
1377429011, 52.30
1377429016, 52.30
1377429021, 52.30
1377429026, 52.33
1377429031, 52.30
1377429036, 52.30
1377429041, 52.30
1377429046, 52.30
1377429051, 52.33
1377429056, 52.33
1377429061, 52.30
1377429066, 52.30
1377429071, 52.30
1377429076, 52.30
1377429081, 52.33
1377429086, 52.30
1377429091, 52.30
1377429096, 52.30
1377429101, 52.33
1377429106, 52.33
1377429111, 52.30
1377429116, 52.30
1377429121, 52.30
1377429126, 52.30
1377429131, 52.30
1377429136, 52.30
1377429141, 52.30
1377429146, 52.30
1377429151, 52.33
1377429156, 52.33
1377429161, 52.33
1377429166, 52.30
1377429171, 52.30
1377429176, 52.30
1377429181, 52.33
1377429186, 52.30
1377429191, 52.30
1377429196, 52.30
1377429201, 52.33
1377429206, 52.30
1377429211, 52.33
1377429216, 52.33
1377429221, 52.30
1377429226, 52.33
1377429231, 52.33
1377429236, 52.30
1377429241, 52.30
1377429246, 52.30
1377429251, 52.33
1377429256, 52.30
1377429261, 52.30
1377429266, 52.33
1377429271, 52.33
1377429276, 52.33
1377429281, 52.33
1377429286, 52.33
1377429291, 52.33
1377429296, 52.33
1377429301, 52.30
1377429306, 52.30
1377429311, 52.30
1377429316, 52.33
1377429321, 52.30
1377429326, 52.33
1377429331, 52.33
1377429336, 52.30
1377429341, 52.30
1377429346, 52.33
1377429351, 52.33
1377429356, 52.33
1377429361, 52.33
1377429366, 52.33
1377429371, 52.33
1377429376, 52.30
1377429381, 52.33
1377429386, 52.30
1377429391, 52.33
1377429396, 52.33
1377429401, 52.30
1377429406, 52.33
1377429411, 52.33
1377429416, 52.30
1377429421, 52.33
1377429426, 52.30
1377429431, 52.33
1377429436, 52.30
1377429441, 52.33
1377429446, 52.33
1377429451, 52.33
1377429456, 52.30
1377429461, 52.33
1377429466, 52.33
1377429471, 52.33
1377429476, 52.33
1377429481, 52.33
1377429486, 52.33
1377429491, 52.33
1377429496, 52.33
1377429501, 52.33
1377429506, 52.33
1377429511, 52.30
1377429516, 52.33
1377429521, 52.33
1377429526, 52.33
1377429531, 52.33
1377429536, 52.33
1377429541, 52.33
1377429546, 52.33
1377429551, 52.33
1377429556, 52.33
1377429561, 52.33
1377429566, 52.33
1377429571, 52.33
1377429576, 52.33
1377429581, 52.33
1377429586, 52.33
1377429591, 52.33
1377429596, 52.33
1377429601, 52.33
1377429606, 52.33
1377429611, 52.37
1377429616, 52.33
1377429621, 52.33
1377429626, 52.33
1377429631, 52.33
1377429636, 52.37
1377429641, 52.33
1377429646, 52.33
1377429651, 52.33
1377429656, 52.33
1377429661, 52.33
1377429666, 52.33
1377429671, 52.37
1377429676, 52.33
1377429681, 52.37
1377429686, 52.37
1377429691, 52.37
1377429696, 52.33
1377429701, 52.33
1377429706, 52.37
1377429711, 52.37
1377429716, 52.37
1377429721, 52.33
1377429726, 52.37
1377429731, 52.33
1377429736, 52.37
1377429741, 52.37
1377429746, 52.37
1377429751, 52.33
1377429756, 52.37
1377429761, 52.37
1377429766, 52.37
1377429771, 52.33
1377429776, 52.37
1377429781, 52.37
1377429786, 52.37
1377429791, 52.37
1377429796, 52.37
1377429801, 52.37
1377429806, 52.33
1377429811, 52.37
1377429816, 52.37
1377429821, 52.37
1377429826, 52.37
1377429831, 52.37
1377429836, 52.37
1377429841, 52.37
1377429846, 52.37
1377429851, 52.37
1377429856, 52.37
1377429861, 52.37
1377429866, 52.37
1377429871, 52.37
1377429876, 52.37
1377429881, 52.37
1377429886, 52.37
1377429891, 52.37
1377429896, 52.37
1377429901, 52.37
1377429906, 52.37
1377429911, 52.37
1377429916, 52.37
1377429921, 52.37
1377429926, 52.37
1377429931, 52.37
1377429936, 52.37
1377429941, 52.37
1377429946, 52.37
1377429951, 52.37
1377429956, 52.37
1377429961, 52.37
1377429966, 52.37
1377429971, 52.37
1377429976, 52.40
1377429981, 52.37
1377429986, 52.40
1377429991, 52.37
1377429996, 52.37
1377430001, 52.37
1377430006, 52.40
1377430011, 52.37
1377430016, 52.40
1377430021, 52.40
1377430026, 52.37
1377430031, 52.37
1377430036, 52.37
1377430041, 52.37
1377430046, 52.37
1377430051, 52.40
1377430056, 52.37
1377430061, 52.37
1377430066, 52.40
1377430071, 52.40
1377430076, 52.40
1377430081, 52.40
1377430086, 52.37
1377430091, 52.40
1377430096, 52.40
1377430101, 52.40
1377430106, 52.37
1377430111, 52.37
1377430116, 52.37
1377430121, 52.40
1377430126, 52.40
1377430131, 52.40
1377430136, 52.40
1377430141, 52.43
1377430146, 52.40
1377430151, 52.40
1377430156, 52.43
1377430161, 52.40
1377430166, 52.43
1377430171, 52.40
1377430176, 52.40
1377430181, 52.40
1377430186, 52.40
1377430191, 52.40
1377430196, 52.40
1377430201, 52.43
1377430206, 52.40
1377430211, 52.40
1377430216, 52.40
1377430221, 52.43
1377430226, 52.43
1377430231, 52.43
1377430238, 52.40
1377430241, 52.40
1377430246, 52.40
1377430251, 52.40
1377430256, 52.43
1377430261, 52.40
1377430266, 52.40
1377430271, 52.40
1377430276, 52.43
1377430281, 52.43
1377430286, 52.43
1377430291, 52.43
1377430296, 52.43
1377430301, 52.43
1377430306, 52.43
1377430311, 52.43
1377430316, 52.43
1377430321, 52.43
1377430326, 52.43
1377430331, 52.43
1377430336, 52.43
1377430341, 52.40
1377430346, 52.43
1377430351, 52.43
1377430356, 52.43
1377430361, 52.43
1377430366, 52.43
1377430371, 52.43
1377430376, 52.43
1377430381, 52.43
1377430386, 52.43
1377430391, 52.43
1377430396, 52.43
1377430401, 52.43
1377430406, 52.43
1377430411, 52.43
1377430416, 52.43
1377430421, 52.43
1377430426, 52.43
1377430431, 52.43
1377430436, 52.43
1377430441, 52.43
1377430446, 52.43
1377430451, 52.43
1377430456, 52.43
1377430461, 52.43
1377430466, 52.43
1377430471, 52.43
1377430476, 52.43
1377430481, 52.43
1377430486, 52.43
1377430491, 52.43
1377430496, 52.43
1377430501, 52.43
1377430506, 52.43
1377430511, 52.43
1377430516, 52.43
1377430521, 52.43
1377430526, 52.43
1377430531, 52.43
1377430536, 52.43
1377430541, 52.46
1377430546, 52.43
1377430551, 52.43
1377430556, 52.43
1377430561, 52.43
1377430566, 52.43
1377430571, 52.43
1377430576, 52.43
1377430581, 52.43
1377430586, 52.43
1377430591, 52.43
1377430596, 52.43
1377430601, 52.43
1377430606, 52.43
1377430611, 52.46
1377430616, 52.43
1377430621, 52.46
1377430626, 52.43
1377430631, 52.43
1377430636, 52.46
1377430641, 52.43
1377430646, 52.43
1377430651, 52.43
1377430656, 52.43
1377430661, 52.46
1377430666, 52.43
1377430671, 52.43
1377430676, 52.43
1377430681, 52.46
1377430686, 52.43
1377430691, 52.43
1377430696, 52.46
1377430701, 52.43
1377430706, 52.43
1377430711, 52.46
1377430716, 52.43
1377430721, 52.43
1377430726, 52.43
1377430731, 52.43
1377430736, 52.43
1377430741, 52.43
1377430746, 52.43
1377430751, 52.43
1377430756, 52.43
1377430761, 52.43
1377430766, 52.43
1377430771, 52.46
1377430776, 52.43
1377430781, 52.43
1377430786, 52.43
1377430791, 52.43
1377430796, 52.43
1377430801, 52.46
1377430806, 52.43
1377430811, 52.43
1377430816, 52.43
1377430821, 52.43
1377430826, 52.43
1377430831, 52.46
1377430836, 52.46
1377430841, 52.43
1377430846, 52.43
1377430851, 52.43
1377430856, 52.43
1377430861, 52.43
1377430866, 52.46
1377430871, 52.43
1377430876, 52.43
1377430881, 52.43
1377430886, 52.43
1377430891, 52.43
1377430896, 52.43
1377430901, 52.46
1377430906, 52.46
1377430911, 52.46
1377430916, 52.43
1377430921, 52.43
1377430926, 52.43
1377430931, 52.43
1377430936, 52.46
1377430941, 52.43
1377430946, 52.43
1377430951, 52.43
1377430956, 52.43
1377430961, 52.43
1377430966, 52.46
1377430971, 52.43
1377430976, 52.46
1377430981, 52.43
1377430986, 52.43
1377430991, 52.43
1377430996, 52.43
1377431001, 52.43
1377431006, 52.43
1377431011, 52.43
1377431016, 52.43
1377431021, 52.43
1377431026, 52.43
1377431031, 52.43
1377431036, 52.43
1377431041, 52.43
1377431046, 52.43
1377431051, 52.43
1377431056, 52.43
1377431061, 52.43
1377431066, 52.43
1377431071, 52.46
1377431076, 52.43
1377431081, 52.43
1377431086, 52.43
1377431091, 52.43
1377431098, 52.43
1377431101, 52.46
1377431106, 52.46
1377431111, 52.46
1377431116, 52.43
1377431121, 52.43
1377431126, 52.43
1377431131, 52.43
1377431136, 52.46
1377431141, 52.43
1377431146, 52.43
1377431151, 52.43
1377431156, 52.43
1377431161, 52.43
1377431166, 52.46
1377431171, 52.43
1377431176, 52.46
1377431181, 52.43
1377431186, 52.43
1377431191, 52.43
1377431196, 52.43
1377431201, 52.43
1377431206, 52.46
1377431211, 52.43
1377431216, 52.43
1377431221, 52.43
1377431226, 52.43
1377431231, 52.43
1377431236, 52.43
1377431241, 52.43
1377431246, 52.43
1377431251, 52.43
1377431256, 52.43
1377431261, 52.46
1377431266, 52.43
1377431271, 52.43
1377431276, 52.43
1377431281, 52.43
1377431286, 52.43
1377431291, 52.43
1377431296, 52.43
1377431301, 52.43
1377431306, 52.46
1377431311, 52.43
1377431316, 52.43
1377431321, 52.43
1377431326, 52.43
1377431331, 52.43
1377431336, 52.43
1377431341, 52.43
1377431346, 52.43
1377431351, 52.43
1377431356, 52.46
1377431361, 52.46
1377431366, 52.46
1377431371, 52.43
1377431376, 52.46
1377431381, 52.43
1377431386, 52.43
1377431391, 52.43
1377431396, 52.43
1377431401, 52.46
1377431406, 52.43
1377431411, 52.46
1377431416, 52.46
1377431421, 52.46
1377431426, 52.43
1377431431, 52.46
1377431436, 52.46
1377431441, 52.46
1377431446, 52.43
1377431451, 52.46
1377431456, 52.43
1377431461, 52.46
1377431466, 52.43
1377431471, 52.43
1377431476, 52.46
1377431481, 52.43
1377431486, 52.43
1377431491, 52.43
1377431496, 52.43
1377431501, 52.43
1377431506, 52.46
1377431511, 52.43
1377431516, 52.46
1377431521, 52.46
1377431526, 52.46
1377431531, 52.46
1377431536, 52.43
1377431541, 52.46
1377431546, 52.46
1377431551, 52.46
1377431556, 52.46
1377431561, 52.46
1377431566, 52.46
1377431571, 52.46
1377431576, 52.46
1377431581, 52.46
1377431586, 52.46
1377431591, 52.46
1377431596, 52.46
1377431601, 52.43
1377431606, 52.46
1377431611, 52.43
1377431616, 52.46
1377431621, 52.43
1377431626, 52.46
1377431631, 52.46
1377431636, 52.46
1377431641, 52.46
1377431646, 52.43
1377431651, 52.46
1377431656, 52.49
1377431661, 52.46
1377431666, 52.46
1377431671, 52.46
1377431676, 52.46
1377431681, 52.46
1377431686, 52.46
1377431691, 52.46
1377431696, 52.46
1377431701, 52.46
1377431706, 52.49
1377431711, 52.49
1377431716, 52.46
1377431721, 52.46
1377431726, 52.43
1377431731, 52.49
1377431736, 52.49
1377431741, 52.46
1377431746, 52.46
1377431751, 52.46
1377431756, 52.46
1377431761, 52.46
1377431766, 52.46
1377431771, 52.46
1377431776, 52.49
1377431781, 52.46
1377431786, 52.49
1377431791, 52.46
1377431796, 52.49
1377431801, 52.46
1377431806, 52.49
1377431811, 52.46
1377431816, 52.49
1377431821, 52.49
1377431826, 52.49
1377431831, 52.49
1377431836, 52.46
1377431841, 52.49
1377431846, 52.49
1377431851, 52.49
1377431856, 52.46
1377431861, 52.49
1377431866, 52.49
1377431871, 52.49
1377431876, 52.49
1377431881, 52.46
1377431886, 52.46
1377431891, 52.46
1377431896, 52.49
1377431901, 52.49
1377431906, 52.49
1377431911, 52.49
1377431916, 52.46
1377431921, 52.49
1377431926, 52.49
1377431931, 52.49
1377431936, 52.49
1377431941, 52.49
1377431946, 52.49
1377431951, 52.49
1377431956, 52.49
1377431961, 52.49
1377431966, 52.49
1377431971, 52.49
1377431976, 52.49
1377431981, 52.49
1377431986, 52.49
1377431991, 52.49
1377431996, 52.49
1377432001, 52.49
1377432006, 52.49
1377432011, 52.52
1377432016, 52.49
1377432021, 52.49
1377432026, 52.49
1377432031, 52.49
1377432036, 52.49
1377432041, 52.52
1377432046, 52.49
1377432051, 52.49
1377432056, 52.49
1377432061, 52.49
1377432066, 52.49
1377432071, 52.49
1377432076, 52.49
1377432081, 52.49
1377432086, 52.49
1377432091, 52.49
1377432096, 52.49
1377432101, 52.52
1377432106, 52.49
1377432111, 52.49
1377432116, 52.49
1377432121, 52.52
1377432126, 52.52
1377432131, 52.49
1377432136, 52.52
1377432141, 52.52
1377432146, 52.49
1377432151, 52.52
1377432156, 52.49
1377432161, 52.52
1377432166, 52.49
1377432171, 52.52
1377432176, 52.52
1377432181, 52.52
1377432186, 52.49
1377432191, 52.52
1377432196, 52.52
1377432201, 52.56
1377432206, 52.49
1377432211, 52.52
1377432216, 52.52
1377432221, 52.56
1377432226, 52.52
1377432231, 52.52
1377432236, 52.52
1377432241, 52.56
1377432246, 52.56
1377432251, 52.52
1377432256, 52.56
1377432261, 52.52
1377432266, 52.52
1377432271, 52.52
1377432276, 52.52
1377432281, 52.52
1377432286, 52.52
1377432291, 52.52
1377432296, 52.52
1377432301, 52.52
1377432306, 52.56
1377432311, 52.52
1377432316, 52.52
1377432321, 52.56
1377432326, 52.56
1377432331, 52.56
1377432336, 52.52
1377432341, 52.56
1377432346, 52.56
1377432351, 52.52
1377432356, 52.56
1377432361, 52.52
1377432366, 52.56
1377432371, 52.56
1377432376, 52.56
1377432381, 52.56
1377432386, 52.56
1377432391, 52.56
1377432396, 52.56
1377432401, 52.52
1377432406, 52.56
1377432411, 52.56
1377432416, 52.56
1377432421, 52.56
1377432426, 52.56
1377432431, 52.56
1377432436, 52.56
1377432441, 52.56
1377432446, 52.56
1377432451, 52.56
1377432456, 52.56
1377432461, 52.56
1377432466, 52.56
1377432471, 52.56
1377432476, 52.56
1377432481, 52.56
1377432486, 52.56
1377432491, 52.56
1377432496, 52.56
1377432501, 52.56
1377432506, 52.56
1377432511, 52.56
1377432516, 52.56
1377432521, 52.56
1377432526, 52.56
1377432531, 52.56
1377432536, 52.56
1377432541, 52.56
1377432546, 52.56
1377432551, 52.56
1377432556, 52.56
1377432561, 52.56
1377432566, 52.56
1377432571, 52.56
1377432576, 52.56
1377432581, 52.56
1377432586, 52.56
1377432591, 52.56
1377432596, 52.56
1377432601, 52.56
1377432606, 52.56
1377432611, 52.56
1377432616, 52.56
1377432621, 52.56
1377432626, 52.56
1377432631, 52.56
1377432636, 52.56
1377432641, 52.56
1377432646, 52.59
1377432651, 52.56
1377432656, 52.56
1377432661, 52.59
1377432666, 52.56
1377432671, 52.59
1377432676, 52.56
1377432681, 52.59
1377432686, 52.59
1377432691, 52.59
1377432696, 52.56
1377432701, 52.56
1377432706, 52.56
1377432711, 52.59
1377432716, 52.56
1377432721, 52.59
1377432726, 52.59
1377432731, 52.56
1377432736, 52.59
1377432741, 52.59
1377432746, 52.59
1377432751, 52.59
1377432756, 52.59
1377432761, 52.56
1377432766, 52.59
1377432771, 52.59
1377432776, 52.59
1377432781, 52.59
1377432786, 52.59
1377432791, 52.56
1377432796, 52.59
1377432801, 52.59
1377432806, 52.59
1377432811, 52.59
1377432816, 52.59
1377432821, 52.59
1377432826, 52.59
1377432831, 52.59
1377432836, 52.59
1377432841, 52.62
1377432846, 52.59
1377432851, 52.62
1377432856, 52.59
1377432861, 52.59
1377432866, 52.59
1377432871, 52.59
1377432876, 52.59
1377432881, 52.59
1377432886, 52.62
1377432891, 52.62
1377432896, 52.59
1377432901, 52.59
1377432906, 52.59
1377432911, 52.62
1377432916, 52.62
1377432921, 52.62
1377432926, 52.62
1377432931, 52.59
1377432936, 52.62
1377432941, 52.62
1377432946, 52.62
1377432951, 52.62
1377432956, 52.62
1377432961, 52.62
1377432966, 52.62
1377432971, 52.62
1377432976, 52.62
1377432981, 52.62
1377432986, 52.62
1377432991, 52.62
1377432996, 52.62
1377433001, 52.62
1377433006, 52.62
1377433011, 52.62
1377433016, 52.62
1377433021, 52.62
1377433026, 52.59
1377433031, 52.62
1377433036, 52.62
1377433041, 52.62
1377433046, 52.62
1377433051, 52.62
1377433056, 52.62
1377433061, 52.62
1377433066, 52.65
1377433071, 52.62
1377433076, 52.62
1377433081, 52.62
1377433086, 52.62
1377433091, 52.62
1377433096, 52.62
1377433101, 52.62
1377433106, 52.62
1377433111, 52.62
1377433116, 52.62
1377433121, 52.62
1377433126, 52.62
1377433131, 52.62
1377433136, 52.65
1377433141, 52.65
1377433146, 52.62
1377433151, 52.65
1377433156, 52.65
1377433161, 52.65
1377433166, 52.65
1377433171, 52.65
1377433176, 52.65
1377433181, 52.65
1377433186, 52.65
1377433191, 52.65
1377433196, 52.65
1377433201, 52.65
1377433206, 52.68
1377433211, 52.65
1377433216, 52.65
1377433221, 52.65
1377433226, 52.65
1377433231, 52.65
1377433236, 52.65
1377433241, 52.65
1377433246, 52.65
1377433251, 52.65
1377433256, 52.68
1377433261, 52.65
1377433266, 52.68
1377433271, 52.65
1377433276, 52.68
1377433281, 52.68
1377433286, 52.65
1377433291, 52.65
1377433296, 52.65
1377433301, 52.68
1377433306, 52.65
1377433311, 52.68
1377433316, 52.65
1377433321, 52.65
1377433326, 52.68
1377433331, 52.68
1377433336, 52.65
1377433341, 52.68
1377433346, 52.68
1377433351, 52.68
1377433356, 52.68
1377433361, 52.68
1377433366, 52.68
1377433371, 52.68
1377433376, 52.68
1377433381, 52.68
1377433386, 52.68
1377433391, 52.68
1377433396, 52.68
1377433401, 52.68
1377433406, 52.68
1377433411, 52.68
1377433416, 52.68
1377433421, 52.68
1377433426, 52.68
1377433431, 52.68
1377433436, 52.68
1377433441, 52.68
1377433446, 52.68
1377433451, 52.68
1377433456, 52.68
1377433461, 52.68
1377433466, 52.68
1377433471, 52.71
1377433476, 52.68
1377433481, 52.68
1377433486, 52.68
1377433491, 52.68
1377433496, 52.68
1377433501, 52.68
1377433506, 52.71
1377433511, 52.68
1377433516, 52.68
1377433521, 52.71
1377433526, 52.68
1377433531, 52.68
1377433536, 52.68
1377433541, 52.68
1377433546, 52.68
1377433551, 52.68
1377433556, 52.71
1377433561, 52.71
1377433566, 52.68
1377433571, 52.68
1377433576, 52.71
1377433581, 52.68
1377433586, 52.68
1377433591, 52.68
1377433596, 52.68
1377433601, 52.68
1377433606, 52.68
1377433611, 52.71
1377433616, 52.71
1377433621, 52.71
1377433628, 52.71
1377433631, 52.71
1377433636, 52.68
1377433641, 52.71
1377433646, 52.68
1377433651, 52.71
1377433656, 52.68
1377433661, 52.71
1377433666, 52.71
1377433671, 52.71
1377433676, 52.68
1377433681, 52.71
1377433686, 52.68
1377433691, 52.71
1377433696, 52.71
1377433701, 52.71
1377433706, 52.71
1377433711, 52.75
1377433716, 52.75
1377433721, 52.71
1377433726, 52.71
1377433731, 52.71
1377433736, 52.75
1377433741, 52.75
1377433746, 52.71
1377433751, 52.71
1377433756, 52.75
1377433761, 52.75
1377433766, 52.71
1377433771, 52.75
1377433776, 52.71
1377433781, 52.71
1377433786, 52.71
1377433791, 52.71
1377433796, 52.75
1377433801, 52.71
1377433806, 52.75
1377433811, 52.75
1377433816, 52.71
1377433821, 52.75
1377433826, 52.75
1377433831, 52.71
1377433836, 52.75
1377433841, 52.75
1377433846, 52.75
1377433851, 52.71
1377433856, 52.75
1377433861, 52.71
1377433866, 52.75
1377433871, 52.75
1377433876, 52.75
1377433881, 52.75
1377433886, 52.75
1377433891, 52.75
1377433896, 52.75
1377433901, 52.75
1377433906, 52.75
1377433911, 52.75
1377433916, 52.75
1377433921, 52.75
1377433926, 52.71
1377433931, 52.75
1377433936, 52.71
1377433941, 52.75
1377433946, 52.75
1377433951, 52.75
1377433956, 52.75
1377433961, 52.75
1377433966, 52.71
1377433971, 52.75
1377433976, 52.75
1377433981, 52.75
1377433986, 52.75
1377433991, 52.75
1377433996, 52.75
1377434001, 52.75
1377434006, 52.75
1377434011, 52.75
1377434016, 52.75
1377434021, 52.75
1377434026, 52.75
1377434031, 52.75
1377434036, 52.75
1377434041, 52.75
1377434046, 52.78
1377434051, 52.75
1377434056, 52.75
1377434061, 52.75
1377434066, 52.71
1377434071, 52.75
1377434076, 52.75
1377434081, 52.75
1377434086, 52.75
1377434091, 52.75
1377434096, 52.75
1377434101, 52.75
1377434106, 52.75
1377434111, 52.75
1377434116, 52.75
1377434121, 52.75
1377434126, 52.75
1377434131, 52.75
1377434136, 52.75
1377434141, 52.75
1377434146, 52.75
1377434151, 52.75
1377434156, 52.75
1377434161, 52.75
1377434166, 52.75
1377434171, 52.75
1377434176, 52.75
1377434181, 52.75
1377434186, 52.78
1377434191, 52.75
1377434196, 52.78
1377434201, 52.75
1377434206, 52.78
1377434211, 52.78
1377434216, 52.78
1377434221, 52.75
1377434226, 52.78
1377434231, 52.75
1377434236, 52.75
1377434241, 52.78
1377434246, 52.78
1377434251, 52.78
1377434256, 52.75
1377434261, 52.78
1377434266, 52.75
1377434271, 52.78
1377434276, 52.78
1377434281, 52.78
1377434286, 52.78
1377434291, 52.78
1377434296, 52.78
1377434301, 52.78
1377434306, 52.78
1377434311, 52.78
1377434316, 52.78
1377434321, 52.78
1377434326, 52.78
1377434331, 52.78
1377434336, 52.81
1377434341, 52.78
1377434346, 52.81
1377434351, 52.81
1377434356, 52.78
1377434361, 52.81
1377434366, 52.78
1377434371, 52.78
1377434376, 52.81
1377434381, 52.78
1377434386, 52.81
1377434391, 52.78
1377434396, 52.78
1377434401, 52.78
1377434406, 52.78
1377434411, 52.78
1377434416, 52.78
1377434421, 52.78
1377434426, 52.78
1377434431, 52.78
1377434436, 52.78
1377434441, 52.78
1377434446, 52.78
1377434451, 52.78
1377434456, 52.78
1377434461, 52.78
1377434466, 52.78
1377434471, 52.81
1377434476, 52.78
1377434481, 52.78
1377434486, 52.81
1377434491, 52.81
1377434496, 52.81
1377434501, 52.78
1377434506, 52.78
1377434511, 52.81
1377434516, 52.78
1377434521, 52.81
1377434526, 52.78
1377434531, 52.78
1377434536, 52.81
1377434541, 52.81
1377434546, 52.81
1377434551, 52.78
1377434556, 52.78
1377434561, 52.78
1377434566, 52.81
1377434571, 52.81
1377434576, 52.81
1377434581, 52.78
1377434586, 52.81
1377434591, 52.81
1377434596, 52.81
1377434601, 52.81
1377434606, 52.78
1377434611, 52.81
1377434616, 52.81
1377434621, 52.78
1377434626, 52.78
1377434631, 52.81
1377434636, 52.81
1377434641, 52.81
1377434646, 52.81
1377434651, 52.78
1377434656, 52.81
1377434661, 52.81
1377434666, 52.81
1377434671, 52.81
1377434676, 52.81
1377434681, 52.81
1377434686, 52.81
1377434691, 52.81
1377434696, 52.81
1377434701, 52.81
1377434706, 52.81
1377434711, 52.81
1377434716, 52.81
1377434721, 52.81
1377434726, 52.81
1377434731, 52.81
1377434736, 52.81
1377434741, 52.81
1377434746, 52.81
1377434751, 52.81
1377434756, 52.81
1377434761, 52.81
1377434766, 52.81
1377434771, 52.81
1377434776, 52.81
1377434781, 52.81
1377434786, 52.81
1377434791, 52.81
1377434796, 52.81
1377434801, 52.81
1377434806, 52.81
1377434811, 52.81
1377434816, 52.81
1377434821, 52.81
1377434826, 52.81
1377434831, 52.81
1377434836, 52.81
1377434841, 52.81
1377434846, 52.81
1377434851, 52.81
1377434856, 52.84
1377434861, 52.84
1377434866, 52.81
1377434871, 52.81
1377434876, 52.81
1377434881, 52.84
1377434886, 52.81
1377434891, 52.81
1377434896, 52.81
1377434901, 52.81
1377434906, 52.81
1377434911, 52.81
1377434916, 52.81
1377434921, 52.81
1377434926, 52.84
1377434931, 52.81
1377434936, 52.81
1377434941, 52.81
1377434946, 52.84
1377434951, 52.81
1377434956, 52.84
1377434961, 52.84
1377434966, 52.81
1377434971, 52.81
1377434976, 52.81
1377434981, 52.81
1377434986, 52.81
1377434991, 52.81
1377434996, 52.84
1377435001, 52.84
1377435006, 52.81
1377435011, 52.84
1377435016, 52.84
1377435021, 52.84
1377435026, 52.84
1377435031, 52.84
1377435036, 52.84
1377435041, 52.81
1377435046, 52.81
1377435051, 52.81
1377435056, 52.84
1377435061, 52.84
1377435066, 52.84
1377435071, 52.84
1377435076, 52.84
1377435081, 52.84
1377435086, 52.84
1377435091, 52.84
1377435096, 52.84
1377435101, 52.84
1377435106, 52.84
1377435111, 52.84
1377435116, 52.84
1377435121, 52.84
1377435126, 52.84
1377435131, 52.84
1377435136, 52.84
1377435141, 52.84
1377435146, 52.84
1377435151, 52.84
1377435156, 52.84
1377435161, 52.84
1377435166, 52.84
1377435171, 52.84
1377435176, 52.84
1377435181, 52.84
1377435186, 52.84
1377435191, 52.84
1377435196, 52.84
1377435201, 52.84
1377435206, 52.87
1377435211, 52.84
1377435216, 52.84
1377435221, 52.84
1377435226, 52.84
1377435231, 52.84
1377435236, 52.84
1377435241, 52.87
1377435246, 52.84
1377435251, 52.87
1377435256, 52.84
1377435261, 52.87
1377435266, 52.87
1377435271, 52.84
1377435276, 52.84
1377435281, 52.87
1377435286, 52.87
1377435291, 52.84
1377435296, 52.87
1377435301, 52.87
1377435306, 52.84
1377435311, 52.87
1377435316, 52.84
1377435321, 52.87
1377435326, 52.84
1377435331, 52.87
1377435336, 52.87
1377435341, 52.87
1377435346, 52.87
1377435351, 52.84
1377435356, 52.84
1377435361, 52.87
1377435366, 52.87
1377435371, 52.87
1377435376, 52.87
1377435381, 52.87
1377435386, 52.84
1377435391, 52.87
1377435396, 52.84
1377435401, 52.87
1377435406, 52.87
1377435411, 52.87
1377435416, 52.87
1377435421, 52.87
1377435426, 52.87
1377435431, 52.87
1377435436, 52.87
1377435441, 52.87
1377435446, 52.87
1377435451, 52.87
1377435456, 52.87
1377435461, 52.87
1377435466, 52.87
1377435471, 52.84
1377435476, 52.87
1377435481, 52.87
1377435486, 52.87
1377435491, 52.87
1377435496, 52.87
1377435501, 52.87
1377435506, 52.87
1377435511, 52.87
1377435516, 52.87
1377435521, 52.87
1377435526, 52.87
1377435531, 52.87
1377435536, 52.87
1377435541, 52.87
1377435546, 52.87
1377435551, 52.87
1377435556, 52.87
1377435561, 52.87
1377435566, 52.87
1377435571, 52.87
1377435576, 52.87
1377435581, 52.87
1377435586, 52.87
1377435591, 52.87
1377435596, 52.87
1377435601, 52.87
1377435606, 52.91
1377435611, 52.87
1377435616, 52.87
1377435621, 52.91
1377435626, 52.91
1377435631, 52.87
1377435636, 52.91
1377435641, 52.87
1377435646, 52.87
1377435651, 52.87
1377435656, 52.87
1377435661, 52.87
1377435666, 52.87
1377435671, 52.91
1377435676, 52.87
1377435681, 52.87
1377435686, 52.87
1377435691, 52.91
1377435696, 52.87
1377435701, 52.87
1377435706, 52.87
1377435711, 52.91
1377435716, 52.91
1377435721, 52.91
1377435726, 52.91
1377435731, 52.91
1377435736, 52.91
1377435741, 52.87
1377435746, 52.91
1377435751, 52.91
1377435756, 52.87
1377435761, 52.91
1377435766, 52.91
1377435771, 52.91
1377435776, 52.91
1377435781, 52.91
1377435786, 52.91
1377435791, 52.94
1377435796, 52.87
1377435801, 52.87
1377435806, 52.87
1377435811, 52.91
1377435816, 52.91
1377435821, 52.91
1377435826, 52.91
1377435831, 52.91
1377435836, 52.91
1377435841, 52.91
1377435846, 52.91
1377435851, 52.91
1377435856, 52.91
1377435861, 52.94
1377435866, 52.91
1377435871, 52.91
1377435876, 52.91
1377435881, 52.94
1377435886, 52.91
1377435891, 52.91
1377435896, 52.91
1377435901, 52.91
1377435906, 52.91
1377435911, 52.94
1377435916, 52.91
1377435921, 52.94
1377435926, 52.94
1377435931, 52.91
1377435936, 52.94
1377435941, 52.91
1377435946, 52.94
1377435951, 52.91
1377435956, 52.91
1377435961, 52.94
1377435966, 52.94
1377435971, 52.94
1377435976, 52.94
1377435981, 52.91
1377435986, 52.91
1377435991, 52.94
1377435996, 52.91
1377436001, 52.94
1377436006, 52.94
1377436011, 52.94
1377436016, 52.94
1377436021, 52.91
1377436026, 52.94
1377436031, 52.91
1377436036, 52.91
1377436041, 52.94
1377436046, 52.94
1377436051, 52.94
1377436056, 52.94
1377436061, 52.94
1377436066, 52.94
1377436071, 52.94
1377436076, 52.94
1377436083, 52.94
1377436086, 52.94
1377436091, 52.94
1377436096, 52.94
1377436101, 52.94
1377436106, 52.94
1377436111, 52.94
1377436116, 52.94
1377436121, 52.94
1377436126, 52.94
1377436131, 52.94
1377436136, 52.94
1377436141, 52.94
1377436146, 52.94
1377436151, 52.94
1377436156, 52.94
1377436161, 52.94
1377436166, 52.94
1377436171, 52.94
1377436176, 52.94
1377436181, 52.94
1377436186, 52.94
1377436191, 52.97
1377436196, 52.94
1377436201, 52.94
1377436206, 52.94
1377436211, 52.94
1377436216, 52.94
1377436221, 52.94
1377436226, 52.94
1377436231, 52.94
1377436236, 52.94
1377436241, 52.94
1377436246, 52.94
1377436251, 52.94
1377436256, 52.94
1377436261, 52.94
1377436266, 52.94
1377436271, 52.94
1377436276, 52.97
1377436281, 52.94
1377436286, 52.97
1377436291, 52.97
1377436296, 52.97
1377436301, 52.97
1377436306, 52.97
1377436311, 52.94
1377436316, 52.94
1377436321, 52.94
1377436326, 52.94
1377436331, 52.94
1377436336, 52.94
1377436341, 52.97
1377436346, 52.97
1377436351, 52.97
1377436356, 52.97
1377436361, 52.94
1377436366, 52.94
1377436371, 52.97
1377436376, 52.97
1377436381, 52.97
1377436386, 52.94
1377436391, 52.94
1377436396, 52.97
1377436401, 52.97
1377436406, 52.97
1377436411, 52.97
1377436416, 52.94
1377436421, 52.97
1377436426, 52.97
1377436431, 52.97
1377436436, 52.97
1377436441, 52.94
1377436446, 52.97
1377436451, 52.97
1377436456, 52.97
1377436461, 52.97
1377436466, 52.97
1377436471, 52.97
1377436476, 52.97
1377436481, 52.97
1377436486, 53.00
1377436491, 52.97
1377436496, 52.97
1377436501, 52.97
1377436506, 52.97
1377436511, 52.97
1377436516, 52.97
1377436521, 52.97
1377436526, 52.97
1377436531, 53.00
1377436536, 53.00
1377436541, 53.00
1377436546, 52.97
1377436551, 52.97
1377436556, 52.97
1377436561, 52.97
1377436566, 52.97
1377436571, 52.97
1377436576, 52.97
1377436581, 53.00
1377436586, 53.00
1377436591, 52.97
1377436596, 53.00
1377436601, 52.97
1377436606, 52.97
1377436611, 52.97
1377436616, 53.00
1377436621, 52.97
1377436626, 53.00
1377436631, 52.97
1377436636, 53.00
1377436641, 53.00
1377436646, 53.00
1377436651, 52.97
1377436656, 53.00
1377436661, 53.00
1377436666, 53.00
1377436671, 52.97
1377436676, 53.00
1377436681, 53.00
1377436686, 53.00
1377436691, 52.97
1377436696, 52.97
1377436701, 53.00
1377436706, 53.00
1377436711, 53.00
1377436716, 53.00
1377436721, 52.97
1377436726, 53.00
1377436731, 53.00
1377436736, 52.97
1377436741, 53.00
1377436746, 53.00
1377436751, 53.00
1377436756, 53.00
1377436761, 53.00
1377436766, 53.00
1377436771, 53.00
1377436776, 53.00
1377436781, 53.00
1377436786, 53.00
1377436791, 53.00
1377436796, 53.00
1377436801, 53.00
1377436806, 53.00
1377436811, 53.00
1377436816, 53.00
1377436821, 53.00
1377436826, 53.00
1377436831, 53.00
1377436836, 53.00
1377436841, 53.00
1377436846, 53.00
1377436851, 53.00
1377436856, 53.00
1377436861, 53.00
1377436866, 53.00
1377436871, 53.00
1377436876, 53.00
1377436881, 53.00
1377436886, 53.00
1377436891, 53.00
1377436898, 53.00
1377436901, 53.00
1377436906, 53.00
1377436911, 53.00
1377436916, 53.00
1377436921, 53.00
1377436926, 53.00
1377436931, 53.00
1377436936, 53.00
1377436941, 53.00
1377436946, 53.00
1377436951, 53.00
1377436956, 53.03
1377436961, 53.00
1377436966, 53.00
1377436971, 53.00
1377436976, 53.00
1377436981, 53.00
1377436986, 53.00
1377436991, 53.00
1377436996, 53.03
1377437001, 53.00
1377437006, 53.00
1377437011, 53.00
1377437016, 53.00
1377437021, 53.00
1377437026, 53.03
1377437031, 53.00
1377437036, 53.03
1377437041, 53.00
1377437046, 53.00
1377437051, 53.00
1377437056, 53.03
1377437061, 53.03
1377437066, 53.03
1377437071, 53.03
1377437076, 53.03
1377437081, 53.00
1377437086, 53.03
1377437091, 53.00
1377437096, 53.00
1377437101, 53.03
1377437106, 53.03
1377437111, 53.03
1377437116, 53.00
1377437121, 53.03
1377437126, 53.03
1377437131, 53.00
1377437136, 53.03
1377437141, 53.03
1377437146, 53.03
1377437151, 53.03
1377437156, 53.03
1377437161, 53.03
1377437166, 53.03
1377437171, 53.03
1377437176, 53.03
1377437181, 53.03
1377437186, 53.00
1377437191, 53.03
1377437196, 53.06
1377437201, 53.03
1377437206, 53.03
1377437211, 53.03
1377437216, 53.03
1377437221, 53.03
1377437226, 53.03
1377437231, 53.03
1377437236, 53.03
1377437241, 53.06
1377437246, 53.03
1377437251, 53.03
1377437256, 53.06
1377437261, 53.06
1377437266, 53.06
1377437271, 53.06
1377437276, 53.03
1377437281, 53.03
1377437286, 53.03
1377437291, 53.06
1377437296, 53.03
1377437301, 53.03
1377437306, 53.06
1377437311, 53.03
1377437316, 53.06
1377437321, 53.06
1377437326, 53.06
1377437331, 53.06
1377437336, 53.03
1377437341, 53.03
1377437346, 53.06
1377437351, 53.06
1377437356, 53.06
1377437361, 53.06
1377437366, 53.06
1377437371, 53.06
1377437376, 53.06
1377437381, 53.06
1377437386, 53.06
1377437391, 53.06
1377437396, 53.06
1377437401, 53.06
1377437406, 53.06
1377437411, 53.06
1377437416, 53.06
1377437421, 53.06
1377437426, 53.06
1377437431, 53.06
1377437436, 53.06
1377437441, 53.06
1377437446, 53.06
1377437451, 53.06
1377437456, 53.06
1377437461, 53.06
1377437466, 53.06
1377437471, 53.10
1377437476, 53.06
1377437481, 53.06
1377437486, 53.06
1377437491, 53.06
1377437496, 53.06
1377437501, 53.06
1377437506, 53.06
1377437511, 53.06
1377437516, 53.06
1377437521, 53.06
1377437526, 53.06
1377437531, 53.06
1377437536, 53.06
1377437541, 53.06
1377437546, 53.06
1377437551, 53.06
1377437556, 53.06
1377437561, 53.06
1377437566, 53.06
1377437571, 53.06
1377437576, 53.06
1377437581, 53.06
1377437586, 53.06
1377437591, 53.06
1377437596, 53.06
1377437601, 53.10
1377437606, 53.06
1377437611, 53.06
1377437616, 53.06
1377437621, 53.06
1377437626, 53.06
1377437631, 53.06
1377437636, 53.06
1377437641, 53.06
1377437646, 53.06
1377437651, 53.10
1377437656, 53.10
1377437661, 53.10
1377437666, 53.06
1377437671, 53.10
1377437676, 53.10
1377437681, 53.10
1377437686, 53.10
1377437691, 53.10
1377437696, 53.06
1377437701, 53.10
1377437706, 53.10
1377437711, 53.06
1377437716, 53.06
1377437721, 53.10
1377437726, 53.10
1377437731, 53.06
1377437736, 53.10
1377437741, 53.10
1377437746, 53.10
1377437751, 53.10
1377437756, 53.10
1377437761, 53.13
1377437766, 53.10
1377437771, 53.10
1377437776, 53.10
1377437781, 53.10
1377437786, 53.10
1377437791, 53.10
1377437796, 53.10
1377437801, 53.10
1377437806, 53.10
1377437811, 53.10
1377437816, 53.10
1377437821, 53.10
1377437826, 53.10
1377437831, 53.10
1377437836, 53.10
1377437841, 53.06
1377437846, 53.10
1377437851, 53.10
1377437856, 53.06
1377437861, 53.10
1377437866, 53.13
1377437871, 53.13
1377437876, 53.13
1377437881, 53.10
1377437886, 53.13
1377437891, 53.10
1377437896, 53.10
1377437901, 53.13
1377437906, 53.13
1377437911, 53.13
1377437916, 53.13
1377437921, 53.10
1377437926, 53.13
1377437931, 53.13
1377437936, 53.13
1377437941, 53.10
1377437946, 53.13
1377437951, 53.13
1377437956, 53.13
1377437961, 53.13
1377437966, 53.13
1377437971, 53.13
1377437976, 53.13
1377437981, 53.10
1377437986, 53.13
1377437991, 53.13
1377437996, 53.13
1377438001, 53.13
1377438006, 53.13
1377438011, 53.13
1377438016, 53.13
1377438021, 53.13
1377438026, 53.13
1377438031, 53.13
1377438036, 53.13
1377438041, 53.13
1377438046, 53.13
1377438051, 53.13
1377438056, 53.13
1377438061, 53.13
1377438066, 53.13
1377438071, 53.13
1377438076, 53.13
1377438081, 53.13
1377438086, 53.13
1377438091, 53.13
1377438096, 53.13
1377438101, 53.13
1377438106, 53.13
1377438111, 53.13
1377438116, 53.13
1377438121, 53.13
1377438126, 53.13
1377438131, 53.13
1377438136, 53.13
1377438141, 53.13
1377438146, 53.13
1377438151, 53.13
1377438156, 53.13
1377438161, 53.13
1377438166, 53.16
1377438171, 53.13
1377438176, 53.13
1377438181, 53.13
1377438186, 53.13
1377438191, 53.13
1377438196, 53.13
1377438201, 53.13
1377438206, 53.16
1377438211, 53.13
1377438216, 53.13
1377438221, 53.16
1377438226, 53.16
1377438231, 53.13
1377438236, 53.13
1377438241, 53.13
1377438246, 53.13
1377438251, 53.13
1377438256, 53.13
1377438261, 53.16
1377438266, 53.16
1377438271, 53.13
1377438276, 53.13
1377438281, 53.16
1377438286, 53.13
1377438291, 53.16
1377438296, 53.13
1377438301, 53.16
1377438306, 53.16
1377438311, 53.16
1377438316, 53.13
1377438321, 53.16
1377438326, 53.13
1377438331, 53.13
1377438336, 53.13
1377438341, 53.13
1377438346, 53.16
1377438351, 53.13
1377438356, 53.13
1377438361, 53.13
1377438366, 53.16
1377438371, 53.16
1377438376, 53.16
1377438381, 53.16
1377438386, 53.16
1377438391, 53.16
1377438396, 53.16
1377438401, 53.16
1377438406, 53.13
1377438411, 53.16
1377438416, 53.16
1377438421, 53.13
1377438426, 53.13
1377438431, 53.13
1377438436, 53.16
1377438441, 53.16
1377438446, 53.13
1377438451, 53.16
1377438456, 53.16
1377438461, 53.16
1377438466, 53.16
1377438471, 53.16
1377438476, 53.19
1377438481, 53.16
1377438486, 53.13
1377438491, 53.16
1377438496, 53.16
1377438501, 53.16
1377438506, 53.16
1377438511, 53.16
1377438516, 53.16
1377438521, 53.16
1377438526, 53.16
1377438531, 53.16
1377438536, 53.16
1377438542, 53.19
1377438546, 53.16
1377438551, 53.19
1377438556, 53.16
1377438561, 53.16
1377438566, 53.16
1377438571, 53.16
1377438576, 53.19
1377438581, 53.16
1377438586, 53.16
1377438591, 53.16
1377438596, 53.16
1377438601, 53.16
1377438606, 53.16
1377438611, 53.19
1377438616, 53.19
1377438621, 53.16
1377438626, 53.16
1377438631, 53.16
1377438636, 53.19
1377438641, 53.16
1377438646, 53.19
1377438651, 53.19
1377438656, 53.16
1377438661, 53.19
1377438666, 53.19
1377438671, 53.16
1377438676, 53.19
1377438681, 53.16
1377438686, 53.16
1377438691, 53.19
1377438696, 53.19
1377438701, 53.19
1377438706, 53.19
1377438711, 53.16
1377438716, 53.19
1377438721, 53.19
1377438726, 53.16
1377438731, 53.19
1377438736, 53.16
1377438741, 53.19
1377438746, 53.19
1377438751, 53.19
1377438756, 53.19
1377438761, 53.19
1377438766, 53.19
1377438771, 53.19
1377438776, 53.19
1377438781, 53.19
1377438786, 53.19
1377438791, 53.19
1377438796, 53.19
1377438801, 53.19
1377438806, 53.19
1377438811, 53.19
1377438816, 53.19
1377438821, 53.19
1377438826, 53.19
1377438831, 53.19
1377438836, 53.19
1377438841, 53.19
1377438846, 53.19
1377438851, 53.19
1377438856, 53.19
1377438861, 53.19
1377438866, 53.19
1377438871, 53.19
1377438876, 53.19
1377438881, 53.19
1377438886, 53.22
1377438891, 53.19
1377438896, 53.19
1377438901, 53.19
1377438906, 53.19
1377438911, 53.19
1377438916, 53.19
1377438921, 53.19
1377438926, 53.19
1377438931, 53.19
1377438936, 53.19
1377438941, 53.19
1377438946, 53.19
1377438951, 53.19
1377438956, 53.22
1377438961, 53.19
1377438966, 53.19
1377438971, 53.19
1377438976, 53.22
1377438981, 53.19
1377438986, 53.19
1377438991, 53.19
1377438996, 53.19
1377439001, 53.22
1377439006, 53.19
1377439011, 53.19
1377439016, 53.22
1377439021, 53.19
1377439026, 53.19
1377439031, 53.19
1377439036, 53.22
1377439041, 53.22
1377439046, 53.19
1377439051, 53.19
1377439056, 53.19
1377439061, 53.22
1377439066, 53.19
1377439071, 53.19
1377439076, 53.22
1377439081, 53.22
1377439086, 53.22
1377439091, 53.19
1377439096, 53.22
1377439102, 53.19
1377439106, 53.19
1377439111, 53.22
1377439116, 53.22
1377439121, 53.22
1377439126, 53.22
1377439131, 53.22
1377439136, 53.19
1377439141, 53.22
1377439146, 53.22
1377439151, 53.22
1377439156, 53.19
1377439161, 53.22
1377439166, 53.22
1377439171, 53.22
1377439176, 53.22
1377439181, 53.19
1377439186, 53.22
1377439191, 53.22
1377439196, 53.22
1377439201, 53.22
1377439206, 53.22
1377439211, 53.22
1377439216, 53.22
1377439221, 53.22
1377439226, 53.22
1377439231, 53.22
1377439236, 53.22
1377439241, 53.19
1377439246, 53.22
1377439251, 53.22
1377439256, 53.22
1377439261, 53.22
1377439266, 53.22
1377439271, 53.22
1377439276, 53.22
1377439281, 53.25
1377439286, 53.22
1377439291, 53.22
1377439296, 53.22
1377439301, 53.22
1377439306, 53.22
1377439311, 53.22
1377439316, 53.22
1377439322, 53.22
1377439326, 53.22
1377439331, 53.22
1377439336, 53.22
1377439341, 53.22
1377439346, 53.22
1377439351, 53.22
1377439356, 53.22
1377439361, 53.22
1377439366, 53.25
1377439371, 53.22
1377439376, 53.25
1377439381, 53.22
1377439386, 53.22
1377439391, 53.22
1377439396, 53.22
1377439401, 53.25
1377439406, 53.22
1377439411, 53.25
1377439416, 53.22
1377439421, 53.25
1377439426, 53.22
1377439431, 53.22
1377439436, 53.22
1377439441, 53.22
1377439446, 53.25
1377439451, 53.22
1377439456, 53.22
1377439461, 53.22
1377439466, 53.25
1377439471, 53.22
1377439476, 53.22
1377439481, 53.22
1377439486, 53.22
1377439491, 53.22
1377439496, 53.25
1377439501, 53.22
1377439506, 53.22
1377439511, 53.22
1377439516, 53.22
1377439521, 53.22
1377439526, 53.25
1377439531, 53.22
1377439536, 53.25
1377439541, 53.22
1377439546, 53.22
1377439551, 53.22
1377439556, 53.25
1377439561, 53.25
1377439566, 53.25
1377439571, 53.25
1377439576, 53.25
1377439581, 53.25
1377439586, 53.22
1377439591, 53.22
1377439596, 53.25
1377439601, 53.22
1377439606, 53.25
1377439611, 53.25
1377439616, 53.22
1377439621, 53.22
1377439626, 53.25
1377439631, 53.25
1377439636, 53.25
1377439641, 53.25
1377439646, 53.25
1377439651, 53.25
1377439656, 53.25
1377439661, 53.25
1377439666, 53.22
1377439671, 53.25
1377439676, 53.25
1377439681, 53.25
1377439686, 53.25
1377439691, 53.25
1377439696, 53.25
1377439701, 53.25
1377439706, 53.25
1377439711, 53.25
1377439716, 53.25
1377439721, 53.25
1377439726, 53.25
1377439731, 53.25
1377439736, 53.25
1377439741, 53.25
1377439746, 53.25
1377439751, 53.25
1377439756, 53.25
1377439761, 53.25
1377439766, 53.25
1377439771, 53.25
1377439776, 53.25
1377439781, 53.25
1377439786, 53.25
1377439791, 53.25
1377439796, 53.25
1377439801, 53.25
1377439806, 53.25
1377439811, 53.25
1377439816, 53.25
1377439821, 53.25
1377439826, 53.25
1377439831, 53.25
1377439836, 53.25
1377439841, 53.25
1377439846, 53.25
1377439851, 53.28
1377439856, 53.25
1377439861, 53.25
1377439866, 53.25
1377439871, 53.25
1377439876, 53.25
1377439881, 53.25
1377439886, 53.25
1377439891, 53.25
1377439896, 53.25
1377439901, 53.28
1377439906, 53.25
1377439911, 53.28
1377439916, 53.25
1377439921, 53.25
1377439926, 53.28
1377439931, 53.25
1377439936, 53.28
1377439941, 53.28
1377439946, 53.25
1377439951, 53.25
1377439956, 53.25
1377439961, 53.28
1377439966, 53.28
1377439971, 53.25
1377439976, 53.25
1377439981, 53.28
1377439986, 53.28
1377439991, 53.28
1377439996, 53.25
1377440001, 53.28
1377440006, 53.25
1377440011, 53.28
1377440016, 53.25
1377440021, 53.28
1377440026, 53.28
1377440031, 53.28
1377440036, 53.28
1377440041, 53.25
1377440046, 53.28
1377440051, 53.28
1377440056, 53.25
1377440061, 53.28
1377440066, 53.28
1377440071, 53.28
1377440076, 53.25
1377440081, 53.25
1377440086, 53.32
1377440091, 53.28
1377440096, 53.28
1377440101, 53.28
1377440106, 53.28
1377440111, 53.28
1377440116, 53.28
1377440121, 53.28
1377440126, 53.28
1377440131, 53.25
1377440136, 53.28
1377440141, 53.28
1377440146, 53.28
1377440151, 53.28
1377440156, 53.28
1377440161, 53.28
1377440168, 53.32
1377440171, 53.28
1377440176, 53.32
1377440181, 53.28
1377440187, 53.28
1377440191, 53.32
1377440196, 53.32
1377440201, 53.32
1377440206, 53.28
1377440211, 53.28
1377440216, 53.28
1377440221, 53.32
1377440226, 53.32
1377440231, 53.32
1377440236, 53.28
1377440241, 53.32
1377440246, 53.28
1377440251, 53.28
1377440256, 53.28
1377440261, 53.32
1377440266, 53.32
1377440271, 53.32
1377440276, 53.28
1377440281, 53.32
1377440286, 53.32
1377440291, 53.32
1377440296, 53.28
1377440301, 53.28
1377440306, 53.28
1377440311, 53.28
1377440316, 53.32
1377440321, 53.32
1377440326, 53.28
1377440331, 53.32
1377440336, 53.32
1377440341, 53.28
1377440346, 53.32
1377440351, 53.28
1377440356, 53.32
1377440361, 53.28
1377440366, 53.32
1377440371, 53.32
1377440376, 53.32
1377440381, 53.28
1377440386, 53.28
1377440391, 53.28
1377440396, 53.32
1377440401, 53.32
1377440406, 53.32
1377440411, 53.32
1377440416, 53.32
1377440421, 53.32
1377440426, 53.32
1377440431, 53.28
1377440436, 53.32
1377440441, 53.32
1377440446, 53.32
1377440451, 53.32
1377440456, 53.32
1377440461, 53.32
1377440466, 53.32
1377440471, 53.32
1377440476, 53.32
1377440481, 53.32
1377440486, 53.32
1377440491, 53.32
1377440496, 53.32
1377440501, 53.32
1377440506, 53.32
1377440511, 53.32
1377440516, 53.32
1377440521, 53.32
1377440526, 53.32
1377440531, 53.32
1377440536, 53.32
1377440541, 53.32
1377440546, 53.32
1377440551, 53.32
1377440556, 53.32
1377440561, 53.32
1377440566, 53.32
1377440571, 53.32
1377440576, 53.32
1377440581, 53.32
1377440586, 53.32
1377440591, 53.32
1377440596, 53.32
1377440601, 53.32
1377440606, 53.32
1377440611, 53.32
1377440616, 53.32
1377440621, 53.32
1377440626, 53.32
1377440631, 53.32
1377440636, 53.32
1377440641, 53.32
1377440646, 53.32
1377440651, 53.32
1377440656, 53.32
1377440661, 53.32
1377440666, 53.32
1377440671, 53.32
1377440676, 53.32
1377440681, 53.32
1377440686, 53.32
1377440691, 53.32
1377440696, 53.32
1377440701, 53.32
1377440706, 53.32
1377440711, 53.35
1377440716, 53.35
1377440721, 53.32
1377440726, 53.32
1377440731, 53.35
1377440736, 53.35
1377440741, 53.32
1377440746, 53.32
1377440751, 53.32
1377440756, 53.35
1377440762, 53.35
1377440766, 53.35
1377440771, 53.32
1377440776, 53.35
1377440781, 53.35
1377440786, 53.38
1377440791, 53.35
1377440796, 53.35
1377440801, 53.35
1377440806, 53.35
1377440811, 53.35
1377440816, 53.35
1377440821, 53.35
1377440826, 53.35
1377440831, 53.35
1377440836, 53.38
1377440841, 53.35
1377440846, 53.35
1377440851, 53.38
1377440856, 53.35
1377440861, 53.35
1377440866, 53.35
1377440871, 53.35
1377440876, 53.35
1377440881, 53.38
1377440886, 53.35
1377440891, 53.38
1377440896, 53.35
1377440901, 53.35
1377440906, 53.35
1377440911, 53.35
1377440916, 53.38
1377440921, 53.38
1377440926, 53.38
1377440931, 53.35
1377440936, 53.35
1377440941, 53.35
1377440946, 53.38
1377440951, 53.35
1377440956, 53.35
1377440961, 53.38
1377440966, 53.35
1377440971, 53.38
1377440976, 53.38
1377440981, 53.38
1377440986, 53.38
1377440991, 53.38
1377440996, 53.38
1377441001, 53.35
1377441008, 53.38
1377441011, 53.38
1377441016, 53.35
1377441021, 53.35
1377441026, 53.38
1377441031, 53.38
1377441036, 53.38
1377441041, 53.38
1377441046, 53.38
1377441051, 53.38
1377441056, 53.38
1377441061, 53.38
1377441066, 53.38
1377441071, 53.38
1377441076, 53.38
1377441081, 53.38
1377441086, 53.38
1377441091, 53.38
1377441096, 53.38
1377441101, 53.38
1377441106, 53.38
1377441111, 53.35
1377441116, 53.38
1377441121, 53.38
1377441126, 53.38
1377441131, 53.38
1377441136, 53.38
1377441141, 53.38
1377441146, 53.41
1377441151, 53.38
1377441156, 53.38
1377441161, 53.38
1377441166, 53.38
1377441171, 53.38
1377441176, 53.38
1377441181, 53.38
1377441186, 53.38
1377441191, 53.38
1377441196, 53.38
1377441201, 53.38
1377441206, 53.38
1377441211, 53.38
1377441216, 53.38
1377441221, 53.38
1377441226, 53.41
1377441231, 53.38
1377441236, 53.38
1377441241, 53.41
1377441246, 53.38
1377441251, 53.38
1377441256, 53.38
1377441261, 53.38
1377441266, 53.41
1377441271, 53.38
1377441276, 53.38
1377441281, 53.38
1377441286, 53.38
1377441291, 53.38
1377441296, 53.38
1377441301, 53.38
1377441306, 53.38
1377441311, 53.38
1377441316, 53.38
1377441321, 53.41
1377441326, 53.38
1377441331, 53.38
1377441336, 53.38
1377441341, 53.38
1377441346, 53.38
1377441351, 53.38
1377441356, 53.38
1377441361, 53.38
1377441366, 53.38
1377441371, 53.38
1377441376, 53.38
1377441381, 53.38
1377441386, 53.38
1377441391, 53.38
1377441396, 53.38
1377441401, 53.38
1377441406, 53.38
1377441411, 53.38
1377441416, 53.38
1377441421, 53.38
1377441426, 53.38
1377441431, 53.41
1377441436, 53.41
1377441441, 53.38
1377441446, 53.41
1377441451, 53.38
1377441456, 53.38
1377441461, 53.38
1377441466, 53.41
1377441471, 53.41
1377441476, 53.41
1377441481, 53.41
1377441486, 53.41
1377441491, 53.38
1377441496, 53.41
1377441501, 53.38
1377441506, 53.38
1377441511, 53.41
1377441516, 53.38
1377441521, 53.38
1377441526, 53.41
1377441531, 53.38
1377441536, 53.41
1377441541, 53.41
1377441546, 53.41
1377441551, 53.41
1377441556, 53.41
1377441561, 53.38
1377441566, 53.38
1377441571, 53.41
1377441576, 53.38
1377441581, 53.41
1377441586, 53.41
1377441591, 53.38
1377441596, 53.38
1377441601, 53.41
1377441606, 53.38
1377441611, 53.41
1377441616, 53.38
1377441621, 53.41
1377441626, 53.38
1377441631, 53.38
1377441636, 53.41
1377441641, 53.38
1377441646, 53.38
1377441651, 53.38
1377441656, 53.38
1377441661, 53.41
1377441666, 53.38
1377441671, 53.41
1377441676, 53.38
1377441681, 53.41
1377441686, 53.41
1377441691, 53.41
1377441696, 53.41
1377441701, 53.38
1377441706, 53.41
1377441711, 53.41
1377441716, 53.38
1377441721, 53.38
1377441726, 53.41
1377441731, 53.38
1377441736, 53.41
1377441741, 53.38
1377441746, 53.38
1377441751, 53.41
1377441756, 53.38
1377441761, 53.41
1377441766, 53.41
1377441771, 53.38
1377441776, 53.38
1377441781, 53.38
1377441786, 53.38
1377441791, 53.38
1377441796, 53.41
1377441801, 53.41
1377441806, 53.38
1377441811, 53.38
1377441816, 53.41
1377441821, 53.38
1377441826, 53.38
1377441831, 53.41
1377441836, 53.38
1377441841, 53.41
1377441846, 53.41
1377441851, 53.41
1377441856, 53.41
1377441861, 53.41
1377441866, 53.38
1377441871, 53.38
1377441876, 53.41
1377441881, 53.41
1377441886, 53.38
1377441891, 53.41
1377441896, 53.41
1377441901, 53.41
1377441906, 53.41
1377441911, 53.41
1377441916, 53.41
1377441921, 53.38
1377441926, 53.41
1377441931, 53.41
1377441936, 53.38
1377441941, 53.41
1377441946, 53.38
1377441951, 53.41
1377441956, 53.38
1377441961, 53.38
1377441966, 53.41
1377441971, 53.38
1377441976, 53.41
1377441981, 53.44
1377441986, 53.41
1377441991, 53.41
1377441996, 53.41
1377442001, 53.41
1377442006, 53.44
1377442011, 53.38
1377442016, 53.41
1377442021, 53.41
1377442026, 53.41
1377442031, 53.38
1377442036, 53.41
1377442041, 53.38
1377442046, 53.38
1377442051, 53.38
1377442056, 53.41
1377442061, 53.41
1377442066, 53.41
1377442071, 53.41
1377442076, 53.41
1377442081, 53.41
1377442086, 53.41
1377442091, 53.41
1377442096, 53.41
1377442101, 53.41
1377442106, 53.41
1377442111, 53.41
1377442116, 53.41
1377442121, 53.41
1377442126, 53.41
1377442131, 53.41
1377442136, 53.44
1377442141, 53.41
1377442146, 53.41
1377442151, 53.41
1377442156, 53.41
1377442161, 53.41
1377442166, 53.38
1377442171, 53.41
1377442176, 53.41
1377442181, 53.44
1377442186, 53.44
1377442191, 53.41
1377442196, 53.41
1377442201, 53.44
1377442206, 53.41
1377442211, 53.41
1377442216, 53.44
1377442221, 53.41
1377442226, 53.44
1377442231, 53.44
1377442236, 53.44
1377442241, 53.41
1377442246, 53.41
1377442251, 53.44
1377442256, 53.44
1377442261, 53.44
1377442266, 53.44
1377442271, 53.44
1377442276, 53.44
1377442281, 53.44
1377442286, 53.44
1377442291, 53.41
1377442296, 53.44
1377442301, 53.44
1377442306, 53.44
1377442311, 53.44
1377442316, 53.41
1377442321, 53.44
1377442326, 53.44
1377442331, 53.44
1377442336, 53.44
1377442341, 53.44
1377442346, 53.44
1377442351, 53.44
1377442356, 53.44
1377442361, 53.44
1377442366, 53.44
1377442371, 53.44
1377442376, 53.44
1377442381, 53.44
1377442386, 53.44
1377442391, 53.44
1377442396, 53.44
1377442401, 53.44
1377442406, 53.41
1377442411, 53.44
1377442416, 53.44
1377442421, 53.44
1377442426, 53.44
1377442431, 53.44
1377442436, 53.44
1377442441, 53.44
1377442446, 53.44
1377442451, 53.44
1377442456, 53.44
1377442461, 53.41
1377442466, 53.44
1377442471, 53.41
1377442476, 53.41
1377442481, 53.44
1377442486, 53.44
1377442491, 53.41
1377442496, 53.41
1377442501, 53.44
1377442506, 53.44
1377442511, 53.44
1377442516, 53.44
1377442521, 53.44
1377442526, 53.44
1377442531, 53.44
1377442536, 53.44
1377442541, 53.44
1377442546, 53.44
1377442551, 53.41
1377442556, 53.44
1377442561, 53.44
1377442566, 53.44
1377442571, 53.44
1377442576, 53.44
1377442581, 53.44
1377442586, 53.44
1377442591, 53.41
1377442596, 53.44
1377442601, 53.44
1377442606, 53.44
1377442611, 53.44
1377442616, 53.41
1377442621, 53.44
1377442626, 53.41
1377442631, 53.41
1377442636, 53.41
1377442641, 53.44
1377442646, 53.41
1377442651, 53.44
1377442656, 53.44
1377442661, 53.44
1377442666, 53.41
1377442671, 53.44
1377442676, 53.44
1377442681, 53.41
1377442688, 53.44
1377442691, 53.41
1377442696, 53.41
1377442701, 53.44
1377442706, 53.44
1377442711, 53.44
1377442716, 53.41
1377442721, 53.44
1377442726, 53.44
1377442731, 53.41
1377442736, 53.41
1377442741, 53.44
1377442746, 53.41
1377442751, 53.44
1377442756, 53.44
1377442761, 53.44
1377442766, 53.41
1377442771, 53.44
1377442776, 53.44
1377442781, 53.41
1377442786, 53.44
1377442791, 53.44
1377442796, 53.44
1377442801, 53.44
1377442806, 53.44
1377442811, 53.44
1377442816, 53.44
1377442821, 53.44
1377442826, 53.44
1377442831, 53.41
1377442836, 53.44
1377442841, 53.41
1377442846, 53.44
1377442851, 53.44
1377442856, 53.44
1377442861, 53.41
1377442866, 53.41
1377442871, 53.44
1377442876, 53.44
1377442881, 53.44
1377442886, 53.44
1377442891, 53.44
1377442896, 53.44
1377442901, 53.44
1377442906, 53.41
1377442911, 53.44
1377442916, 53.41
1377442921, 53.44
1377442926, 53.44
1377442931, 53.44
1377442936, 53.44
1377442941, 53.44
1377442946, 53.44
1377442951, 53.44
1377442956, 53.44
1377442961, 53.44
1377442966, 53.44
1377442971, 53.44
1377442976, 53.44
1377442981, 53.44
1377442986, 53.44
1377442991, 53.44
1377442996, 53.44
1377443001, 53.44
1377443006, 53.44
1377443011, 53.44
1377443016, 53.44
1377443021, 53.44
1377443026, 53.44
1377443031, 53.44
1377443036, 53.44
1377443041, 53.44
1377443046, 53.44
1377443051, 53.44
1377443056, 53.44
1377443061, 53.44
1377443066, 53.44
1377443071, 53.44
1377443076, 53.44
1377443081, 53.44
1377443086, 53.44
1377443091, 53.44
1377443096, 53.47
1377443101, 53.44
1377443106, 53.44
1377443111, 53.44
1377443116, 53.44
1377443121, 53.44
1377443126, 53.44
1377443131, 53.44
1377443136, 53.44
1377443141, 53.44
1377443146, 53.44
1377443151, 53.44
1377443156, 53.44
1377443161, 53.44
1377443166, 53.47
1377443171, 53.47
1377443176, 53.47
1377443181, 53.47
1377443186, 53.44
1377443191, 53.44
1377443196, 53.47
1377443201, 53.47
1377443206, 53.47
1377443211, 53.47
1377443216, 53.44
1377443221, 53.47
1377443226, 53.47
1377443231, 53.44
1377443236, 53.47
1377443241, 53.47
1377443246, 53.47
1377443251, 53.47
1377443256, 53.47
1377443261, 53.47
1377443266, 53.47
1377443271, 53.47
1377443276, 53.44
1377443281, 53.47
1377443286, 53.47
1377443291, 53.47
1377443296, 53.47
1377443301, 53.44
1377443306, 53.47
1377443311, 53.47
1377443316, 53.47
1377443321, 53.47
1377443326, 53.47
1377443331, 53.44
1377443336, 53.47
1377443341, 53.47
1377443346, 53.47
1377443351, 53.51
1377443356, 53.51
1377443361, 53.47
1377443366, 53.51
1377443371, 53.51
1377443376, 53.51
1377443381, 53.47
1377443386, 53.47
1377443391, 53.51
1377443396, 53.51
1377443401, 53.51
1377443406, 53.47
1377443411, 53.51
1377443416, 53.51
1377443421, 53.47
1377443426, 53.47
1377443431, 53.47
1377443436, 53.47
1377443441, 53.51
1377443446, 53.51
1377443451, 53.51
1377443456, 53.51
1377443461, 53.51
1377443466, 53.51
1377443471, 53.51
1377443476, 53.47
1377443481, 53.47
1377443486, 53.47
1377443491, 53.51
1377443496, 53.47
1377443501, 53.51
1377443506, 53.51
1377443511, 53.51
1377443516, 53.47
1377443522, 53.51
1377443526, 53.51
1377443531, 53.51
1377443536, 53.51
1377443541, 53.51
1377443546, 53.51
1377443551, 53.51
1377443556, 53.51
1377443561, 53.51
1377443566, 53.51
1377443571, 53.51
1377443576, 53.51
1377443581, 53.51
1377443586, 53.51
1377443591, 53.51
1377443596, 53.51
1377443601, 53.51
1377443606, 53.51
1377443611, 53.51
1377443616, 53.51
1377443621, 53.51
1377443626, 53.51
1377443631, 53.51
1377443636, 53.51
1377443641, 53.51
1377443646, 53.51
1377443651, 53.51
1377443656, 53.51
1377443661, 53.51
1377443666, 53.51
1377443671, 53.51
1377443676, 53.51
1377443681, 53.51
1377443686, 53.51
1377443691, 53.51
1377443696, 53.51
1377443701, 53.51
1377443706, 53.51
1377443711, 53.51
1377443716, 53.51
1377443721, 53.51
1377443726, 53.51
1377443731, 53.51
1377443736, 53.51
1377443741, 53.51
1377443746, 53.51
1377443751, 53.51
1377443756, 53.51
1377443761, 53.51
1377443766, 53.51
1377443771, 53.51
1377443776, 53.51
1377443781, 53.51
1377443786, 53.51
1377443791, 53.51
1377443796, 53.51
1377443801, 53.51
1377443806, 53.51
1377443811, 53.54
1377443816, 53.54
1377443821, 53.54
1377443826, 53.54
1377443831, 53.51
1377443836, 53.54
1377443841, 53.54
1377443846, 53.51
1377443851, 53.51
1377443856, 53.51
1377443861, 53.51
1377443866, 53.51
1377443871, 53.51
1377443876, 53.51
1377443881, 53.54
1377443886, 53.51
1377443891, 53.51
1377443896, 53.51
1377443901, 53.51
1377443906, 53.51
1377443911, 53.51
1377443916, 53.54
1377443921, 53.51
1377443926, 53.54
1377443931, 53.54
1377443936, 53.51
1377443941, 53.54
1377443946, 53.54
1377443951, 53.51
1377443956, 53.54
1377443961, 53.51
1377443966, 53.51
1377443971, 53.51
1377443976, 53.51
1377443981, 53.51
1377443986, 53.51
1377443991, 53.51
1377443996, 53.51
1377444001, 53.54
1377444006, 53.51
1377444011, 53.51
1377444016, 53.51
1377444021, 53.51
1377444026, 53.54
1377444031, 53.51
1377444036, 53.51
1377444041, 53.51
1377444046, 53.51
1377444051, 53.51
1377444056, 53.51
1377444061, 53.51
1377444066, 53.51
1377444071, 53.51
1377444076, 53.51
1377444081, 53.51
1377444086, 53.54
1377444091, 53.54
1377444096, 53.54
1377444101, 53.54
1377444106, 53.51
1377444111, 53.54
1377444116, 53.51
1377444121, 53.51
1377444126, 53.51
1377444131, 53.54
1377444136, 53.51
1377444141, 53.51
1377444146, 53.54
1377444151, 53.51
1377444156, 53.54
1377444161, 53.54
1377444166, 53.54
1377444171, 53.51
1377444176, 53.51
1377444181, 53.51
1377444186, 53.54
1377444191, 53.51
1377444196, 53.51
1377444201, 53.51
1377444206, 53.51
1377444211, 53.51
1377444216, 53.51
1377444221, 53.51
1377444226, 53.51
1377444231, 53.54
1377444236, 53.51
1377444241, 53.51
1377444246, 53.51
1377444251, 53.51
1377444256, 53.51
1377444261, 53.51
1377444266, 53.51
1377444271, 53.51
1377444276, 53.51
1377444281, 53.51
1377444286, 53.51
1377444291, 53.51
1377444296, 53.54
1377444301, 53.51
1377444306, 53.51
1377444311, 53.51
1377444316, 53.54
1377444321, 53.51
1377444326, 53.51
1377444331, 53.54
1377444336, 53.51
1377444341, 53.51
1377444346, 53.51
1377444351, 53.51
1377444358, 53.51
1377444361, 53.51
1377444366, 53.51
1377444371, 53.51
1377444376, 53.51
1377444381, 53.51
1377444386, 53.54
1377444391, 53.51
1377444396, 53.51
1377444401, 53.51
1377444406, 53.51
1377444411, 53.51
1377444416, 53.51
1377444421, 53.51
1377444426, 53.51
1377444431, 53.51
1377444436, 53.51
1377444441, 53.51
1377444446, 53.51
1377444451, 53.51
1377444456, 53.51
1377444461, 53.51
1377444466, 53.51
1377444471, 53.51
1377444476, 53.51
1377444481, 53.51
1377444486, 53.51
1377444491, 53.51
1377444496, 53.51
1377444501, 53.51
1377444506, 53.51
1377444511, 53.51
1377444516, 53.51
1377444521, 53.51
1377444526, 53.51
1377444531, 53.51
1377444536, 53.51
1377444541, 53.51
1377444546, 53.51
1377444551, 53.51
1377444556, 53.54
1377444561, 53.51
1377444566, 53.51
1377444571, 53.51
1377444576, 53.51
1377444581, 53.51
1377444586, 53.51
1377444591, 53.51
1377444596, 53.51
1377444601, 53.51
1377444606, 53.51
1377444611, 53.51
1377444616, 53.51
1377444621, 53.51
1377444626, 53.51
1377444631, 53.51
1377444636, 53.51
1377444641, 53.51
1377444646, 53.51
1377444651, 53.51
1377444656, 53.51
1377444661, 53.51
1377444666, 53.51
1377444671, 53.54
1377444676, 53.51
1377444681, 53.51
1377444686, 53.51
1377444691, 53.51
1377444696, 53.54
1377444701, 53.51
1377444706, 53.51
1377444711, 53.54
1377444716, 53.51
1377444721, 53.51
1377444726, 53.51
1377444731, 53.51
1377444736, 53.51
1377444741, 53.51
1377444746, 53.51
1377444751, 53.47
1377444756, 53.51
1377444761, 53.51
1377444766, 53.51
1377444771, 53.51
1377444776, 53.54
1377444781, 53.51
1377444786, 53.51
1377444791, 53.51
1377444796, 53.51
1377444801, 53.51
1377444806, 53.51
1377444811, 53.51
1377444816, 53.51
1377444821, 53.51
1377444826, 53.51
1377444831, 53.51
1377444836, 53.51
1377444841, 53.51
1377444846, 53.51
1377444851, 53.51
1377444856, 53.51
1377444861, 53.51
1377444866, 53.54
1377444871, 53.51
1377444876, 53.51
1377444881, 53.51
1377444886, 53.54
1377444891, 53.51
1377444896, 53.51
1377444901, 53.54
1377444906, 53.54
1377444911, 53.51
1377444916, 53.54
1377444921, 53.51
1377444926, 53.51
1377444931, 53.54
1377444936, 53.51
1377444941, 53.51
1377444946, 53.51
1377444951, 53.51
1377444956, 53.54
1377444961, 53.51
1377444966, 53.51
1377444971, 53.51
1377444976, 53.51
1377444981, 53.54
1377444986, 53.51
1377444991, 53.54
1377444996, 53.51
1377445001, 53.54
1377445006, 53.54
1377445011, 53.51
1377445016, 53.54
1377445021, 53.54
1377445026, 53.54
1377445031, 53.51
1377445036, 53.54
1377445041, 53.51
1377445046, 53.51
1377445051, 53.54
1377445056, 53.51
1377445061, 53.54
1377445066, 53.54
1377445071, 53.51
1377445076, 53.51
1377445081, 53.54
1377445086, 53.54
1377445091, 53.54
1377445096, 53.54
1377445101, 53.54
1377445106, 53.54
1377445111, 53.51
1377445116, 53.54
1377445121, 53.51
1377445126, 53.54
1377445131, 53.54
1377445136, 53.54
1377445141, 53.51
1377445146, 53.54
1377445151, 53.54
1377445156, 53.54
1377445161, 53.54
1377445166, 53.51
1377445171, 53.51
1377445176, 53.54
1377445181, 53.54
1377445186, 53.54
1377445191, 53.54
1377445196, 53.54
1377445201, 53.51
1377445206, 53.54
1377445211, 53.54
1377445216, 53.54
1377445221, 53.54
1377445226, 53.54
1377445231, 53.51
1377445236, 53.54
1377445241, 53.54
1377445246, 53.51
1377445251, 53.54
1377445256, 53.51
1377445261, 53.54
1377445266, 53.54
1377445271, 53.54
1377445276, 53.54
1377445281, 53.54
1377445286, 53.57
1377445291, 53.54
1377445296, 53.54
1377445301, 53.54
1377445306, 53.54
1377445311, 53.54
1377445316, 53.54
1377445321, 53.54
1377445326, 53.54
1377445331, 53.57
1377445336, 53.54
1377445341, 53.54
1377445346, 53.54
1377445351, 53.57
1377445356, 53.57
1377445361, 53.54
1377445366, 53.54
1377445371, 53.57
1377445376, 53.57
1377445381, 53.54
1377445386, 53.54
1377445391, 53.57
1377445396, 53.57
1377445401, 53.54
1377445406, 53.54
1377445411, 53.54
1377445416, 53.54
1377445421, 53.54
1377445426, 53.57
1377445431, 53.57
1377445436, 53.57
1377445441, 53.57
1377445446, 53.57
1377445451, 53.54
1377445456, 53.57
1377445461, 53.57
1377445466, 53.57
1377445471, 53.57
1377445476, 53.57
1377445481, 53.57
1377445486, 53.54
1377445491, 53.54
1377445496, 53.57
1377445501, 53.57
1377445506, 53.57
1377445511, 53.57
1377445516, 53.57
1377445521, 53.57
1377445526, 53.57
1377445531, 53.57
1377445536, 53.57
1377445541, 53.57
1377445546, 53.57
1377445551, 53.54
1377445556, 53.57
1377445561, 53.57
1377445566, 53.57
1377445571, 53.57
1377445576, 53.57
1377445581, 53.57
1377445586, 53.57
1377445591, 53.57
1377445596, 53.57
1377445601, 53.57
1377445606, 53.57
1377445611, 53.57
1377445616, 53.57
1377445621, 53.57
1377445626, 53.57
1377445631, 53.57
1377445636, 53.57
1377445641, 53.57
1377445646, 53.57
1377445651, 53.57
1377445656, 53.57
1377445661, 53.57
1377445666, 53.57
1377445671, 53.57
1377445676, 53.57
1377445681, 53.60
1377445686, 53.57
1377445691, 53.57
1377445696, 53.57
1377445701, 53.57
1377445706, 53.57
1377445711, 53.57
1377445716, 53.57
1377445721, 53.57
1377445726, 53.60
1377445731, 53.60
1377445736, 53.60
1377445741, 53.57
1377445746, 53.57
1377445751, 53.57
1377445756, 53.57
1377445761, 53.60
1377445766, 53.57
1377445771, 53.57
1377445776, 53.57
1377445781, 53.57
1377445786, 53.60
1377445791, 53.57
1377445796, 53.57
1377445801, 53.60
1377445806, 53.57
1377445811, 53.60
1377445816, 53.60
1377445821, 53.60
1377445826, 53.57
1377445831, 53.60
1377445836, 53.60
1377445841, 53.60
1377445846, 53.60
1377445851, 53.57
1377445856, 53.60
1377445861, 53.60
1377445866, 53.60
1377445871, 53.60
1377445876, 53.60
1377445881, 53.60
1377445886, 53.57
1377445891, 53.60
1377445896, 53.60
1377445901, 53.60
1377445906, 53.60
1377445911, 53.60
1377445916, 53.60
1377445921, 53.60
1377445926, 53.60
1377445931, 53.60
1377445936, 53.60
1377445941, 53.60
1377445946, 53.57
1377445951, 53.60
1377445956, 53.60
1377445961, 53.60
1377445966, 53.60
1377445971, 53.63
1377445976, 53.60
1377445981, 53.63
1377445986, 53.60
1377445991, 53.60
1377445996, 53.60
1377446001, 53.60
1377446006, 53.60
1377446011, 53.57
1377446016, 53.60
1377446023, 53.60
1377446026, 53.60
1377446031, 53.60
1377446036, 53.60
1377446041, 53.60
1377446046, 53.60
1377446051, 53.63
1377446056, 53.63
1377446061, 53.60
1377446066, 53.63
1377446071, 53.60
1377446076, 53.60
1377446081, 53.60
1377446086, 53.60
1377446091, 53.60
1377446096, 53.60
1377446101, 53.63
1377446106, 53.63
1377446111, 53.60
1377446116, 53.60
1377446121, 53.60
1377446126, 53.63
1377446131, 53.60
1377446136, 53.60
1377446141, 53.63
1377446146, 53.60
1377446151, 53.63
1377446156, 53.60
1377446161, 53.60
1377446166, 53.60
1377446171, 53.63
1377446176, 53.60
1377446181, 53.63
1377446186, 53.63
1377446191, 53.63
1377446196, 53.60
1377446201, 53.63
1377446206, 53.60
1377446211, 53.63
1377446216, 53.63
1377446221, 53.60
1377446226, 53.63
1377446231, 53.63
1377446236, 53.63
1377446241, 53.60
1377446246, 53.63
1377446251, 53.63
1377446256, 53.63
1377446261, 53.60
1377446266, 53.60
1377446271, 53.63
1377446276, 53.63
1377446281, 53.63
1377446286, 53.60
1377446291, 53.63
1377446296, 53.60
1377446301, 53.60
1377446306, 53.63
1377446311, 53.63
1377446316, 53.63
1377446321, 53.63
1377446326, 53.63
1377446331, 53.60
1377446336, 53.63
1377446341, 53.60
1377446346, 53.63
1377446351, 53.63
1377446356, 53.63
1377446361, 53.63
1377446366, 53.60
1377446371, 53.63
1377446376, 53.63
1377446381, 53.63
1377446386, 53.63
1377446391, 53.63
1377446396, 53.63
1377446401, 53.63
1377446406, 53.63
1377446411, 53.63
1377446416, 53.60
1377446421, 53.63
1377446426, 53.63
1377446431, 53.63
1377446436, 53.63
1377446441, 53.63
1377446446, 53.63
1377446451, 53.63
1377446456, 53.63
1377446461, 53.63
1377446466, 53.63
1377446471, 53.63
1377446476, 53.63
1377446481, 53.63
1377446486, 53.63
1377446491, 53.63
1377446496, 53.63
1377446501, 53.63
1377446506, 53.63
1377446511, 53.63
1377446516, 53.63
1377446521, 53.63
1377446526, 53.63
1377446531, 53.63
1377446536, 53.63
1377446541, 53.63
1377446546, 53.63
1377446551, 53.63
1377446556, 53.63
1377446561, 53.63
1377446566, 53.63
1377446571, 53.63
1377446576, 53.66
1377446581, 53.63
1377446586, 53.63
1377446591, 53.63
1377446596, 53.63
1377446601, 53.63
1377446606, 53.63
1377446611, 53.66
1377446616, 53.63
1377446621, 53.63
1377446626, 53.63
1377446631, 53.63
1377446636, 53.63
1377446641, 53.63
1377446646, 53.63
1377446651, 53.66
1377446656, 53.63
1377446661, 53.63
1377446666, 53.63
1377446671, 53.63
1377446676, 53.63
1377446681, 53.63
1377446686, 53.63
1377446691, 53.63
1377446696, 53.63
1377446701, 53.63
1377446706, 53.63
1377446711, 53.63
1377446716, 53.63
1377446721, 53.63
1377446726, 53.63
1377446731, 53.63
1377446736, 53.63
1377446741, 53.63
1377446746, 53.66
1377446751, 53.63
1377446756, 53.66
1377446761, 53.66
1377446766, 53.66
1377446771, 53.66
1377446776, 53.63
1377446781, 53.66
1377446786, 53.66
1377446791, 53.63
1377446796, 53.63
1377446801, 53.66
1377446806, 53.63
1377446811, 53.63
1377446816, 53.66
1377446821, 53.66
1377446826, 53.63
1377446831, 53.63
1377446836, 53.66
1377446841, 53.63
1377446846, 53.63
1377446852, 53.63
1377446856, 53.63
1377446861, 53.66
1377446866, 53.63
1377446871, 53.63
1377446876, 53.63
1377446881, 53.66
1377446886, 53.63
1377446891, 53.63
1377446896, 53.63
1377446901, 53.63
1377446906, 53.63
1377446911, 53.63
1377446916, 53.63
1377446921, 53.66
1377446926, 53.63
1377446931, 53.63
1377446936, 53.66
1377446941, 53.66
1377446946, 53.63
1377446951, 53.63
1377446956, 53.63
1377446961, 53.63
1377446966, 53.63
1377446971, 53.63
1377446976, 53.66
1377446981, 53.63
1377446986, 53.63
1377446991, 53.66
1377446996, 53.66
1377447001, 53.66
1377447006, 53.66
1377447011, 53.66
1377447016, 53.63
1377447021, 53.63
1377447026, 53.63
1377447031, 53.63
1377447036, 53.63
1377447041, 53.63
1377447046, 53.63
1377447051, 53.66
1377447056, 53.63
1377447061, 53.66
1377447066, 53.63
1377447071, 53.63
1377447076, 53.63
1377447081, 53.63
1377447086, 53.66
1377447091, 53.63
1377447096, 53.63
1377447101, 53.63
1377447106, 53.66
1377447116, 53.66
1377447121, 53.63
1377447126, 53.66
1377447131, 53.66
1377447136, 53.66
1377447141, 53.63
1377447146, 53.63
1377447151, 53.63
1377447156, 53.63
1377447161, 53.63
1377447166, 53.66
1377447171, 53.66
1377447176, 53.66
1377447181, 53.63
1377447186, 53.63
1377447191, 53.66
1377447196, 53.66
1377447201, 53.66
1377447206, 53.66
1377447211, 53.66
1377447216, 53.63
1377447221, 53.63
1377447226, 53.66
1377447231, 53.63
1377447236, 53.63
1377447241, 53.66
1377447246, 53.63
1377447251, 53.63
1377447256, 53.66
1377447261, 53.63
1377447266, 53.66
1377447271, 53.66
1377447276, 53.66
1377447281, 53.63
1377447286, 53.66
1377447291, 53.66
1377447296, 53.66
1377447301, 53.66
1377447306, 53.66
1377447311, 53.66
1377447316, 53.63
1377447321, 53.66
1377447326, 53.63
1377447331, 53.63
1377447336, 53.66
1377447341, 53.63
1377447346, 53.63
1377447351, 53.66
1377447356, 53.66
1377447361, 53.66
1377447366, 53.66
1377447371, 53.63
1377447376, 53.66
1377447381, 53.66
1377447386, 53.63
1377447391, 53.63
1377447396, 53.66
1377447401, 53.66
1377447406, 53.66
1377447411, 53.63
1377447416, 53.66
1377447421, 53.66
1377447426, 53.66
1377447431, 53.66
1377447436, 53.66
1377447441, 53.66
1377447446, 53.66
1377447451, 53.66
1377447456, 53.63
1377447461, 53.66
1377447466, 53.66
1377447471, 53.66
1377447476, 53.66
1377447481, 53.66
1377447486, 53.66
1377447491, 53.66
1377447496, 53.66
1377447501, 53.66
1377447506, 53.66
1377447511, 53.66
1377447516, 53.66
1377447521, 53.66
1377447526, 53.66
1377447531, 53.66
1377447536, 53.66
1377447541, 53.66
1377447546, 53.66
1377447551, 53.66
1377447556, 53.66
1377447561, 53.66
1377447566, 53.66
1377447571, 53.66
1377447576, 53.66
1377447581, 53.63
1377447586, 53.63
1377447591, 53.70
1377447596, 53.63
1377447601, 53.63
1377447606, 53.66
1377447611, 53.66
1377447616, 53.66
1377447621, 53.66
1377447626, 53.66
1377447631, 53.66
1377447636, 53.66
1377447641, 53.63
1377447646, 53.66
1377447651, 53.66
1377447656, 53.66
1377447661, 53.66
1377447666, 53.66
1377447671, 53.66
1377447676, 53.66
1377447681, 53.66
1377447686, 53.66
1377447691, 53.66
1377447696, 53.66
1377447701, 53.66
1377447706, 53.66
1377447711, 53.66
1377447716, 53.66
1377447721, 53.66
1377447726, 53.66
1377447731, 53.66
1377447736, 53.66
1377447741, 53.66
1377447746, 53.66
1377447751, 53.66
1377447756, 53.63
1377447761, 53.66
1377447766, 53.66
1377447771, 53.66
1377447776, 53.66
1377447781, 53.66
1377447786, 53.66
1377447791, 53.66
1377447796, 53.66
1377447801, 53.66
1377447806, 53.66
1377447811, 53.66
1377447816, 53.66
1377447821, 53.66
1377447826, 53.70
1377447831, 53.70
1377447836, 53.66
1377447841, 53.66
1377447846, 53.66
1377447851, 53.66
1377447856, 53.66
1377447861, 53.66
1377447866, 53.66
1377447871, 53.66
1377447876, 53.66
1377447881, 53.66
1377447886, 53.66
1377447891, 53.70
1377447896, 53.66
1377447901, 53.66
1377447906, 53.70
1377447911, 53.66
1377447916, 53.70
1377447921, 53.66
1377447926, 53.66
1377447931, 53.66
1377447936, 53.66
1377447941, 53.66
1377447946, 53.70
1377447951, 53.66
1377447956, 53.66
1377447961, 53.70
1377447966, 53.70
1377447971, 53.70
1377447976, 53.70
1377447981, 53.70
1377447986, 53.70
1377447991, 53.70
1377447996, 53.70
1377448001, 53.70
1377448006, 53.70
1377448011, 53.70
1377448016, 53.70
1377448021, 53.70
1377448026, 53.70
1377448031, 53.70
1377448036, 53.70
1377448041, 53.70
1377448046, 53.70
1377448051, 53.70
1377448056, 53.70
1377448061, 53.70
1377448066, 53.70
1377448071, 53.70
1377448076, 53.70
1377448081, 53.70
1377448086, 53.70
1377448091, 53.66
1377448096, 53.70
1377448101, 53.66
1377448106, 53.70
1377448111, 53.70
1377448116, 53.70
1377448121, 53.70
1377448126, 53.70
1377448131, 53.70
1377448136, 53.70
1377448141, 53.70
1377448146, 53.70
1377448151, 53.70
1377448156, 53.70
1377448161, 53.66
1377448166, 53.70
1377448171, 53.70
1377448176, 53.70
1377448181, 53.70
1377448186, 53.70
1377448191, 53.70
1377448196, 53.70
1377448201, 53.70
1377448206, 53.70
1377448211, 53.70
1377448216, 53.70
1377448221, 53.70
1377448226, 53.70
1377448231, 53.70
1377448236, 53.70
1377448241, 53.70
1377448246, 53.70
1377448251, 53.70
1377448256, 53.70
1377448261, 53.70
1377448266, 53.70
1377448271, 53.73
1377448276, 53.73
1377448281, 53.70
1377448286, 53.70
1377448291, 53.70
1377448296, 53.70
1377448301, 53.70
1377448306, 53.70
1377448311, 53.70
1377448316, 53.70
1377448321, 53.70
1377448326, 53.70
1377448331, 53.70
1377448336, 53.70
1377448341, 53.70
1377448346, 53.70
1377448351, 53.70
1377448356, 53.70
1377448361, 53.73
1377448366, 53.73
1377448371, 53.70
1377448376, 53.70
1377448381, 53.73
1377448386, 53.73
1377448391, 53.70
1377448396, 53.70
1377448401, 53.70
1377448406, 53.70
1377448411, 53.70
1377448416, 53.70
1377448421, 53.70
1377448426, 53.70
1377448431, 53.70
1377448436, 53.70
1377448441, 53.70
1377448446, 53.73
1377448451, 53.70
1377448456, 53.70
1377448461, 53.70
1377448466, 53.73
1377448471, 53.70
1377448476, 53.70
1377448481, 53.70
1377448486, 53.70
1377448491, 53.70
1377448496, 53.73
1377448501, 53.70
1377448506, 53.70
1377448511, 53.70
1377448516, 53.73
1377448521, 53.70
1377448526, 53.70
1377448531, 53.70
1377448536, 53.70
1377448541, 53.70
1377448548, 53.70
1377448551, 53.70
1377448556, 53.73
1377448561, 53.73
1377448566, 53.73
1377448571, 53.70
1377448576, 53.70
1377448581, 53.70
1377448586, 53.70
1377448591, 53.70
1377448596, 53.73
1377448601, 53.70
1377448606, 53.70
1377448611, 53.70
1377448616, 53.70
1377448621, 53.70
1377448626, 53.70
1377448631, 53.70
1377448636, 53.73
1377448641, 53.70
1377448646, 53.70
1377448651, 53.70
1377448656, 53.70
1377448661, 53.70
1377448666, 53.70
1377448671, 53.70
1377448676, 53.70
1377448681, 53.70
1377448686, 53.70
1377448691, 53.70
1377448696, 53.70
1377448701, 53.70
1377448706, 53.70
1377448711, 53.70
1377448716, 53.70
1377448721, 53.70
1377448726, 53.70
1377448731, 53.70
1377448736, 53.70
1377448741, 53.70
1377448746, 53.70
1377448751, 53.70
1377448756, 53.70
1377448761, 53.70
1377448766, 53.70
1377448771, 53.66
1377448776, 53.70
1377448781, 53.70
1377448786, 53.70
1377448791, 53.70
1377448796, 53.70
1377448801, 53.70
1377448806, 53.70
1377448811, 53.70
1377448816, 53.70
1377448821, 53.70
1377448826, 53.70
1377448831, 53.70
1377448836, 53.70
1377448841, 53.70
1377448846, 53.70
1377448851, 53.70
1377448856, 53.70
1377448861, 53.70
1377448866, 53.70
1377448871, 53.66
1377448876, 53.70
1377448881, 53.70
1377448886, 53.70
1377448891, 53.66
1377448896, 53.66
1377448901, 53.70
1377448906, 53.66
1377448911, 53.70
1377448916, 53.66
1377448921, 53.70
1377448926, 53.70
1377448931, 53.66
1377448936, 53.66
1377448941, 53.70
1377448946, 53.66
1377448951, 53.70
1377448956, 53.66
1377448961, 53.66
1377448966, 53.66
1377448971, 53.66
1377448976, 53.66
1377448981, 53.66
1377448986, 53.66
1377448991, 53.66
1377448996, 53.63
1377449001, 53.66
1377449006, 53.66
1377449011, 53.66
1377449016, 53.66
1377449021, 53.66
1377449026, 53.63
1377449031, 53.66
1377449036, 53.66
1377449041, 53.66
1377449046, 53.66
1377449051, 53.66
1377449056, 53.63
1377449061, 53.63
1377449066, 53.66
1377449071, 53.66
1377449076, 53.66
1377449081, 53.63
1377449086, 53.63
1377449091, 53.63
1377449096, 53.63
1377449101, 53.63
1377449106, 53.63
1377449111, 53.66
1377449116, 53.63
1377449121, 53.63
1377449126, 53.63
1377449131, 53.66
1377449136, 53.63
1377449141, 53.63
1377449146, 53.63
1377449151, 53.66
1377449156, 53.63
1377449161, 53.63
1377449166, 53.66
1377449171, 53.63
1377449176, 53.63
1377449181, 53.63
1377449186, 53.63
1377449191, 53.63
1377449196, 53.63
1377449201, 53.66
1377449206, 53.63
1377449211, 53.63
1377449216, 53.63
1377449221, 53.63
1377449226, 53.63
1377449231, 53.63
1377449236, 53.63
1377449241, 53.63
1377449246, 53.63
1377449251, 53.63
1377449256, 53.63
1377449261, 53.63
1377449266, 53.63
1377449271, 53.63
1377449276, 53.63
1377449281, 53.63
1377449286, 53.63
1377449291, 53.63
1377449296, 53.63
1377449301, 53.63
1377449306, 53.63
1377449311, 53.63
1377449316, 53.63
1377449321, 53.63
1377449326, 53.63
1377449331, 53.63
1377449336, 53.63
1377449341, 53.63
1377449346, 53.63
1377449351, 53.63
1377449356, 53.63
1377449361, 53.63
1377449366, 53.66
1377449371, 53.63
1377449376, 53.63
1377449381, 53.63
1377449386, 53.63
1377449391, 53.63
1377449397, 53.63
1377449401, 53.63
1377449406, 53.63
1377449411, 53.63
1377449416, 53.63
1377449421, 53.63
1377449426, 53.63
1377449431, 53.63
1377449436, 53.63
1377449441, 53.63
1377449446, 53.63
1377449451, 53.63
1377449456, 53.63
1377449461, 53.63
1377449466, 53.63
1377449471, 53.63
1377449476, 53.63
1377449481, 53.63
1377449486, 53.63
1377449491, 53.63
1377449496, 53.63
1377449501, 53.63
1377449506, 53.63
1377449511, 53.63
1377449516, 53.63
1377449521, 53.63
1377449526, 53.63
1377449531, 53.63
1377449536, 53.63
1377449541, 53.63
1377449546, 53.63
1377449551, 53.63
1377449556, 53.63
1377449561, 53.63
1377449566, 53.63
1377449571, 53.63
1377449576, 53.63
1377449581, 53.63
1377449586, 53.63
1377449591, 53.60
1377449596, 53.63
1377449601, 53.63
1377449606, 53.63
1377449611, 53.63
1377449616, 53.63
1377449621, 53.63
1377449626, 53.63
1377449631, 53.63
1377449636, 53.63
1377449641, 53.63
1377449646, 53.63
1377449651, 53.63
1377449656, 53.63
1377449661, 53.63
1377449666, 53.63
1377449671, 53.63
1377449676, 53.63
1377449681, 53.63
1377449686, 53.63
1377449691, 53.63
1377449696, 53.63
1377449701, 53.63
1377449706, 53.63
1377449711, 53.63
1377449716, 53.60
1377449721, 53.63
1377449726, 53.63
1377449731, 53.63
1377449736, 53.63
1377449741, 53.63
1377449746, 53.63
1377449751, 53.63
1377449756, 53.63
1377449761, 53.63
1377449766, 53.63
1377449771, 53.63
1377449776, 53.63
1377449781, 53.63
1377449786, 53.63
1377449791, 53.63
1377449796, 53.63
1377449801, 53.63
1377449806, 53.63
1377449811, 53.63
1377449816, 53.63
1377449821, 53.63
1377449826, 53.63
1377449831, 53.60
1377449836, 53.63
1377449841, 53.63
1377449846, 53.60
1377449851, 53.63
1377449856, 53.63
1377449861, 53.63
1377449866, 53.60
1377449871, 53.63
1377449876, 53.60
1377449881, 53.63
1377449886, 53.63
1377449891, 53.63
1377449896, 53.63
1377449901, 53.63
1377449906, 53.63
1377449911, 53.63
1377449916, 53.63
1377449921, 53.63
1377449926, 53.63
1377449931, 53.63
1377449936, 53.60
1377449941, 53.63
1377449946, 53.63
1377449951, 53.63
1377449956, 53.60
1377449961, 53.63
1377449966, 53.60
1377449971, 53.63
1377449976, 53.60
1377449981, 53.60
1377449986, 53.60
1377449991, 53.60
1377449996, 53.63
1377450001, 53.63
1377450006, 53.60
1377450011, 53.60
1377450016, 53.60
1377450021, 53.63
1377450026, 53.60
1377450031, 53.63
1377450036, 53.60
1377450041, 53.63
1377450046, 53.60
1377450051, 53.57
1377450056, 53.60
1377450061, 53.60
1377450066, 53.63
1377450071, 53.60
1377450076, 53.60
1377450081, 53.60
1377450086, 53.60
1377450091, 53.60
1377450096, 53.63
1377450101, 53.60
1377450106, 53.60
1377450111, 53.60
1377450116, 53.60
1377450121, 53.60
1377450126, 53.60
1377450131, 53.60
1377450136, 53.60
1377450141, 53.60
1377450146, 53.60
1377450151, 53.60
1377450156, 53.60
1377450161, 53.60
1377450166, 53.60
1377450171, 53.60
1377450176, 53.60
1377450181, 53.63
1377450186, 53.60
1377450191, 53.60
1377450196, 53.60
1377450201, 53.60
1377450207, 53.60
1377450211, 53.60
1377450216, 53.60
1377450221, 53.60
1377450226, 53.60
1377450231, 53.60
1377450236, 53.60
1377450241, 53.57
1377450246, 53.60
1377450251, 53.60
1377450256, 53.63
1377450261, 53.60
1377450266, 53.60
1377450271, 53.60
1377450276, 53.60
1377450281, 53.60
1377450286, 53.60
1377450291, 53.60
1377450296, 53.60
1377450301, 53.60
1377450306, 53.60
1377450311, 53.60
1377450316, 53.60
1377450321, 53.60
1377450326, 53.63
1377450331, 53.60
1377450336, 53.60
1377450341, 53.60
1377450346, 53.60
1377450351, 53.60
1377450356, 53.57
1377450361, 53.60
1377450366, 53.60
1377450371, 53.60
1377450376, 53.60
1377450381, 53.57
1377450386, 53.60
1377450391, 53.63
1377450396, 53.60
1377450401, 53.60
1377450406, 53.60
1377450411, 53.60
1377450416, 53.57
1377450421, 53.60
1377450426, 53.57
1377450431, 53.60
1377450436, 53.60
1377450441, 53.60
1377450446, 53.60
1377450451, 53.60
1377450456, 53.60
1377450461, 53.60
1377450466, 53.60
1377450471, 53.57
1377450476, 53.57
1377450481, 53.57
1377450486, 53.60
1377450491, 53.60
1377450496, 53.60
1377450501, 53.57
1377450506, 53.60
1377450511, 53.60
1377450516, 53.60
1377450521, 53.60
1377450526, 53.57
1377450531, 53.60
1377450536, 53.60
1377450541, 53.60
1377450546, 53.60
1377450551, 53.60
1377450556, 53.60
1377450561, 53.60
1377450566, 53.60
1377450571, 53.60
1377450576, 53.60
1377450581, 53.60
1377450586, 53.60
1377450591, 53.60
1377450596, 53.60
1377450601, 53.57
1377450606, 53.57
1377450611, 53.60
1377450616, 53.57
1377450621, 53.60
1377450626, 53.60
1377450631, 53.60
1377450636, 53.60
1377450641, 53.60
1377450646, 53.60
1377450651, 53.60
1377450656, 53.60
1377450661, 53.60
1377450666, 53.60
1377450671, 53.60
1377450676, 53.60
1377450681, 53.60
1377450686, 53.63
1377450691, 53.57
1377450696, 53.60
1377450701, 53.63
1377450706, 53.60
1377450711, 53.60
1377450716, 53.60
1377450721, 53.60
1377450726, 53.60
1377450731, 53.63
1377450736, 53.63
1377450741, 53.60
1377450746, 53.60
1377450751, 53.63
1377450756, 53.60
1377450761, 53.63
1377450766, 53.63
1377450771, 53.60
1377450776, 53.60
1377450781, 53.63
1377450786, 53.60
1377450791, 53.60
1377450796, 53.63
1377450801, 53.60
1377450806, 53.63
1377450811, 53.63
1377450816, 53.60
1377450821, 53.63
1377450826, 53.63
1377450831, 53.60
1377450836, 53.60
1377450841, 53.60
1377450846, 53.60
1377450851, 53.63
1377450856, 53.63
1377450861, 53.63
1377450866, 53.63
1377450871, 53.63
1377450876, 53.63
1377450881, 53.63
1377450886, 53.63
1377450891, 53.63
1377450896, 53.63
1377450901, 53.63
1377450906, 53.63
1377450911, 53.63
1377450916, 53.60
1377450921, 53.63
1377450926, 53.63
1377450931, 53.60
1377450936, 53.60
1377450941, 53.63
1377450946, 53.63
1377450951, 53.60
1377450956, 53.63
1377450961, 53.63
1377450966, 53.63
1377450971, 53.63
1377450976, 53.60
1377450981, 53.63
1377450986, 53.63
1377450991, 53.63
1377450996, 53.63
1377451001, 53.63
1377451006, 53.63
1377451011, 53.63
1377451016, 53.63
1377451021, 53.63
1377451026, 53.60
1377451031, 53.63
1377451036, 53.60
1377451041, 53.60
1377451046, 53.60
1377451051, 53.63
1377451056, 53.63
1377451061, 53.60
1377451066, 53.60
1377451071, 53.63
1377451076, 53.60
1377451081, 53.60
1377451086, 53.60
1377451092, 53.60
1377451096, 53.63
1377451101, 53.60
1377451106, 53.60
1377451111, 53.60
1377451116, 53.60
1377451121, 53.63
1377451126, 53.63
1377451131, 53.63
1377451136, 53.63
1377451141, 53.63
1377451146, 53.60
1377451151, 53.63
1377451156, 53.63
1377451161, 53.60
1377451166, 53.60
1377451171, 53.60
1377451176, 53.63
1377451181, 53.63
1377451186, 53.60
1377451191, 53.60
1377451196, 53.63
1377451201, 53.63
1377451206, 53.60
1377451211, 53.60
1377451216, 53.60
1377451221, 53.63
1377451226, 53.60
1377451231, 53.63
1377451236, 53.60
1377451241, 53.63
1377451246, 53.60
1377451251, 53.60
1377451256, 53.60
1377451261, 53.60
1377451266, 53.60
1377451271, 53.63
1377451276, 53.63
1377451281, 53.60
1377451286, 53.63
1377451291, 53.63
1377451296, 53.60
1377451301, 53.60
1377451306, 53.63
1377451311, 53.63
1377451316, 53.60
1377451321, 53.60
1377451326, 53.60
1377451331, 53.60
1377451336, 53.60
1377451341, 53.60
1377451346, 53.60
1377451351, 53.63
1377451356, 53.60
1377451361, 53.60
1377451366, 53.60
1377451370, 53.60
1377451376, 53.60
1377451381, 53.57
1377451385, 53.60
1377451391, 53.60
1377451395, 53.60
1377451401, 53.60
1377451406, 53.60
1377451411, 53.63
1377451415, 53.60
1377451421, 53.60
1377451425, 53.57
1377451431, 53.57
1377451436, 53.60
1377451441, 53.63
1377451446, 53.60
1377451451, 53.60
1377451455, 53.60
1377451461, 53.60
1377451466, 53.60
1377451471, 53.60
1377451475, 53.60
1377451480, 53.60
1377451485, 53.60
1377451491, 53.57
1377451496, 53.60
1377451501, 53.57
1377451506, 53.60
1377451511, 53.60
1377451516, 53.60
1377451521, 53.60
1377451526, 53.60
1377451530, 53.63
1377451535, 53.60
1377451541, 53.60
1377451546, 53.60
1377451551, 53.60
1377451555, 53.60
1377451561, 53.60
1377451566, 53.60
1377451571, 53.60
1377451576, 53.60
1377451581, 53.60
1377451586, 53.60
1377451591, 53.60
1377451595, 53.60
1377451601, 53.60
1377451606, 53.60
1377451610, 53.60
1377451615, 53.57
1377451621, 53.60
1377451626, 53.57
1377451630, 53.60
1377451636, 53.60
1377451640, 53.60
1377451646, 53.60
1377451651, 53.60
1377451656, 53.60
1377451660, 53.60
1377451666, 53.63
1377451671, 53.60
1377451676, 53.57
1377451681, 53.60
1377451685, 53.60
1377451691, 53.60
1377451695, 53.60
1377451700, 53.57
1377451705, 53.57
1377451711, 53.60
1377451716, 53.57
1377451720, 53.57
1377451725, 53.60
1377451731, 53.60
1377451735, 53.60
1377451741, 53.60
1377451745, 53.60
1377451750, 53.60
1377451755, 53.60
1377451760, 53.60
1377451765, 53.60
1377451770, 53.60
1377451776, 53.60
1377451781, 53.60
1377451786, 53.57
1377451791, 53.60
1377451795, 53.60
1377451800, 53.60
1377451806, 53.57
1377451811, 53.60
1377451816, 53.60
1377451820, 53.60
1377451826, 53.57
1377451830, 53.60
1377451835, 53.57
1377451841, 53.60
1377451845, 53.60
1377451850, 53.57
1377451855, 53.57
1377451860, 53.60
1377451865, 53.60
1377451871, 53.57
1377451875, 53.60
1377451880, 53.57
1377451885, 53.57
1377451890, 53.57
1377451896, 53.57
1377451900, 53.57
1377451905, 53.57
1377451910, 53.57
1377451915, 53.57
1377451921, 53.57
1377451925, 53.57
1377451930, 53.57
1377451935, 53.57
1377451940, 53.57
1377451945, 53.57
1377451951, 53.57
1377451955, 53.60
1377451960, 53.57
1377451965, 53.57
1377451970, 53.57
1377451975, 53.60
1377451980, 53.57
1377451985, 53.57
1377451991, 53.57
1377451995, 53.57
1377452000, 53.57
1377452005, 53.60
1377452010, 53.57
1377452015, 53.57
1377452020, 53.57
1377452025, 53.57
1377452030, 53.57
1377452035, 53.57
1377452040, 53.60
1377452046, 53.57
1377452050, 53.57
1377452056, 53.57
1377452060, 53.57
1377452065, 53.57
1377452070, 53.57
1377452075, 53.57
1377452080, 53.57
1377452085, 53.57
1377452090, 53.60
1377452095, 53.57
1377452101, 53.57
1377452106, 53.57
1377452110, 53.57
1377452115, 53.57
1377452120, 53.57
1377452125, 53.57
1377452130, 53.57
1377452135, 53.60
1377452140, 53.57
1377452145, 53.57
1377452150, 53.57
1377452155, 53.57
1377452160, 53.57
1377452165, 53.57
1377452170, 53.57
1377452175, 53.60
1377452180, 53.57
1377452185, 53.57
1377452190, 53.57
1377452195, 53.57
1377452200, 53.57
1377452205, 53.57
1377452210, 53.57
1377452215, 53.57
1377452220, 53.57
1377452226, 53.57
1377452230, 53.57
1377452235, 53.57
1377452240, 53.57
1377452246, 53.57
1377452250, 53.57
1377452256, 53.57
1377452260, 53.57
1377452265, 53.57
1377452271, 53.57
1377452276, 53.57
1377452280, 53.57
1377452285, 53.57
1377452290, 53.57
1377452295, 53.57
1377452301, 53.54
1377452305, 53.57
1377452311, 53.57
1377452315, 53.57
1377452320, 53.57
1377452325, 53.57
1377452331, 53.57
1377452335, 53.57
1377452340, 53.57
1377452345, 53.57
1377452351, 53.57
1377452356, 53.57
1377452360, 53.57
1377452365, 53.57
1377452371, 53.57
1377452375, 53.57
1377452380, 53.57
1377452385, 53.57
1377452390, 53.57
1377452395, 53.57
1377452400, 53.57
1377452405, 53.57
1377452410, 53.57
1377452415, 53.57
1377452420, 53.54
1377452425, 53.57
1377452430, 53.57
1377452435, 53.57
1377452440, 53.60
1377452445, 53.57
1377452450, 53.57
1377452455, 53.57
1377452460, 53.57
1377452465, 53.57
1377452470, 53.57
1377452475, 53.57
1377452480, 53.57
1377452485, 53.57
1377452490, 53.57
1377452495, 53.57
1377452500, 53.57
1377452505, 53.57
1377452510, 53.57
1377452515, 53.54
1377452520, 53.57
1377452525, 53.57
1377452530, 53.57
1377452535, 53.54
1377452540, 53.57
1377452545, 53.57
1377452550, 53.57
1377452555, 53.57
1377452560, 53.57
1377452565, 53.57
1377452570, 53.57
1377452576, 53.57
1377452580, 53.57
1377452585, 53.57
1377452590, 53.57
1377452595, 53.57
1377452600, 53.57
1377452605, 53.57
1377452610, 53.57
1377452615, 53.57
1377452620, 53.54
1377452625, 53.57
1377452630, 53.57
1377452635, 53.54
1377452640, 53.57
1377452645, 53.57
1377452650, 53.57
1377452655, 53.57
1377452660, 53.57
1377452665, 53.57
1377452670, 53.54
1377452675, 53.57
1377452680, 53.57
1377452685, 53.54
1377452690, 53.57
1377452695, 53.57
1377452700, 53.57
1377452705, 53.57
1377452711, 53.57
1377452715, 53.54
1377452720, 53.57
1377452725, 53.57
1377452730, 53.54
1377452735, 53.54
1377452743, 53.57
1377452745, 53.57
1377452750, 53.57
1377452755, 53.57
1377452760, 53.57
1377452765, 53.54
1377452770, 53.54
1377452775, 53.57
1377452780, 53.57
1377452785, 53.57
1377452790, 53.57
1377452795, 53.57
1377452800, 53.57
1377452805, 53.57
1377452811, 53.57
1377452815, 53.57
1377452820, 53.57
1377452826, 53.57
1377452830, 53.57
1377452835, 53.57
1377452840, 53.57
1377452845, 53.57
1377452850, 53.57
1377452855, 53.57
1377452860, 53.57
1377452865, 53.57
1377452870, 53.54
1377452875, 53.54
1377452880, 53.57
1377452885, 53.57
1377452890, 53.57
1377452895, 53.57
1377452900, 53.54
1377452905, 53.57
1377452910, 53.57
1377452915, 53.54
1377452920, 53.54
1377452925, 53.57
1377452931, 53.57
1377452935, 53.57
1377452940, 53.57
1377452945, 53.57
1377452950, 53.57
1377452955, 53.57
1377452960, 53.57
1377452965, 53.54
1377452970, 53.57
1377452975, 53.57
1377452980, 53.57
1377452985, 53.54
1377452990, 53.54
1377452995, 53.57
1377453000, 53.54
1377453005, 53.54
1377453010, 53.54
1377453015, 53.57
1377453020, 53.54
1377453025, 53.54
1377453030, 53.57
1377453035, 53.57
1377453040, 53.57
1377453045, 53.57
1377453050, 53.57
1377453055, 53.54
1377453060, 53.57
1377453065, 53.57
1377453070, 53.57
1377453075, 53.54
1377453080, 53.54
1377453085, 53.57
1377453090, 53.57
1377453095, 53.57
1377453100, 53.57
1377453106, 53.57
1377453110, 53.54
1377453115, 53.57
1377453120, 53.54
1377453125, 53.57
1377453130, 53.54
1377453135, 53.57
1377453140, 53.57
1377453145, 53.57
1377453150, 53.54
1377453155, 53.57
1377453160, 53.57
1377453165, 53.57
1377453170, 53.54
1377453175, 53.57
1377453180, 53.54
1377453185, 53.57
1377453190, 53.57
1377453195, 53.57
1377453200, 53.54
1377453205, 53.57
1377453210, 53.54
1377453215, 53.54
1377453220, 53.54
1377453225, 53.54
1377453230, 53.54
1377453235, 53.57
1377453240, 53.57
1377453245, 53.54
1377453250, 53.54
1377453255, 53.54
1377453260, 53.54
1377453265, 53.57
1377453270, 53.57
1377453275, 53.54
1377453280, 53.54
1377453285, 53.54
1377453290, 53.57
1377453295, 53.57
1377453300, 53.54
1377453305, 53.54
1377453310, 53.54
1377453315, 53.57
1377453320, 53.54
1377453325, 53.57
1377453330, 53.57
1377453335, 53.54
1377453340, 53.54
1377453345, 53.54
1377453350, 53.54
1377453355, 53.54
1377453360, 53.54
1377453365, 53.54
1377453370, 53.54
1377453375, 53.54
1377453380, 53.51
1377453385, 53.54
1377453390, 53.54
1377453395, 53.54
1377453400, 53.54
1377453405, 53.54
1377453410, 53.57
1377453415, 53.54
1377453420, 53.54
1377453425, 53.57
1377453430, 53.57
1377453435, 53.54
1377453440, 53.54
1377453445, 53.54
1377453450, 53.54
1377453455, 53.54
1377453460, 53.57
1377453465, 53.54
1377453470, 53.54
1377453475, 53.54
1377453480, 53.54
1377453485, 53.54
1377453490, 53.54
1377453495, 53.54
1377453500, 53.54
1377453505, 53.54
1377453510, 53.54
1377453515, 53.54
1377453520, 53.54
1377453525, 53.54
1377453530, 53.54
1377453535, 53.54
1377453540, 53.54
1377453545, 53.54
1377453550, 53.51
1377453555, 53.51
1377453560, 53.51
1377453565, 53.51
1377453570, 53.54
1377453575, 53.54
1377453580, 53.51
1377453585, 53.54
1377453590, 53.54
1377453595, 53.54
1377453600, 53.51
1377453605, 53.54
1377453612, 53.54
1377453615, 53.54
1377453620, 53.54
1377453625, 53.51
1377453630, 53.54
1377453635, 53.51
1377453640, 53.51
1377453645, 53.51
1377453650, 53.54
1377453655, 53.51
1377453660, 53.54
1377453665, 53.51
1377453670, 53.54
1377453675, 53.51
1377453680, 53.51
1377453685, 53.51
1377453690, 53.51
1377453695, 53.51
1377453700, 53.51
1377453705, 53.51
1377453710, 53.51
1377453715, 53.54
1377453720, 53.51
1377453725, 53.51
1377453730, 53.51
1377453735, 53.51
1377453740, 53.51
1377453745, 53.51
1377453750, 53.51
1377453755, 53.51
1377453760, 53.51
1377453765, 53.51
1377453770, 53.51
1377453775, 53.54
1377453780, 53.51
1377453785, 53.54
1377453790, 53.51
1377453795, 53.54
1377453800, 53.51
1377453805, 53.51
1377453810, 53.51
1377453815, 53.51
1377453820, 53.51
1377453825, 53.51
1377453830, 53.51
1377453835, 53.51
1377453840, 53.51
1377453845, 53.51
1377453850, 53.51
1377453855, 53.51
1377453860, 53.51
1377453865, 53.51
1377453870, 53.51
1377453875, 53.51
1377453880, 53.51
1377453885, 53.51
1377453890, 53.51
1377453895, 53.51
1377453900, 53.51
1377453905, 53.51
1377453910, 53.51
1377453915, 53.51
1377453920, 53.51
1377453925, 53.51
1377453930, 53.51
1377453935, 53.51
1377453940, 53.51
1377453945, 53.51
1377453950, 53.51
1377453955, 53.51
1377453960, 53.51
1377453965, 53.51
1377453970, 53.51
1377453975, 53.51
1377453980, 53.51
1377453985, 53.51
1377453990, 53.51
1377453995, 53.51
1377454000, 53.51
1377454005, 53.51
1377454010, 53.51
1377454015, 53.51
1377454020, 53.47
1377454025, 53.51
1377454030, 53.51
1377454035, 53.51
1377454040, 53.51
1377454045, 53.51
1377454050, 53.51
1377454055, 53.51
1377454060, 53.47
1377454065, 53.51
1377454070, 53.47
1377454075, 53.51
1377454080, 53.51
1377454085, 53.51
1377454090, 53.51
1377454095, 53.51
1377454100, 53.51
1377454105, 53.51
1377454110, 53.47
1377454115, 53.51
1377454120, 53.51
1377454125, 53.51
1377454130, 53.47
1377454135, 53.47
1377454140, 53.51
1377454145, 53.51
1377454150, 53.51
1377454155, 53.51
1377454160, 53.51
1377454165, 53.51
1377454170, 53.51
1377454175, 53.51
1377454180, 53.51
1377454185, 53.47
1377454190, 53.47
1377454195, 53.47
1377454200, 53.51
1377454205, 53.51
1377454210, 53.47
1377454215, 53.51
1377454220, 53.51
1377454225, 53.47
1377454230, 53.51
1377454235, 53.47
1377454240, 53.47
1377454245, 53.47
1377454250, 53.47
1377454255, 53.51
1377454260, 53.51
1377454265, 53.51
1377454270, 53.47
1377454275, 53.51
1377454280, 53.51
1377454285, 53.47
1377454290, 53.51
1377454295, 53.47
1377454300, 53.51
1377454305, 53.47
1377454310, 53.47
1377454315, 53.47
1377454320, 53.47
1377454325, 53.47
1377454330, 53.51
1377454335, 53.47
1377454340, 53.47
1377454345, 53.51
1377454350, 53.47
1377454355, 53.47
1377454360, 53.51
1377454365, 53.47
1377454370, 53.47
1377454375, 53.51
1377454380, 53.51
1377454385, 53.47
1377454390, 53.47
1377454395, 53.47
1377454400, 53.47
1377454405, 53.47
1377454410, 53.47
1377454415, 53.47
1377454420, 53.47
1377454425, 53.51
1377454430, 53.47
1377454435, 53.47
1377454440, 53.47
1377454445, 53.47
1377454450, 53.47
1377454455, 53.51
1377454460, 53.51
1377454465, 53.47
1377454470, 53.51
1377454475, 53.47
1377454480, 53.47
1377454485, 53.51
1377454490, 53.47
1377454495, 53.47
1377454500, 53.47
1377454505, 53.47
1377454510, 53.47
1377454515, 53.47
1377454520, 53.51
1377454525, 53.51
1377454530, 53.47
1377454535, 53.47
1377454540, 53.47
1377454545, 53.47
1377454550, 53.47
1377454555, 53.47
1377454560, 53.47
1377454565, 53.44
1377454570, 53.44
1377454575, 53.47
1377454580, 53.47
1377454585, 53.47
1377454590, 53.44
1377454595, 53.47
1377454600, 53.47
1377454605, 53.47
1377454610, 53.47
1377454615, 53.44
1377454620, 53.47
1377454625, 53.47
1377454630, 53.44
1377454635, 53.47
1377454640, 53.44
1377454645, 53.47
1377454650, 53.47
1377454655, 53.44
1377454660, 53.44
1377454665, 53.47
1377454670, 53.47
1377454675, 53.47
1377454680, 53.47
1377454685, 53.44
1377454690, 53.47
1377454695, 53.44
1377454700, 53.44
1377454705, 53.47
1377454710, 53.44
1377454715, 53.44
1377454720, 53.47
1377454725, 53.44
1377454730, 53.44
1377454735, 53.44
1377454740, 53.47
1377454745, 53.44
1377454750, 53.44
1377454755, 53.44
1377454760, 53.44
1377454765, 53.47
1377454770, 53.47
1377454775, 53.47
1377454780, 53.44
1377454785, 53.44
1377454790, 53.44
1377454795, 53.44
1377454800, 53.44
1377454805, 53.44
1377454810, 53.44
1377454815, 53.44
1377454820, 53.44
1377454825, 53.44
1377454830, 53.44
1377454840, 53.44
1377454845, 53.44
1377454850, 53.44
1377454855, 53.44
1377454860, 53.44
1377454865, 53.44
1377454870, 53.44
1377454875, 53.44
1377454880, 53.44
1377454885, 53.44
1377454890, 53.44
1377454895, 53.44
1377454900, 53.44
1377454905, 53.44
1377454910, 53.44
1377454915, 53.44
1377454920, 53.44
1377454925, 53.41
1377454930, 53.44
1377454935, 53.44
1377454940, 53.44
1377454945, 53.41
1377454950, 53.44
1377454955, 53.44
1377454960, 53.44
1377454965, 53.41
1377454970, 53.44
1377454975, 53.44
1377454980, 53.44
1377454985, 53.44
1377454990, 53.44
1377454995, 53.44
1377455000, 53.44
1377455005, 53.44
1377455010, 53.44
1377455015, 53.44
1377455020, 53.44
1377455025, 53.44
1377455030, 53.41
1377455035, 53.44
1377455040, 53.41
1377455045, 53.41
1377455050, 53.41
1377455055, 53.44
1377455060, 53.41
1377455065, 53.41
1377455070, 53.41
1377455075, 53.41
1377455080, 53.44
1377455085, 53.44
1377455090, 53.44
1377455095, 53.41
1377455100, 53.41
1377455105, 53.41
1377455110, 53.41
1377455115, 53.41
1377455120, 53.41
1377455125, 53.41
1377455130, 53.41
1377455135, 53.41
1377455140, 53.41
1377455145, 53.41
1377455150, 53.41
1377455155, 53.41
1377455160, 53.41
1377455165, 53.41
1377455170, 53.41
1377455175, 53.41
1377455180, 53.41
1377455190, 53.41
1377455195, 53.38
1377455200, 53.38
1377455205, 53.41
1377455210, 53.41
1377455215, 53.38
1377455220, 53.41
1377455225, 53.38
1377455230, 53.38
1377455235, 53.38
1377455240, 53.41
1377455245, 53.38
1377455250, 53.41
1377455255, 53.38
1377455260, 53.41
1377455265, 53.38
1377455270, 53.38
1377455275, 53.38
1377455280, 53.38
1377455285, 53.38
1377455290, 53.41
1377455295, 53.41
1377455300, 53.38
1377455305, 53.38
1377455310, 53.38
1377455315, 53.38
1377455320, 53.41
1377455325, 53.38
1377455330, 53.38
1377455335, 53.38
1377455340, 53.38
1377455345, 53.38
1377455350, 53.38
1377455355, 53.38
1377455360, 53.38
1377455365, 53.38
1377455370, 53.38
1377455375, 53.38
1377455380, 53.38
1377455385, 53.38
1377455390, 53.38
1377455395, 53.38
1377455400, 53.38
1377455405, 53.38
1377455410, 53.38
1377455415, 53.38
1377455420, 53.38
1377455425, 53.38
1377455430, 53.38
1377455435, 53.38
1377455440, 53.38
1377455445, 53.38
1377455450, 53.38
1377455455, 53.38
1377455460, 53.38
1377455465, 53.38
1377455470, 53.38
1377455475, 53.38
1377455480, 53.35
1377455485, 53.38
1377455490, 53.38
1377455495, 53.38
1377455500, 53.38
1377455505, 53.38
1377455510, 53.38
1377455515, 53.38
1377455520, 53.38
1377455525, 53.38
1377455530, 53.38
1377455535, 53.38
1377455540, 53.38
1377455545, 53.38
1377455550, 53.38
1377455555, 53.35
1377455560, 53.38
1377455565, 53.38
1377455570, 53.38
1377455575, 53.38
1377455580, 53.38
1377455585, 53.38
1377455590, 53.38
1377455595, 53.38
1377455600, 53.38
1377455605, 53.38
1377455610, 53.38
1377455615, 53.38
1377455620, 53.38
1377455625, 53.38
1377455630, 53.38
1377455635, 53.38
1377455640, 53.38
1377455645, 53.35
1377455650, 53.38
1377455655, 53.38
1377455660, 53.35
1377455665, 53.35
1377455670, 53.35
1377455675, 53.35
1377455680, 53.38
1377455685, 53.38
1377455690, 53.35
1377455695, 53.38
1377455700, 53.38
1377455705, 53.35
1377455710, 53.38
1377455715, 53.38
1377455720, 53.35
1377455725, 53.35
1377455730, 53.35
1377455735, 53.38
1377455740, 53.35
1377455745, 53.35
1377455750, 53.38
1377455755, 53.35
1377455760, 53.35
1377455765, 53.35
1377455770, 53.35
1377455775, 53.35
1377455780, 53.35
1377455785, 53.35
1377455790, 53.38
1377455795, 53.35
1377455800, 53.35
1377455805, 53.35
1377455810, 53.35
1377455815, 53.35
1377455820, 53.35
1377455825, 53.35
1377455830, 53.35
1377455835, 53.35
1377455840, 53.35
1377455845, 53.35
1377455850, 53.35
1377455855, 53.35
1377455860, 53.35
1377455865, 53.35
1377455870, 53.35
1377455875, 53.38
1377455880, 53.35
1377455885, 53.35
1377455890, 53.35
1377455895, 53.35
1377455900, 53.35
1377455905, 53.35
1377455910, 53.35
1377455915, 53.35
1377455920, 53.35
1377455925, 53.35
1377455930, 53.38
1377455935, 53.35
1377455940, 53.35
1377455945, 53.35
1377455950, 53.35
1377455955, 53.35
1377455960, 53.35
1377455965, 53.35
1377455970, 53.35
1377455975, 53.35
1377455980, 53.35
1377455985, 53.35
1377455990, 53.35
1377455995, 53.35
1377456000, 53.35
1377456005, 53.35
1377456010, 53.35
1377456015, 53.32
1377456020, 53.35
1377456025, 53.35
1377456030, 53.35
1377456035, 53.32
1377456040, 53.35
1377456045, 53.35
1377456050, 53.35
1377456055, 53.35
1377456060, 53.35
1377456065, 53.35
1377456070, 53.35
1377456075, 53.35
1377456080, 53.35
1377456085, 53.32
1377456090, 53.35
1377456095, 53.32
1377456100, 53.35
1377456105, 53.35
1377456110, 53.32
1377456115, 53.35
1377456120, 53.35
1377456125, 53.35
1377456130, 53.35
1377456135, 53.35
1377456140, 53.35
1377456145, 53.35
1377456150, 53.35
1377456155, 53.32
1377456160, 53.35
1377456165, 53.32
1377456170, 53.35
1377456175, 53.35
1377456180, 53.32
1377456185, 53.35
1377456190, 53.35
1377456195, 53.35
1377456200, 53.35
1377456205, 53.32
1377456210, 53.35
1377456215, 53.32
1377456220, 53.35
1377456225, 53.35
1377456230, 53.35
1377456236, 53.35
1377456240, 53.35
1377456245, 53.35
1377456250, 53.35
1377456255, 53.35
1377456260, 53.35
1377456265, 53.35
1377456270, 53.35
1377456275, 53.32
1377456280, 53.32
1377456285, 53.35
1377456290, 53.32
1377456295, 53.32
1377456300, 53.35
1377456305, 53.35
1377456310, 53.32
1377456315, 53.35
1377456320, 53.32
1377456325, 53.35
1377456330, 53.32
1377456335, 53.32
1377456340, 53.35
1377456345, 53.35
1377456350, 53.35
1377456355, 53.32
1377456360, 53.35
1377456365, 53.32
1377456370, 53.35
1377456375, 53.32
1377456380, 53.35
1377456385, 53.32
1377456390, 53.35
1377456395, 53.32
1377456400, 53.32
1377456405, 53.32
1377456410, 53.32
1377456415, 53.32
1377456420, 53.32
1377456425, 53.32
1377456430, 53.35
1377456435, 53.32
1377456440, 53.32
1377456445, 53.32
1377456450, 53.32
1377456455, 53.32
1377456460, 53.32
1377456465, 53.35
1377456470, 53.32
1377456475, 53.32
1377456480, 53.32
1377456485, 53.32
1377456490, 53.32
1377456496, 53.32
1377456500, 53.32
1377456505, 53.32
1377456510, 53.32
1377456515, 53.32
1377456520, 53.32
1377456525, 53.32
1377456530, 53.32
1377456535, 53.32
1377456540, 53.32
1377456545, 53.32
1377456550, 53.32
1377456555, 53.32
1377456560, 53.32
1377456565, 53.32
1377456570, 53.32
1377456575, 53.32
1377456580, 53.32
1377456585, 53.32
1377456590, 53.32
1377456595, 53.32
1377456600, 53.32
1377456605, 53.32
1377456610, 53.32
1377456615, 53.32
1377456620, 53.32
1377456625, 53.32
1377456630, 53.32
1377456635, 53.32
1377456640, 53.32
1377456645, 53.32
1377456650, 53.32
1377456655, 53.32
1377456660, 53.32
1377456665, 53.32
1377456670, 53.32
1377456675, 53.32
1377456680, 53.32
1377456685, 53.32
1377456690, 53.32
1377456695, 53.32
1377456700, 53.32
1377456705, 53.32
1377456710, 53.32
1377456715, 53.32
1377456720, 53.32
1377456725, 53.32
1377456730, 53.32
1377456735, 53.32
1377456740, 53.32
1377456745, 53.28
1377456750, 53.32
1377456755, 53.32
1377456760, 53.32
1377456765, 53.28
1377456770, 53.32
1377456775, 53.28
1377456780, 53.32
1377456785, 53.32
1377456790, 53.32
1377456795, 53.32
1377456800, 53.32
1377456805, 53.32
1377456810, 53.28
1377456815, 53.32
1377456820, 53.32
1377456825, 53.32
1377456830, 53.28
1377456835, 53.32
1377456840, 53.28
1377456845, 53.28
1377456850, 53.32
1377456855, 53.32
1377456860, 53.32
1377456865, 53.28
1377456870, 53.28
1377456875, 53.28
1377456880, 53.28
1377456885, 53.32
1377456890, 53.32
1377456895, 53.28
1377456900, 53.32
1377456905, 53.32
1377456910, 53.28
1377456915, 53.32
1377456920, 53.32
1377456925, 53.28
1377456930, 53.28
1377456935, 53.32
1377456940, 53.32
1377456945, 53.28
1377456950, 53.28
1377456955, 53.32
1377456960, 53.28
1377456965, 53.28
1377456970, 53.28
1377456975, 53.28
1377456980, 53.28
1377456985, 53.28
1377456990, 53.28
1377456995, 53.28
1377457000, 53.28
1377457005, 53.32
1377457010, 53.28
1377457015, 53.28
1377457020, 53.28
1377457025, 53.28
1377457030, 53.32
1377457035, 53.28
1377457040, 53.28
1377457045, 53.28
1377457050, 53.28
1377457055, 53.28
1377457060, 53.32
1377457065, 53.28
1377457070, 53.28
1377457075, 53.28
1377457084, 53.28
1377457085, 53.32
1377457090, 53.28
1377457095, 53.28
1377457100, 53.28
1377457105, 53.28
1377457110, 53.28
1377457115, 53.28
1377457120, 53.28
1377457125, 53.28
1377457130, 53.28
1377457135, 53.28
1377457140, 53.28
1377457145, 53.28
1377457150, 53.25
1377457155, 53.28
1377457160, 53.28
1377457165, 53.28
1377457170, 53.28
1377457175, 53.25
1377457180, 53.28
1377457185, 53.25
1377457190, 53.28
1377457195, 53.28
1377457200, 53.28
1377457205, 53.25
1377457210, 53.28
1377457215, 53.25
1377457220, 53.28
1377457225, 53.28
1377457230, 53.25
1377457235, 53.25
1377457240, 53.28
1377457245, 53.25
1377457250, 53.25
1377457255, 53.28
1377457260, 53.25
1377457265, 53.25
1377457270, 53.28
1377457275, 53.25
1377457280, 53.25
1377457285, 53.25
1377457290, 53.25
1377457295, 53.25
1377457300, 53.25
1377457305, 53.25
1377457310, 53.25
1377457315, 53.25
1377457320, 53.25
1377457325, 53.25
1377457330, 53.25
1377457335, 53.25
1377457340, 53.25
1377457345, 53.25
1377457350, 53.25
1377457355, 53.25
1377457360, 53.25
1377457365, 53.25
1377457370, 53.25
1377457375, 53.25
1377457380, 53.25
1377457385, 53.25
1377457390, 53.25
1377457395, 53.25
1377457400, 53.25
1377457405, 53.25
1377457410, 53.25
1377457415, 53.25
1377457420, 53.25
1377457425, 53.25
1377457430, 53.25
1377457435, 53.25
1377457440, 53.25
1377457445, 53.25
1377457450, 53.25
1377457455, 53.25
1377457460, 53.25
1377457465, 53.25
1377457470, 53.25
1377457475, 53.25
1377457480, 53.25
1377457485, 53.25
1377457490, 53.25
1377457495, 53.25
1377457500, 53.25
1377457505, 53.25
1377457510, 53.22
1377457515, 53.25
1377457520, 53.25
1377457525, 53.25
1377457530, 53.25
1377457535, 53.25
1377457540, 53.25
1377457545, 53.25
1377457550, 53.25
1377457555, 53.22
1377457560, 53.25
1377457565, 53.25
1377457570, 53.25
1377457575, 53.25
1377457580, 53.25
1377457585, 53.25
1377457590, 53.22
1377457595, 53.25
1377457600, 53.22
1377457605, 53.25
1377457610, 53.25
1377457615, 53.25
1377457620, 53.22
1377457625, 53.25
1377457630, 53.25
1377457635, 53.25
1377457640, 53.25
1377457645, 53.25
1377457650, 53.25
1377457655, 53.25
1377457660, 53.25
1377457665, 53.22
1377457670, 53.25
1377457675, 53.25
1377457680, 53.25
1377457685, 53.25
1377457690, 53.25
1377457695, 53.22
1377457700, 53.25
1377457705, 53.22
1377457710, 53.22
1377457715, 53.25
1377457720, 53.25
1377457725, 53.25
1377457730, 53.25
1377457735, 53.25
1377457740, 53.22
1377457745, 53.25
1377457750, 53.25
1377457755, 53.25
1377457760, 53.25
1377457765, 53.25
1377457770, 53.25
1377457775, 53.25
1377457780, 53.25
1377457785, 53.25
1377457790, 53.25
1377457795, 53.25
1377457800, 53.25
1377457805, 53.22
1377457810, 53.25
1377457815, 53.25
1377457820, 53.25
1377457825, 53.25
1377457830, 53.22
1377457835, 53.25
1377457840, 53.25
1377457845, 53.25
1377457850, 53.25
1377457855, 53.25
1377457860, 53.25
1377457865, 53.25
1377457870, 53.22
1377457875, 53.25
1377457880, 53.22
1377457885, 53.25
1377457890, 53.25
1377457895, 53.25
1377457900, 53.25
1377457905, 53.25
1377457910, 53.25
1377457915, 53.25
1377457920, 53.25
1377457925, 53.25
1377457930, 53.22
1377457935, 53.25
1377457940, 53.25
1377457945, 53.25
1377457950, 53.25
1377457955, 53.25
1377457963, 53.25
1377457965, 53.25
1377457970, 53.25
1377457975, 53.25
1377457980, 53.25
1377457985, 53.25
1377457990, 53.25
1377457995, 53.25
1377458000, 53.25
1377458005, 53.25
1377458010, 53.25
1377458015, 53.25
1377458020, 53.25
1377458025, 53.25
1377458030, 53.25
1377458035, 53.25
1377458040, 53.25
1377458045, 53.25
1377458050, 53.25
1377458055, 53.25
1377458060, 53.25
1377458065, 53.25
1377458070, 53.25
1377458075, 53.25
1377458080, 53.25
1377458085, 53.25
1377458090, 53.25
1377458095, 53.25
1377458100, 53.25
1377458105, 53.25
1377458110, 53.25
1377458115, 53.25
1377458120, 53.25
1377458125, 53.25
1377458130, 53.25
1377458135, 53.25
1377458140, 53.25
1377458145, 53.25
1377458150, 53.25
1377458155, 53.25
1377458160, 53.25
1377458165, 53.25
1377458170, 53.25
1377458175, 53.25
1377458180, 53.25
1377458185, 53.25
1377458190, 53.25
1377458195, 53.25
1377458200, 53.25
1377458205, 53.25
1377458210, 53.25
1377458215, 53.25
1377458220, 53.25
1377458225, 53.25
1377458230, 53.25
1377458235, 53.25
1377458240, 53.25
1377458245, 53.25
1377458250, 53.25
1377458255, 53.25
1377458260, 53.25
1377458265, 53.25
1377458270, 53.25
1377458275, 53.25
1377458280, 53.25
1377458285, 53.25
1377458290, 53.25
1377458295, 53.25
1377458300, 53.25
1377458305, 53.25
1377458310, 53.25
1377458315, 53.25
1377458320, 53.25
1377458325, 53.25
1377458330, 53.28
1377458335, 53.25
1377458340, 53.25
1377458345, 53.25
1377458350, 53.25
1377458355, 53.25
1377458360, 53.25
1377458365, 53.28
1377458370, 53.25
1377458375, 53.25
1377458380, 53.25
1377458385, 53.25
1377458390, 53.25
1377458395, 53.25
1377458400, 53.25
1377458405, 53.25
1377458410, 53.25
1377458415, 53.25
1377458420, 53.25
1377458425, 53.25
1377458430, 53.25
1377458435, 53.25
1377458440, 53.25
1377458445, 53.25
1377458450, 53.25
1377458455, 53.25
1377458460, 53.25
1377458465, 53.25
1377458470, 53.25
1377458475, 53.25
1377458480, 53.25
1377458485, 53.25
1377458490, 53.25
1377458495, 53.25
1377458500, 53.25
1377458505, 53.25
1377458510, 53.25
1377458515, 53.25
1377458520, 53.25
1377458525, 53.25
1377458530, 53.25
1377458535, 53.25
1377458540, 53.25
1377458545, 53.25
1377458550, 53.25
1377458555, 53.25
1377458560, 53.25
1377458565, 53.25
1377458570, 53.22
1377458575, 53.25
1377458580, 53.25
1377458585, 53.25
1377458590, 53.25
1377458595, 53.25
1377458600, 53.25
1377458605, 53.25
1377458610, 53.25
1377458615, 53.25
1377458620, 53.25
1377458625, 53.25
1377458630, 53.25
1377458635, 53.25
1377458640, 53.25
1377458645, 53.25
1377458650, 53.25
1377458655, 53.25
1377458660, 53.25
1377458665, 53.25
1377458670, 53.22
1377458675, 53.22
1377458680, 53.25
1377458685, 53.25
1377458690, 53.25
1377458695, 53.22
1377458700, 53.22
1377458705, 53.22
1377458710, 53.25
1377458715, 53.25
1377458720, 53.25
1377458725, 53.25
1377458730, 53.25
1377458735, 53.25
1377458740, 53.25
1377458745, 53.22
1377458750, 53.25
1377458755, 53.25
1377458760, 53.25
1377458765, 53.22
1377458770, 53.22
1377458775, 53.25
1377458780, 53.22
1377458787, 53.25
1377458790, 53.22
1377458795, 53.22
1377458800, 53.22
1377458805, 53.22
1377458810, 53.25
1377458815, 53.25
1377458820, 53.22
1377458825, 53.25
1377458830, 53.22
1377458835, 53.22
1377458840, 53.25
1377458845, 53.22
1377458850, 53.22
1377458855, 53.22
1377458860, 53.22
1377458865, 53.25
1377458870, 53.19
1377458875, 53.22
1377458880, 53.22
1377458885, 53.25
1377458890, 53.22
1377458895, 53.19
1377458900, 53.22
1377458905, 53.22
1377458910, 53.22
1377458915, 53.22
1377458920, 53.22
1377458925, 53.22
1377458930, 53.22
1377458935, 53.19
1377458940, 53.22
1377458945, 53.22
1377458950, 53.19
1377458955, 53.22
1377458960, 53.22
1377458965, 53.22
1377458970, 53.22
1377458975, 53.22
1377458980, 53.22
1377458985, 53.22
1377458990, 53.19
1377458995, 53.22
1377459000, 53.19
1377459005, 53.22
1377459010, 53.19
1377459015, 53.22
1377459020, 53.19
1377459025, 53.22
1377459030, 53.19
1377459035, 53.19
1377459040, 53.19
1377459045, 53.19
1377459050, 53.19
1377459055, 53.22
1377459060, 53.22
1377459065, 53.19
1377459070, 53.19
1377459075, 53.19
1377459080, 53.19
1377459085, 53.22
1377459090, 53.22
1377459095, 53.19
1377459100, 53.19
1377459105, 53.19
1377459110, 53.19
1377459115, 53.22
1377459120, 53.19
1377459125, 53.19
1377459130, 53.19
1377459135, 53.19
1377459140, 53.19
1377459145, 53.19
1377459150, 53.19
1377459155, 53.19
1377459160, 53.19
1377459165, 53.19
1377459170, 53.19
1377459175, 53.19
1377459180, 53.19
1377459185, 53.19
1377459190, 53.19
1377459195, 53.19
1377459200, 53.19
1377459205, 53.19
1377459210, 53.19
1377459215, 53.19
1377459220, 53.19
1377459225, 53.19
1377459230, 53.19
1377459235, 53.19
1377459240, 53.19
1377459245, 53.19
1377459250, 53.19
1377459255, 53.19
1377459260, 53.19
1377459265, 53.19
1377459270, 53.19
1377459275, 53.19
1377459280, 53.19
1377459285, 53.19
1377459290, 53.19
1377459295, 53.19
1377459300, 53.19
1377459305, 53.19
1377459310, 53.19
1377459315, 53.19
1377459320, 53.19
1377459325, 53.19
1377459330, 53.19
1377459335, 53.16
1377459340, 53.19
1377459345, 53.19
1377459350, 53.19
1377459355, 53.19
1377459360, 53.19
1377459365, 53.19
1377459370, 53.19
1377459375, 53.19
1377459380, 53.19
1377459385, 53.19
1377459390, 53.19
1377459395, 53.19
1377459400, 53.19
1377459405, 53.19
1377459410, 53.19
1377459415, 53.19
1377459420, 53.19
1377459425, 53.19
1377459430, 53.19
1377459435, 53.19
1377459440, 53.19
1377459445, 53.19
1377459450, 53.19
1377459455, 53.19
1377459460, 53.19
1377459465, 53.19
1377459470, 53.16
1377459475, 53.19
1377459480, 53.19
1377459485, 53.19
1377459490, 53.19
1377459495, 53.19
1377459500, 53.16
1377459505, 53.19
1377459510, 53.19
1377459515, 53.19
1377459520, 53.19
1377459525, 53.19
1377459530, 53.19
1377459535, 53.19
1377459540, 53.19
1377459545, 53.19
1377459550, 53.19
1377459555, 53.16
1377459560, 53.19
1377459565, 53.19
1377459570, 53.19
1377459575, 53.19
1377459580, 53.19
1377459585, 53.19
1377459590, 53.16
1377459595, 53.19
1377459600, 53.19
1377459605, 53.19
1377459610, 53.19
1377459615, 53.19
1377459620, 53.19
1377459627, 53.16
1377459630, 53.19
1377459635, 53.19
1377459640, 53.19
1377459645, 53.19
1377459650, 53.19
1377459655, 53.19
1377459660, 53.19
1377459665, 53.19
1377459670, 53.19
1377459675, 53.19
1377459680, 53.19
1377459685, 53.19
1377459690, 53.19
1377459695, 53.19
1377459700, 53.19
1377459705, 53.19
1377459710, 53.19
1377459715, 53.19
1377459720, 53.19
1377459725, 53.19
1377459730, 53.19
1377459735, 53.19
1377459740, 53.19
1377459745, 53.19
1377459750, 53.19
1377459755, 53.19
1377459760, 53.16
1377459765, 53.19
1377459770, 53.19
1377459775, 53.19
1377459780, 53.19
1377459785, 53.19
1377459790, 53.19
1377459795, 53.19
1377459800, 53.19
1377459805, 53.19
1377459810, 53.19
1377459815, 53.19
1377459820, 53.19
1377459825, 53.19
1377459830, 53.19
1377459835, 53.19
1377459840, 53.19
1377459845, 53.19
1377459850, 53.19
1377459855, 53.16
1377459860, 53.19
1377459865, 53.19
1377459870, 53.19
1377459875, 53.19
1377459880, 53.19
1377459885, 53.19
1377459890, 53.19
1377459895, 53.19
1377459900, 53.19
1377459905, 53.19
1377459910, 53.19
1377459915, 53.19
1377459920, 53.19
1377459925, 53.19
1377459930, 53.19
1377459935, 53.19
1377459940, 53.19
1377459945, 53.19
1377459950, 53.19
1377459955, 53.19
1377459960, 53.19
1377459965, 53.19
1377459970, 53.19
1377459975, 53.19
1377459980, 53.19
1377459985, 53.19
1377459990, 53.19
1377459995, 53.19
1377460000, 53.19
1377460005, 53.19
1377460010, 53.19
1377460015, 53.19
1377460020, 53.19
1377460025, 53.19
1377460030, 53.19
1377460035, 53.19
1377460040, 53.19
1377460045, 53.19
1377460050, 53.19
1377460055, 53.19
1377460060, 53.19
1377460065, 53.19
1377460070, 53.19
1377460075, 53.19
1377460080, 53.19
1377460085, 53.19
1377460090, 53.19
1377460095, 53.22
1377460100, 53.19
1377460105, 53.19
1377460110, 53.19
1377460115, 53.19
1377460120, 53.19
1377460125, 53.19
1377460130, 53.19
1377460135, 53.19
1377460140, 53.19
1377460145, 53.19
1377460150, 53.19
1377460155, 53.19
1377460160, 53.19
1377460165, 53.19
1377460170, 53.19
1377460175, 53.19
1377460180, 53.19
1377460185, 53.19
1377460190, 53.19
1377460195, 53.19
1377460200, 53.19
1377460205, 53.19
1377460210, 53.19
1377460215, 53.19
1377460220, 53.19
1377460225, 53.19
1377460230, 53.19
1377460235, 53.19
1377460240, 53.19
1377460245, 53.22
1377460250, 53.19
1377460255, 53.19
1377460260, 53.19
1377460265, 53.19
1377460270, 53.19
1377460275, 53.19
1377460280, 53.19
1377460285, 53.19
1377460290, 53.19
1377460295, 53.19
1377460300, 53.19
1377460305, 53.19
1377460310, 53.19
1377460315, 53.19
1377460320, 53.19
1377460325, 53.19
1377460330, 53.19
1377460335, 53.19
1377460340, 53.22
1377460345, 53.19
1377460350, 53.19
1377460355, 53.19
1377460360, 53.19
1377460365, 53.19
1377460370, 53.19
1377460375, 53.19
1377460380, 53.19
1377460385, 53.19
1377460390, 53.19
1377460395, 53.19
1377460400, 53.22
1377460405, 53.19
1377460410, 53.19
1377460415, 53.19
1377460420, 53.22
1377460425, 53.19
1377460430, 53.19
1377460435, 53.19
1377460440, 53.19
1377460445, 53.19
1377460450, 53.19
1377460455, 53.22
1377460460, 53.19
1377460465, 53.19
1377460470, 53.19
1377460475, 53.19
1377460480, 53.22
1377460485, 53.19
1377460490, 53.19
1377460495, 53.22
1377460500, 53.19
1377460505, 53.22
1377460510, 53.19
1377460515, 53.19
1377460520, 53.19
1377460525, 53.19
1377460530, 53.19
1377460535, 53.22
1377460540, 53.22
1377460545, 53.22
1377460550, 53.19
1377460555, 53.19
1377460560, 53.19
1377460565, 53.19
1377460570, 53.22
1377460575, 53.19
1377460580, 53.19
1377460585, 53.19
1377460590, 53.19
1377460595, 53.22
1377460600, 53.19
1377460605, 53.19
1377460610, 53.19
1377460615, 53.22
1377460620, 53.19
1377460625, 53.19
1377460630, 53.22
1377460635, 53.19
1377460640, 53.22
1377460645, 53.22
1377460650, 53.19
1377460655, 53.19
1377460660, 53.19
1377460665, 53.19
1377460670, 53.19
1377460675, 53.19
1377460680, 53.19
1377460685, 53.19
1377460690, 53.19
1377460695, 53.19
1377460700, 53.19
1377460705, 53.19
1377460710, 53.19
1377460715, 53.19
1377460720, 53.19
1377460725, 53.19
1377460730, 53.19
1377460735, 53.19
1377460740, 53.19
1377460745, 53.19
1377460750, 53.19
1377460755, 53.19
1377460760, 53.22
1377460765, 53.19
1377460770, 53.19
1377460775, 53.19
1377460780, 53.19
1377460785, 53.19
1377460790, 53.19
1377460795, 53.19
1377460800, 53.19
1377460805, 53.19
1377460810, 53.19
1377460815, 53.19
1377460820, 53.19
1377460825, 53.19
1377460830, 53.19
1377460835, 53.19
1377460840, 53.19
1377460845, 53.19
1377460850, 53.19
1377460855, 53.19
1377460860, 53.19
1377460865, 53.19
1377460870, 53.19
1377460875, 53.19
1377460880, 53.19
1377460885, 53.19
1377460890, 53.19
1377460895, 53.19
1377460900, 53.19
1377460905, 53.19
1377460910, 53.19
1377460915, 53.19
1377460920, 53.19
1377460925, 53.16
1377460930, 53.19
1377460935, 53.19
1377460940, 53.19
1377460945, 53.19
1377460950, 53.19
1377460955, 53.19
1377460960, 53.19
1377460965, 53.19
1377460970, 53.19
1377460975, 53.19
1377460980, 53.19
1377460985, 53.19
1377460990, 53.19
1377460995, 53.16
1377461000, 53.19
1377461005, 53.19
1377461010, 53.19
1377461015, 53.19
1377461020, 53.19
1377461025, 53.19
1377461030, 53.19
1377461035, 53.19
1377461040, 53.16
1377461045, 53.16
1377461050, 53.19
1377461055, 53.19
1377461060, 53.19
1377461065, 53.19
1377461070, 53.19
1377461075, 53.19
1377461080, 53.19
1377461085, 53.16
1377461090, 53.19
1377461095, 53.19
1377461100, 53.19
1377461105, 53.19
1377461110, 53.19
1377461115, 53.16
1377461120, 53.19
1377461125, 53.19
1377461130, 53.16
1377461135, 53.16
1377461140, 53.16
1377461145, 53.19
1377461150, 53.19
1377461155, 53.16
1377461160, 53.16
1377461165, 53.16
1377461170, 53.19
1377461175, 53.16
1377461180, 53.16
1377461185, 53.19
1377461190, 53.16
1377461195, 53.16
1377461200, 53.16
1377461205, 53.16
1377461210, 53.16
1377461215, 53.16
1377461220, 53.16
1377461225, 53.16
1377461230, 53.16
1377461235, 53.19
1377461240, 53.16
1377461245, 53.16
1377461250, 53.16
1377461255, 53.13
1377461260, 53.16
1377461265, 53.16
1377461270, 53.16
1377461275, 53.16
1377461280, 53.16
1377461285, 53.16
1377461290, 53.16
1377461295, 53.16
1377461300, 53.19
1377461305, 53.16
1377461310, 53.16
1377461315, 53.16
1377461320, 53.16
1377461325, 53.19
1377461330, 53.13
1377461335, 53.16
1377461340, 53.16
1377461345, 53.16
1377461350, 53.16
1377461355, 53.19
1377461360, 53.16
1377461365, 53.16
1377461370, 53.16
1377461375, 53.16
1377461380, 53.16
1377461385, 53.16
1377461390, 53.16
1377461395, 53.16
1377461400, 53.13
1377461405, 53.16
1377461410, 53.16
1377461415, 53.16
1377461420, 53.16
1377461425, 53.16
1377461430, 53.16
1377461435, 53.16
1377461440, 53.16
1377461445, 53.16
1377461450, 53.16
1377461455, 53.16
1377461460, 53.13
1377461465, 53.16
1377461470, 53.16
1377461475, 53.16
1377461480, 53.16
1377461485, 53.16
1377461490, 53.13
1377461495, 53.16
1377461500, 53.13
1377461505, 53.16
1377461510, 53.16
1377461515, 53.16
1377461520, 53.13
1377461525, 53.13
1377461530, 53.13
1377461535, 53.13
1377461540, 53.16
1377461545, 53.16
1377461550, 53.13
1377461555, 53.16
1377461560, 53.13
1377461565, 53.16
1377461570, 53.13
1377461575, 53.16
1377461580, 53.16
1377461585, 53.13
1377461590, 53.16
1377461595, 53.16
1377461600, 53.13
1377461605, 53.13
1377461610, 53.13
1377461615, 53.13
1377461620, 53.16
1377461625, 53.16
1377461630, 53.16
1377461635, 53.13
1377461640, 53.13
1377461645, 53.13
1377461650, 53.16
1377461655, 53.16
1377461660, 53.16
1377461665, 53.16
1377461670, 53.13
1377461675, 53.13
1377461680, 53.13
1377461685, 53.16
1377461690, 53.13
1377461695, 53.13
1377461700, 53.13
1377461705, 53.13
1377461710, 53.16
1377461715, 53.13
1377461720, 53.16
1377461725, 53.13
1377461730, 53.16
1377461735, 53.13
1377461740, 53.13
1377461745, 53.16
1377461750, 53.13
1377461755, 53.13
1377461760, 53.13
1377461765, 53.16
1377461770, 53.13
1377461775, 53.13
1377461780, 53.13
1377461785, 53.13
1377461790, 53.13
1377461795, 53.16
1377461800, 53.13
1377461805, 53.13
1377461810, 53.13
1377461815, 53.13
1377461820, 53.13
1377461825, 53.13
1377461830, 53.13
1377461835, 53.13
1377461840, 53.13
1377461845, 53.13
1377461850, 53.13
1377461855, 53.13
1377461860, 53.13
1377461865, 53.13
1377461870, 53.13
1377461875, 53.13
1377461880, 53.13
1377461885, 53.16
1377461890, 53.13
1377461895, 53.13
1377461900, 53.13
1377461905, 53.13
1377461910, 53.13
1377461915, 53.13
1377461920, 53.13
1377461925, 53.16
1377461930, 53.13
1377461935, 53.13
1377461940, 53.13
1377461945, 53.13
1377461950, 53.13
1377461955, 53.13
1377461960, 53.13
1377461965, 53.13
1377461970, 53.16
1377461975, 53.13
1377461980, 53.13
1377461985, 53.13
1377461990, 53.13
1377461995, 53.13
1377462000, 53.13
1377462005, 53.13
1377462010, 53.13
1377462015, 53.13
1377462020, 53.13
1377462025, 53.13
1377462030, 53.13
1377462035, 53.16
1377462040, 53.13
1377462045, 53.13
1377462050, 53.13
1377462055, 53.13
1377462060, 53.13
1377462065, 53.13
1377462070, 53.13
1377462075, 53.10
1377462080, 53.13
1377462085, 53.13
1377462090, 53.13
1377462095, 53.13
1377462100, 53.16
1377462105, 53.13
1377462110, 53.13
1377462115, 53.13
1377462120, 53.13
1377462125, 53.13
1377462130, 53.13
1377462135, 53.13
1377462140, 53.13
1377462145, 53.16
1377462150, 53.13
1377462155, 53.13
1377462160, 53.13
1377462165, 53.13
1377462170, 53.13
1377462175, 53.13
1377462180, 53.16
1377462185, 53.16
1377462190, 53.13
1377462195, 53.13
1377462200, 53.13
1377462205, 53.13
1377462210, 53.13
1377462215, 53.13
1377462220, 53.13
1377462225, 53.13
1377462230, 53.16
1377462235, 53.13
1377462240, 53.13
1377462245, 53.13
1377462250, 53.13
1377462255, 53.13
1377462260, 53.13
1377462265, 53.13
1377462270, 53.13
1377462275, 53.13
1377462280, 53.13
1377462285, 53.13
1377462290, 53.16
1377462295, 53.13
1377462300, 53.13
1377462305, 53.13
1377462310, 53.13
1377462315, 53.13
1377462320, 53.13
1377462325, 53.13
1377462330, 53.13
1377462335, 53.13
1377462340, 53.13
1377462345, 53.13
1377462350, 53.13
1377462355, 53.13
1377462360, 53.13
1377462365, 53.13
1377462370, 53.13
1377462375, 53.13
1377462380, 53.13
1377462385, 53.13
1377462390, 53.13
1377462395, 53.13
1377462400, 53.13
1377462405, 53.13
1377462410, 53.13
1377462415, 53.13
1377462420, 53.13
1377462425, 53.13
1377462430, 53.13
1377462435, 53.13
1377462440, 53.13
1377462445, 53.13
1377462450, 53.13
1377462455, 53.13
1377462460, 53.13
1377462465, 53.13
1377462470, 53.13
1377462475, 53.13
1377462480, 53.13
1377462485, 53.13
1377462490, 53.13
1377462495, 53.13
1377462500, 53.13
1377462505, 53.13
1377462510, 53.13
1377462515, 53.13
1377462520, 53.13
1377462525, 53.13
1377462530, 53.13
1377462535, 53.13
1377462540, 53.13
1377462545, 53.13
1377462550, 53.13
1377462555, 53.13
1377462560, 53.13
1377462565, 53.13
1377462570, 53.13
1377462575, 53.13
1377462580, 53.13
1377462585, 53.13
1377462590, 53.13
1377462595, 53.13
1377462600, 53.13
1377462605, 53.13
1377462610, 53.13
1377462615, 53.13
1377462620, 53.13
1377462625, 53.13
1377462630, 53.13
1377462635, 53.13
1377462640, 53.13
1377462645, 53.13
1377462650, 53.13
1377462655, 53.13
1377462660, 53.13
1377462665, 53.13
1377462670, 53.13
1377462675, 53.13
1377462680, 53.13
1377462685, 53.10
1377462690, 53.13
1377462695, 53.13
1377462700, 53.13
1377462705, 53.13
1377462710, 53.13
1377462715, 53.13
1377462720, 53.13
1377462725, 53.13
1377462730, 53.13
1377462735, 53.13
1377462740, 53.13
1377462745, 53.13
1377462750, 53.13
1377462755, 53.10
1377462760, 53.13
1377462765, 53.13
1377462770, 53.13
1377462775, 53.10
1377462780, 53.13
1377462785, 53.13
1377462790, 53.10
1377462795, 53.13
1377462800, 53.13
1377462805, 53.13
1377462810, 53.13
1377462815, 53.13
1377462820, 53.13
1377462825, 53.10
1377462830, 53.13
1377462835, 53.10
1377462840, 53.13
1377462845, 53.13
1377462850, 53.10
1377462855, 53.13
1377462860, 53.13
1377462865, 53.10
1377462870, 53.10
1377462875, 53.10
1377462880, 53.13
1377462885, 53.10
1377462890, 53.10
1377462895, 53.13
1377462900, 53.10
1377462905, 53.13
1377462910, 53.13
1377462915, 53.13
1377462920, 53.10
1377462925, 53.10
1377462930, 53.13
1377462935, 53.10
1377462940, 53.10
1377462945, 53.10
1377462950, 53.10
1377462955, 53.06
1377462960, 53.13
1377462965, 53.10
1377462970, 53.10
1377462975, 53.10
1377462980, 53.10
1377462985, 53.13
1377462990, 53.10
1377462995, 53.10
1377463000, 53.10
1377463005, 53.13
1377463010, 53.10
1377463015, 53.10
1377463020, 53.13
1377463025, 53.10
1377463030, 53.10
1377463039, 53.10
1377463040, 53.10
1377463045, 53.10
1377463050, 53.10
1377463055, 53.10
1377463060, 53.10
1377463065, 53.10
1377463070, 53.13
1377463075, 53.10
1377463080, 53.10
1377463085, 53.10
1377463090, 53.10
1377463095, 53.10
1377463100, 53.10
1377463105, 53.10
1377463110, 53.10
1377463115, 53.10
1377463120, 53.10
1377463125, 53.10
1377463130, 53.10
1377463135, 53.10
1377463140, 53.10
1377463145, 53.10
1377463150, 53.10
1377463155, 53.10
1377463160, 53.10
1377463165, 53.10
1377463170, 53.10
1377463175, 53.10
1377463180, 53.10
1377463185, 53.06
1377463190, 53.10
1377463195, 53.10
1377463200, 53.10
1377463205, 53.10
1377463210, 53.10
1377463215, 53.13
1377463220, 53.10
1377463225, 53.10
1377463230, 53.06
1377463235, 53.10
1377463240, 53.10
1377463245, 53.10
1377463250, 53.06
1377463255, 53.10
1377463260, 53.06
1377463265, 53.10
1377463270, 53.10
1377463275, 53.06
1377463280, 53.10
1377463285, 53.06
1377463290, 53.10
1377463295, 53.06
1377463300, 53.10
1377463305, 53.06
1377463310, 53.10
1377463315, 53.06
1377463320, 53.06
1377463325, 53.10
1377463330, 53.10
1377463335, 53.10
1377463340, 53.10
1377463345, 53.06
1377463350, 53.10
1377463355, 53.10
1377463360, 53.06
1377463365, 53.10
1377463370, 53.06
1377463375, 53.06
1377463380, 53.10
1377463385, 53.06
1377463390, 53.06
1377463395, 53.06
1377463400, 53.06
1377463405, 53.06
1377463410, 53.06
1377463415, 53.06
1377463420, 53.06
1377463425, 53.06
1377463430, 53.10
1377463435, 53.06
1377463440, 53.06
1377463445, 53.06
1377463450, 53.06
1377463455, 53.06
1377463460, 53.06
1377463465, 53.06
1377463470, 53.06
1377463475, 53.10
1377463480, 53.06
1377463485, 53.06
1377463490, 53.06
1377463495, 53.06
1377463500, 53.06
1377463505, 53.06
1377463510, 53.06
1377463515, 53.06
1377463520, 53.06
1377463525, 53.06
1377463530, 53.06
1377463535, 53.06
1377463540, 53.06
1377463545, 53.06
1377463550, 53.06
1377463555, 53.06
1377463560, 53.06
1377463565, 53.06
1377463570, 53.06
1377463575, 53.06
1377463580, 53.06
1377463585, 53.06
1377463590, 53.06
1377463595, 53.06
1377463600, 53.06
1377463605, 53.06
1377463610, 53.06
1377463615, 53.06
1377463620, 53.06
1377463625, 53.06
1377463630, 53.06
1377463635, 53.06
1377463640, 53.06
1377463645, 53.06
1377463650, 53.06
1377463655, 53.06
1377463660, 53.06
1377463665, 53.03
1377463670, 53.06
1377463675, 53.06
1377463680, 53.06
1377463685, 53.06
1377463690, 53.06
1377463695, 53.06
1377463700, 53.06
1377463705, 53.06
1377463710, 53.06
1377463715, 53.06
1377463720, 53.06
1377463725, 53.06
1377463730, 53.06
1377463735, 53.06
1377463740, 53.06
1377463745, 53.06
1377463750, 53.06
1377463755, 53.06
1377463760, 53.06
1377463765, 53.06
1377463770, 53.06
1377463775, 53.06
1377463780, 53.06
1377463785, 53.06
1377463790, 53.06
1377463795, 53.06
1377463800, 53.06
1377463805, 53.06
1377463810, 53.06
1377463815, 53.06
1377463820, 53.06
1377463825, 53.06
1377463830, 53.06
1377463835, 53.03
1377463840, 53.06
1377463845, 53.06
1377463850, 53.06
1377463855, 53.06
1377463860, 53.06
1377463865, 53.06
1377463870, 53.06
1377463875, 53.06
1377463880, 53.06
1377463885, 53.06
1377463891, 53.06
1377463895, 53.06
1377463900, 53.06
1377463905, 53.06
1377463910, 53.06
1377463915, 53.06
1377463920, 53.06
1377463925, 53.06
1377463930, 53.03
1377463935, 53.06
1377463940, 53.06
1377463945, 53.06
1377463950, 53.06
1377463955, 53.03
1377463960, 53.03
1377463965, 53.03
1377463970, 53.06
1377463975, 53.06
1377463980, 53.06
1377463985, 53.06
1377463990, 53.06
1377463995, 53.06
1377464000, 53.06
1377464005, 53.06
1377464010, 53.06
1377464015, 53.03
1377464020, 53.06
1377464025, 53.06
1377464030, 53.06
1377464035, 53.06
1377464040, 53.06
1377464045, 53.06
1377464050, 53.06
1377464055, 53.03
1377464060, 53.06
1377464065, 53.03
1377464070, 53.06
1377464075, 53.06
1377464080, 53.06
1377464085, 53.06
1377464090, 53.06
1377464095, 53.06
1377464100, 53.06
1377464105, 53.06
1377464110, 53.06
1377464115, 53.06
1377464120, 53.06
1377464125, 53.06
1377464130, 53.06
1377464135, 53.06
1377464140, 53.06
1377464145, 53.06
1377464150, 53.06
1377464155, 53.06
1377464160, 53.06
1377464165, 53.06
1377464170, 53.06
1377464175, 53.06
1377464180, 53.06
1377464185, 53.06
1377464190, 53.03
1377464195, 53.06
1377464200, 53.06
1377464205, 53.06
1377464210, 53.03
1377464215, 53.06
1377464220, 53.03
1377464225, 53.06
1377464230, 53.06
1377464235, 53.06
1377464240, 53.06
1377464245, 53.06
1377464250, 53.06
1377464255, 53.06
1377464260, 53.06
1377464265, 53.06
1377464270, 53.06
1377464275, 53.06
1377464280, 53.06
1377464285, 53.06
1377464290, 53.06
1377464295, 53.06
1377464300, 53.03
1377464305, 53.06
1377464310, 53.03
1377464315, 53.06
1377464320, 53.06
1377464325, 53.06
1377464330, 53.03
1377464335, 53.06
1377464340, 53.03
1377464345, 53.06
1377464350, 53.06
1377464355, 53.03
1377464360, 53.06
1377464365, 53.06
1377464370, 53.06
1377464375, 53.06
1377464380, 53.06
1377464385, 53.03
1377464390, 53.03
1377464395, 53.06
1377464400, 53.06
1377464405, 53.06
1377464410, 53.06
1377464415, 53.06
1377464420, 53.06
1377464425, 53.06
1377464430, 53.06
1377464435, 53.06
1377464440, 53.06
1377464445, 53.06
1377464450, 53.06
1377464455, 53.06
1377464460, 53.06
1377464465, 53.06
1377464470, 53.06
1377464475, 53.06
1377464480, 53.06
1377464485, 53.06
1377464490, 53.06
1377464495, 53.06
1377464500, 53.06
1377464505, 53.06
1377464510, 53.03
1377464515, 53.06
1377464520, 53.06
1377464525, 53.06
1377464530, 53.06
1377464535, 53.06
1377464540, 53.06
1377464545, 53.06
1377464550, 53.03
1377464555, 53.06
1377464560, 53.06
1377464565, 53.06
1377464570, 53.06
1377464575, 53.06
1377464580, 53.06
1377464585, 53.06
1377464590, 53.03
1377464595, 53.06
1377464600, 53.06
1377464605, 53.03
1377464610, 53.06
1377464615, 53.06
1377464620, 53.06
1377464625, 53.06
1377464630, 53.06
1377464635, 53.06
1377464640, 53.06
1377464645, 53.03
1377464650, 53.06
1377464655, 53.03
1377464660, 53.06
1377464665, 53.06
1377464670, 53.06
1377464675, 53.03
1377464680, 53.06
1377464685, 53.06
1377464690, 53.06
1377464695, 53.03
1377464700, 53.06
1377464705, 53.06
1377464710, 53.06
1377464715, 53.06
1377464720, 53.06
1377464725, 53.06
1377464730, 53.06
1377464735, 53.06
1377464740, 53.06
1377464745, 53.06
1377464750, 53.06
1377464755, 53.06
1377464760, 53.06
1377464765, 53.06
1377464770, 53.06
1377464775, 53.06
1377464780, 53.06
1377464785, 53.06
1377464790, 53.06
1377464795, 53.06
1377464800, 53.06
1377464805, 53.06
1377464810, 53.06
1377464815, 53.06
1377464820, 53.06
1377464825, 53.06
1377464830, 53.06
1377464835, 53.06
1377464840, 53.06
1377464845, 53.06
1377464850, 53.06
1377464855, 53.06
1377464860, 53.06
1377464865, 53.06
1377464870, 53.06
1377464875, 53.06
1377464880, 53.06
1377464885, 53.06
1377464890, 53.06
1377464895, 53.06
1377464900, 53.06
1377464905, 53.06
1377464910, 53.06
1377464915, 53.06
1377464920, 53.06
1377464925, 53.06
1377464930, 53.06
1377464935, 53.06
1377464940, 53.06
1377464945, 53.06
1377464950, 53.06
1377464955, 53.06
1377464960, 53.06
1377464965, 53.06
1377464970, 53.06
1377464975, 53.06
1377464980, 53.06
1377464985, 53.06
1377464990, 53.06
1377464995, 53.06
1377465000, 53.06
1377465005, 53.06
1377465010, 53.06
1377465015, 53.06
1377465020, 53.06
1377465025, 53.06
1377465030, 53.06
1377465035, 53.06
1377465040, 53.06
1377465045, 53.10
1377465050, 53.06
1377465055, 53.10
1377465060, 53.06
1377465065, 53.06
1377465070, 53.06
1377465075, 53.06
1377465080, 53.06
1377465085, 53.06
1377465090, 53.06
1377465095, 53.06
1377465100, 53.06
1377465105, 53.06
1377465110, 53.10
1377465115, 53.06
1377465120, 53.06
1377465125, 53.10
1377465130, 53.06
1377465135, 53.06
1377465140, 53.06
1377465145, 53.06
1377465150, 53.06
1377465155, 53.06
1377465160, 53.06
1377465165, 53.06
1377465170, 53.06
1377465175, 53.06
1377465180, 53.06
1377465185, 53.06
1377465190, 53.06
1377465195, 53.06
1377465200, 53.10
1377465205, 53.06
1377465210, 53.06
1377465215, 53.06
1377465220, 53.06
1377465225, 53.06
1377465230, 53.06
1377465235, 53.06
1377465240, 53.06
1377465245, 53.06
1377465250, 53.06
1377465255, 53.10
1377465260, 53.06
1377465265, 53.06
1377465270, 53.06
1377465275, 53.06
1377465280, 53.06
1377465285, 53.06
1377465290, 53.06
1377465295, 53.06
1377465300, 53.06
1377465305, 53.10
1377465310, 53.06
1377465315, 53.06
1377465320, 53.06
1377465325, 53.06
1377465330, 53.06
1377465335, 53.06
1377465340, 53.06
1377465345, 53.06
1377465350, 53.10
1377465355, 53.06
1377465360, 53.06
1377465365, 53.06
1377465370, 53.06
1377465375, 53.06
1377465380, 53.06
1377465385, 53.06
1377465390, 53.06
1377465395, 53.06
1377465400, 53.06
1377465405, 53.06
1377465410, 53.06
1377465415, 53.06
1377465420, 53.06
1377465425, 53.06
1377465430, 53.06
1377465435, 53.06
1377465440, 53.06
1377465445, 53.06
1377465450, 53.06
1377465455, 53.06
1377465460, 53.06
1377465465, 53.06
1377465470, 53.06
1377465475, 53.06
1377465480, 53.06
1377465485, 53.06
1377465490, 53.06
1377465495, 53.06
1377465500, 53.06
1377465505, 53.06
1377465510, 53.06
1377465515, 53.06
1377465520, 53.06
1377465525, 53.06
1377465530, 53.06
1377465535, 53.06
1377465540, 53.06
1377465545, 53.06
1377465550, 53.06
1377465555, 53.06
1377465560, 53.06
1377465565, 53.06
1377465570, 53.06
1377465575, 53.06
1377465580, 53.06
1377465585, 53.06
1377465590, 53.06
1377465595, 53.06
1377465600, 53.06
1377465605, 53.06
1377465610, 53.06
1377465615, 53.06
1377465620, 53.06
1377465625, 53.06
1377465630, 53.06
1377465635, 53.06
1377465640, 53.03
1377465645, 53.06
1377465650, 53.06
1377465655, 53.06
1377465660, 53.06
1377465665, 53.06
1377465670, 53.06
1377465675, 53.06
1377465680, 53.06
1377465685, 53.06
1377465690, 53.06
1377465695, 53.06
1377465700, 53.06
1377465705, 53.06
1377465710, 53.06
1377465715, 53.06
1377465720, 53.06
1377465725, 53.06
1377465730, 53.06
1377465735, 53.06
1377465740, 53.06
1377465745, 53.06
1377465750, 53.06
1377465755, 53.06
1377465760, 53.10
1377465765, 53.06
1377465770, 53.06
1377465775, 53.06
1377465780, 53.06
1377465785, 53.06
1377465790, 53.06
1377465795, 53.06
1377465800, 53.06
1377465805, 53.06
1377465810, 53.06
1377465815, 53.06
1377465820, 53.06
1377465825, 53.06
1377465830, 53.06
1377465835, 53.06
1377465840, 53.06
1377465845, 53.06
1377465850, 53.06
1377465855, 53.06
1377465860, 53.06
1377465865, 53.06
1377465870, 53.06
1377465875, 53.06
1377465880, 53.06
1377465885, 53.06
1377465890, 53.06
1377465895, 53.06
1377465900, 53.06
1377465905, 53.06
1377465910, 53.06
1377465915, 53.06
1377465920, 53.06
1377465925, 53.06
1377465930, 53.06
1377465935, 53.06
1377465940, 53.06
1377465945, 53.06
1377465950, 53.06
1377465955, 53.06
1377465960, 53.06
1377465965, 53.06
1377465970, 53.06
1377465975, 53.06
1377465980, 53.06
1377465985, 53.06
1377465990, 53.06
1377465995, 53.06
1377466000, 53.06
1377466005, 53.06
1377466010, 53.06
1377466015, 53.06
1377466020, 53.06
1377466025, 53.06
1377466030, 53.06
1377466035, 53.06
1377466040, 53.06
1377466045, 53.06
1377466050, 53.06
1377466055, 53.06
1377466060, 53.06
1377466065, 53.06
1377466070, 53.06
1377466075, 53.06
1377466080, 53.06
1377466085, 53.06
1377466090, 53.06
1377466095, 53.06
1377466100, 53.06
1377466105, 53.06
1377466110, 53.06
1377466115, 53.06
1377466120, 53.06
1377466125, 53.06
1377466130, 53.06
1377466135, 53.06
1377466140, 53.06
1377466145, 53.06
1377466150, 53.06
1377466155, 53.06
1377466160, 53.06
1377466165, 53.06
1377466170, 53.06
1377466175, 53.06
1377466180, 53.06
1377466185, 53.06
1377466190, 53.06
1377466195, 53.06
1377466200, 53.06
1377466205, 53.06
1377466210, 53.06
1377466215, 53.06
1377466220, 53.06
1377466225, 53.06
1377466230, 53.06
1377466235, 53.06
1377466240, 53.06
1377466245, 53.06
1377466250, 53.06
1377466255, 53.06
1377466260, 53.06
1377466265, 53.06
1377466270, 53.06
1377466275, 53.06
1377466280, 53.06
1377466285, 53.06
1377466290, 53.03
1377466295, 53.06
1377466300, 53.06
1377466305, 53.06
1377466310, 53.06
1377466315, 53.06
1377466320, 53.06
1377466325, 53.06
1377466330, 53.06
1377466335, 53.06
1377466340, 53.06
1377466345, 53.06
1377466350, 53.06
1377466355, 53.06
1377466360, 53.06
1377466365, 53.06
1377466370, 53.06
1377466375, 53.06
1377466380, 53.06
1377466385, 53.06
1377466390, 53.06
1377466395, 53.06
1377466400, 53.06
1377466405, 53.06
1377466410, 53.06
1377466415, 53.06
1377466420, 53.06
1377466425, 53.06
1377466430, 53.06
1377466435, 53.06
1377466440, 53.06
1377466445, 53.06
1377466450, 53.06
1377466455, 53.06
1377466460, 53.06
1377466465, 53.06
1377466470, 53.06
1377466475, 53.06
1377466480, 53.06
1377466485, 53.06
1377466490, 53.06
1377466495, 53.06
1377466500, 53.06
1377466505, 53.06
1377466510, 53.06
1377466515, 53.06
1377466520, 53.06
1377466525, 53.06
1377466530, 53.06
1377466535, 53.06
1377466540, 53.06
1377466545, 53.06
1377466550, 53.06
1377466555, 53.06
1377466560, 53.06
1377466565, 53.06
1377466570, 53.06
1377466575, 53.06
1377466580, 53.06
1377466585, 53.06
1377466590, 53.06
1377466595, 53.06
1377466600, 53.06
1377466605, 53.06
1377466610, 53.06
1377466615, 53.06
1377466620, 53.06
1377466625, 53.10
1377466630, 53.06
1377466635, 53.06
1377466640, 53.06
1377466645, 53.06
1377466650, 53.06
1377466655, 53.06
1377466660, 53.06
1377466665, 53.06
1377466670, 53.06
1377466675, 53.06
1377466680, 53.06
1377466685, 53.06
1377466690, 53.06
1377466695, 53.06
1377466700, 53.06
1377466705, 53.06
1377466710, 53.06
1377466715, 53.06
1377466720, 53.06
1377466725, 53.06
1377466730, 53.06
1377466735, 53.06
1377466740, 53.06
1377466745, 53.06
1377466750, 53.06
1377466755, 53.06
1377466760, 53.06
1377466766, 53.06
1377466770, 53.06
1377466775, 53.06
1377466780, 53.06
1377466785, 53.06
1377466790, 53.06
1377466795, 53.06
1377466800, 53.06
1377466805, 53.06
1377466810, 53.06
1377466815, 53.06
1377466820, 53.06
1377466825, 53.06
1377466830, 53.06
1377466835, 53.06
1377466840, 53.06
1377466845, 53.06
1377466850, 53.06
1377466855, 53.06
1377466860, 53.06
1377466865, 53.06
1377466870, 53.06
1377466875, 53.06
1377466880, 53.06
1377466885, 53.06
1377466890, 53.06
1377466895, 53.06
1377466900, 53.06
1377466905, 53.06
1377466910, 53.06
1377466915, 53.06
1377466920, 53.06
1377466925, 53.06
1377466930, 53.06
1377466935, 53.06
1377466940, 53.06
1377466945, 53.06
1377466950, 53.06
1377466955, 53.06
1377466960, 53.06
1377466965, 53.06
1377466970, 53.06
1377466975, 53.06
1377466980, 53.06
1377466985, 53.10
1377466990, 53.06
1377466995, 53.06
1377467000, 53.06
1377467005, 53.06
1377467010, 53.06
1377467015, 53.06
1377467020, 53.06
1377467025, 53.06
1377467030, 53.06
1377467035, 53.06
1377467040, 53.06
1377467045, 53.06
1377467050, 53.06
1377467055, 53.06
1377467060, 53.06
1377467065, 53.06
1377467070, 53.06
1377467075, 53.06
1377467080, 53.06
1377467085, 53.06
1377467090, 53.06
1377467095, 53.06
1377467100, 53.06
1377467105, 53.06
1377467110, 53.06
1377467115, 53.06
1377467120, 53.06
1377467125, 53.06
1377467130, 53.06
1377467135, 53.06
1377467140, 53.06
1377467145, 53.06
1377467150, 53.06
1377467155, 53.06
1377467160, 53.06
1377467165, 53.06
1377467170, 53.06
1377467175, 53.06
1377467180, 53.06
1377467185, 53.06
1377467190, 53.06
1377467195, 53.06
1377467200, 53.06
1377467205, 53.06
1377467210, 53.06
1377467215, 53.06
1377467220, 53.06
1377467225, 53.06
1377467230, 53.06
1377467235, 53.06
1377467240, 53.06
1377467245, 53.06
1377467250, 53.06
1377467255, 53.06
1377467260, 53.06
1377467265, 53.06
1377467270, 53.06
1377467275, 53.06
1377467280, 53.06
1377467285, 53.06
1377467290, 53.06
1377467295, 53.10
1377467300, 53.06
1377467305, 53.06
1377467310, 53.06
1377467315, 53.06
1377467320, 53.06
1377467325, 53.06
1377467333, 53.06
1377467335, 53.06
1377467340, 53.06
1377467345, 53.06
1377467350, 53.06
1377467355, 53.06
1377467360, 53.06
1377467365, 53.06
1377467370, 53.06
1377467375, 53.06
1377467380, 53.06
1377467385, 53.06
1377467390, 53.06
1377467395, 53.06
1377467400, 53.06
1377467405, 53.06
1377467410, 53.03
1377467415, 53.06
1377467420, 53.06
1377467425, 53.06
1377467430, 53.06
1377467435, 53.06
1377467440, 53.06
1377467445, 53.06
1377467450, 53.06
1377467455, 53.06
1377467460, 53.06
1377467465, 53.06
1377467470, 53.06
1377467475, 53.06
1377467480, 53.06
1377467485, 53.06
1377467490, 53.06
1377467495, 53.06
1377467500, 53.06
1377467505, 53.03
1377467510, 53.06
1377467515, 53.06
1377467520, 53.06
1377467525, 53.06
1377467530, 53.06
1377467535, 53.06
1377467540, 53.06
1377467545, 53.06
1377467550, 53.06
1377467555, 53.06
1377467560, 53.06
1377467565, 53.06
1377467570, 53.06
1377467575, 53.06
1377467580, 53.06
1377467585, 53.03
1377467590, 53.06
1377467595, 53.06
1377467600, 53.06
1377467605, 53.06
1377467610, 53.06
1377467615, 53.06
1377467620, 53.06
1377467625, 53.06
1377467630, 53.06
1377467635, 53.06
1377467640, 53.06
1377467645, 53.06
1377467650, 53.06
1377467655, 53.06
1377467660, 53.06
1377467665, 53.06
1377467670, 53.06
1377467675, 53.06
1377467680, 53.06
1377467685, 53.06
1377467690, 53.10
1377467695, 53.06
1377467700, 53.06
1377467705, 53.06
1377467710, 53.06
1377467715, 53.06
1377467720, 53.06
1377467725, 53.06
1377467730, 53.06
1377467735, 53.06
1377467740, 53.10
1377467745, 53.06
1377467750, 53.06
1377467755, 53.06
1377467760, 53.06
1377467765, 53.06
1377467770, 53.06
1377467775, 53.06
1377467780, 53.06
1377467785, 53.06
1377467790, 53.06
1377467795, 53.06
1377467800, 53.06
1377467805, 53.06
1377467810, 53.06
1377467815, 53.06
1377467820, 53.06
1377467825, 53.06
1377467830, 53.06
1377467835, 53.06
1377467840, 53.06
1377467845, 53.06
1377467850, 53.06
1377467855, 53.06
1377467860, 53.06
1377467865, 53.06
1377467870, 53.06
1377467875, 53.06
1377467880, 53.06
1377467885, 53.06
1377467890, 53.06
1377467895, 53.06
1377467900, 53.10
1377467905, 53.06
1377467910, 53.06
1377467915, 53.06
1377467920, 53.06
1377467925, 53.06
1377467930, 53.06
1377467935, 53.06
1377467940, 53.06
1377467945, 53.06
1377467950, 53.06
1377467955, 53.06
1377467960, 53.06
1377467965, 53.06
1377467970, 53.06
1377467975, 53.06
1377467980, 53.06
1377467985, 53.06
1377467990, 53.06
1377467995, 53.06
1377468000, 53.06
1377468005, 53.06
1377468010, 53.06
1377468015, 53.06
1377468020, 53.06
1377468025, 53.06
1377468030, 53.06
1377468035, 53.06
1377468040, 53.06
1377468045, 53.06
1377468050, 53.06
1377468055, 53.06
1377468060, 53.06
1377468065, 53.06
1377468070, 53.06
1377468075, 53.06
1377468080, 53.06
1377468085, 53.10
1377468090, 53.06
1377468095, 53.06
1377468100, 53.06
1377468105, 53.06
1377468110, 53.06
1377468115, 53.06
1377468120, 53.06
1377468125, 53.06
1377468130, 53.06
1377468135, 53.10
1377468140, 53.06
1377468145, 53.06
1377468150, 53.06
1377468155, 53.06
1377468160, 53.06
1377468165, 53.06
1377468170, 53.06
1377468175, 53.06
1377468180, 53.06
1377468186, 53.10
1377468190, 53.10
1377468195, 53.06
1377468200, 53.06
1377468205, 53.06
1377468210, 53.10
1377468215, 53.06
1377468220, 53.06
1377468225, 53.10
1377468230, 53.06
1377468235, 53.10
1377468240, 53.10
1377468245, 53.10
1377468250, 53.06
1377468255, 53.06
1377468260, 53.06
1377468265, 53.06
1377468270, 53.10
1377468275, 53.06
1377468280, 53.06
1377468285, 53.06
1377468290, 53.10
1377468295, 53.10
1377468300, 53.10
1377468305, 53.06
1377468310, 53.06
1377468315, 53.10
1377468320, 53.10
1377468325, 53.10
1377468330, 53.10
1377468335, 53.06
1377468340, 53.10
1377468345, 53.10
1377468350, 53.10
1377468355, 53.10
1377468360, 53.10
1377468365, 53.10
1377468370, 53.10
1377468375, 53.10
1377468380, 53.10
1377468385, 53.10
1377468390, 53.10
1377468395, 53.10
1377468400, 53.10
1377468405, 53.10
1377468410, 53.10
1377468415, 53.10
1377468420, 53.06
1377468425, 53.10
1377468430, 53.10
1377468435, 53.10
1377468440, 53.10
1377468445, 53.10
1377468450, 53.10
1377468455, 53.10
1377468460, 53.10
1377468465, 53.10
1377468470, 53.10
1377468475, 53.10
1377468480, 53.10
1377468485, 53.10
1377468490, 53.10
1377468495, 53.10
1377468500, 53.10
1377468505, 53.10
1377468510, 53.10
1377468515, 53.10
1377468520, 53.10
1377468525, 53.10
1377468530, 53.10
1377468535, 53.10
1377468540, 53.06
1377468545, 53.13
1377468550, 53.06
1377468555, 53.10
1377468560, 53.10
1377468565, 53.10
1377468570, 53.10
1377468575, 53.10
1377468580, 53.13
1377468585, 53.13
1377468590, 53.10
1377468595, 53.13
1377468600, 53.10
1377468605, 53.10
1377468610, 53.10
1377468615, 53.10
1377468620, 53.10
1377468625, 53.10
1377468630, 53.10
1377468635, 53.10
1377468640, 53.10
1377468645, 53.10
1377468650, 53.10
1377468655, 53.10
1377468660, 53.10
1377468665, 53.10
1377468670, 53.10
1377468675, 53.10
1377468680, 53.10
1377468685, 53.13
1377468690, 53.10
1377468695, 53.10
1377468700, 53.10
1377468705, 53.10
1377468710, 53.10
1377468715, 53.10
1377468720, 53.10
1377468725, 53.10
1377468730, 53.10
1377468735, 53.10
1377468740, 53.10
1377468745, 53.13
1377468750, 53.10
1377468755, 53.10
1377468760, 53.13
1377468765, 53.10
1377468770, 53.13
1377468775, 53.10
1377468780, 53.10
1377468785, 53.13
1377468790, 53.13
1377468795, 53.13
1377468800, 53.10
1377468805, 53.13
1377468810, 53.13
1377468815, 53.10
1377468820, 53.10
1377468825, 53.13
1377468830, 53.13
1377468835, 53.10
1377468840, 53.10
1377468845, 53.13
1377468850, 53.13
1377468855, 53.10
1377468860, 53.13
1377468865, 53.10
1377468870, 53.10
1377468875, 53.10
1377468880, 53.10
1377468885, 53.10
1377468890, 53.10
1377468895, 53.10
1377468900, 53.10
1377468905, 53.13
1377468910, 53.13
1377468915, 53.13
1377468920, 53.10
1377468925, 53.13
1377468930, 53.10
1377468935, 53.13
1377468940, 53.13
1377468945, 53.13
1377468950, 53.13
1377468955, 53.13
1377468960, 53.10
1377468965, 53.10
1377468970, 53.13
1377468975, 53.13
1377468980, 53.13
1377468985, 53.13
1377468990, 53.13
1377468995, 53.13
1377469000, 53.10
1377469005, 53.10
1377469010, 53.10
1377469015, 53.13
1377469020, 53.10
1377469025, 53.13
1377469030, 53.13
1377469035, 53.10
1377469040, 53.13
1377469045, 53.13
1377469050, 53.13
1377469057, 53.13
1377469060, 53.13
1377469065, 53.10
1377469070, 53.13
1377469075, 53.13
1377469080, 53.13
1377469085, 53.13
1377469090, 53.10
1377469095, 53.13
1377469100, 53.13
1377469105, 53.10
1377469110, 53.10
1377469115, 53.13
1377469120, 53.10
1377469125, 53.13
1377469130, 53.13
1377469135, 53.13
1377469140, 53.13
1377469145, 53.10
1377469150, 53.13
1377469155, 53.13
1377469160, 53.10
1377469165, 53.13
1377469170, 53.13
1377469175, 53.13
1377469180, 53.13
1377469185, 53.13
1377469190, 53.13
1377469195, 53.13
1377469200, 53.13
1377469205, 53.13
1377469210, 53.13
1377469215, 53.10
1377469220, 53.13
1377469225, 53.13
1377469230, 53.13
1377469235, 53.13
1377469240, 53.10
1377469245, 53.13
1377469250, 53.13
1377469255, 53.13
1377469260, 53.13
1377469265, 53.13
1377469270, 53.13
1377469275, 53.13
1377469280, 53.13
1377469285, 53.10
1377469290, 53.10
1377469295, 53.13
1377469300, 53.13
1377469305, 53.13
1377469310, 53.13
1377469315, 53.10
1377469320, 53.13
1377469325, 53.10
1377469330, 53.13
1377469335, 53.10
1377469340, 53.13
1377469345, 53.13
1377469350, 53.13
1377469355, 53.13
1377469360, 53.10
1377469365, 53.10
1377469370, 53.13
1377469375, 53.13
1377469380, 53.10
1377469385, 53.10
1377469390, 53.13
1377469395, 53.13
1377469400, 53.13
1377469405, 53.10
1377469410, 53.13
1377469415, 53.13
1377469420, 53.13
1377469425, 53.13
1377469430, 53.13
1377469435, 53.10
1377469440, 53.13
1377469445, 53.13
1377469450, 53.13
1377469455, 53.13
1377469460, 53.13
1377469465, 53.13
1377469470, 53.13
1377469475, 53.13
1377469480, 53.13
1377469485, 53.10
1377469490, 53.13
1377469495, 53.13
1377469500, 53.13
1377469505, 53.13
1377469510, 53.13
1377469515, 53.13
1377469520, 53.10
1377469525, 53.10
1377469530, 53.10
1377469535, 53.13
1377469540, 53.13
1377469545, 53.13
1377469550, 53.10
1377469555, 53.13
1377469560, 53.10
1377469565, 53.10
1377469570, 53.10
1377469575, 53.13
1377469580, 53.13
1377469585, 53.13
1377469590, 53.13
1377469595, 53.13
1377469600, 53.10
1377469605, 53.10
1377469610, 53.10
1377469615, 53.10
1377469620, 53.13
1377469625, 53.13
1377469630, 53.13
1377469635, 53.13
1377469640, 53.13
1377469645, 53.10
1377469650, 53.13
1377469655, 53.13
1377469660, 53.13
1377469665, 53.13
1377469670, 53.13
1377469675, 53.10
1377469680, 53.10
1377469685, 53.13
1377469690, 53.10
1377469695, 53.13
1377469700, 53.10
1377469705, 53.10
1377469710, 53.10
1377469715, 53.10
1377469720, 53.13
1377469725, 53.10
1377469730, 53.10
1377469735, 53.10
1377469740, 53.10
1377469745, 53.10
1377469750, 53.13
1377469755, 53.13
1377469760, 53.13
1377469765, 53.13
1377469770, 53.13
1377469775, 53.10
1377469780, 53.13
1377469785, 53.13
1377469790, 53.10
1377469795, 53.10
1377469800, 53.10
1377469805, 53.13
1377469810, 53.10
1377469815, 53.10
1377469820, 53.13
1377469825, 53.10
1377469830, 53.13
1377469835, 53.13
1377469840, 53.13
1377469845, 53.10
1377469850, 53.13
1377469855, 53.13
1377469860, 53.10
1377469865, 53.10
1377469870, 53.13
1377469875, 53.10
1377469880, 53.10
1377469885, 53.13
1377469890, 53.10
1377469895, 53.10
1377469900, 53.13
1377469905, 53.13
1377469910, 53.13
1377469916, 53.10
1377469920, 53.10
1377469925, 53.13
1377469930, 53.13
1377469935, 53.13
1377469940, 53.13
1377469945, 53.13
1377469950, 53.10
1377469955, 53.13
1377469960, 53.10
1377469965, 53.10
1377469970, 53.10
1377469975, 53.13
1377469980, 53.10
1377469985, 53.10
1377469990, 53.13
1377469995, 53.13
1377470000, 53.13
1377470005, 53.13
1377470010, 53.10
1377470015, 53.13
1377470020, 53.10
1377470025, 53.10
1377470030, 53.13
1377470035, 53.10
1377470040, 53.10
1377470045, 53.10
1377470050, 53.10
1377470055, 53.10
1377470060, 53.10
1377470065, 53.13
1377470070, 53.10
1377470075, 53.10
1377470080, 53.13
1377470085, 53.13
1377470090, 53.13
1377470095, 53.10
1377470100, 53.13
1377470105, 53.13
1377470110, 53.10
1377470115, 53.10
1377470120, 53.13
1377470125, 53.10
1377470130, 53.10
1377470135, 53.10
1377470140, 53.10
1377470145, 53.10
1377470150, 53.13
1377470155, 53.10
1377470160, 53.10
1377470165, 53.10
1377470170, 53.10
1377470175, 53.13
1377470180, 53.10
1377470185, 53.10
1377470190, 53.10
1377470195, 53.10
1377470200, 53.13
1377470205, 53.10
1377470210, 53.13
1377470215, 53.13
1377470220, 53.13
1377470225, 53.13
1377470230, 53.13
1377470235, 53.13
1377470240, 53.10
1377470245, 53.10
1377470250, 53.13
1377470255, 53.10
1377470260, 53.13
1377470265, 53.10
1377470270, 53.13
1377470275, 53.10
1377470280, 53.13
1377470285, 53.13
1377470290, 53.13
1377470295, 53.13
1377470300, 53.13
1377470305, 53.13
1377470310, 53.13
1377470315, 53.10
1377470320, 53.10
1377470325, 53.10
1377470330, 53.13
1377470335, 53.13
1377470340, 53.10
1377470345, 53.10
1377470350, 53.13
1377470355, 53.10
1377470360, 53.10
1377470365, 53.13
1377470370, 53.13
1377470375, 53.10
1377470380, 53.10
1377470385, 53.13
1377470390, 53.10
1377470395, 53.10
1377470400, 53.13
1377470405, 53.13
1377470410, 53.13
1377470415, 53.13
1377470420, 53.10
1377470425, 53.10
1377470430, 53.13
1377470435, 53.10
1377470440, 53.13
1377470445, 53.13
1377470450, 53.10
1377470455, 53.13
1377470460, 53.13
1377470465, 53.10
1377470470, 53.10
1377470475, 53.13
1377470480, 53.13
1377470485, 53.13
1377470490, 53.10
1377470495, 53.13
1377470500, 53.10
1377470505, 53.10
1377470510, 53.10
1377470515, 53.13
1377470520, 53.10
1377470525, 53.10
1377470530, 53.13
1377470535, 53.10
1377470540, 53.13
1377470545, 53.10
1377470550, 53.10
1377470555, 53.13
1377470560, 53.10
1377470565, 53.10
1377470570, 53.10
1377470575, 53.13
1377470580, 53.10
1377470585, 53.13
1377470590, 53.10
1377470595, 53.10
1377470600, 53.13
1377470605, 53.10
1377470610, 53.13
1377470615, 53.10
1377470620, 53.10
1377470625, 53.10
1377470630, 53.10
1377470635, 53.10
1377470640, 53.10
1377470645, 53.10
1377470650, 53.10
1377470655, 53.13
1377470660, 53.10
1377470665, 53.13
1377470670, 53.13
1377470675, 53.10
1377470680, 53.13
1377470685, 53.13
1377470690, 53.10
1377470695, 53.10
1377470700, 53.10
1377470705, 53.13
1377470710, 53.10
1377470715, 53.13
1377470720, 53.10
1377470725, 53.10
1377470730, 53.10
1377470735, 53.10
1377470740, 53.10
1377470745, 53.10
1377470750, 53.10
1377470755, 53.10
1377470760, 53.10
1377470765, 53.10
1377470770, 53.13
1377470775, 53.10
1377470780, 53.10
1377470785, 53.10
1377470790, 53.10
1377470795, 53.10
1377470800, 53.10
1377470805, 53.10
1377470810, 53.10
1377470815, 53.13
1377470820, 53.10
1377470825, 53.10
1377470830, 53.13
1377470835, 53.13
1377470840, 53.10
1377470845, 53.10
1377470850, 53.13
1377470855, 53.10
1377470860, 53.10
1377470865, 53.10
1377470870, 53.13
1377470875, 53.13
1377470880, 53.10
1377470885, 53.13
1377470890, 53.10
1377470895, 53.10
1377470900, 53.13
1377470905, 53.10
1377470910, 53.10
1377470915, 53.10
1377470920, 53.10
1377470925, 53.13
1377470930, 53.10
1377470935, 53.13
1377470940, 53.13
1377470945, 53.10
1377470950, 53.13
1377470955, 53.10
1377470960, 53.13
1377470965, 53.13
1377470970, 53.13
1377470975, 53.10
1377470980, 53.10
1377470985, 53.10
1377470990, 53.13
1377470995, 53.13
1377471000, 53.13
1377471005, 53.10
1377471010, 53.10
1377471015, 53.13
1377471020, 53.13
1377471025, 53.13
1377471030, 53.13
1377471035, 53.10
1377471040, 53.13
1377471045, 53.13
1377471050, 53.10
1377471055, 53.10
1377471060, 53.13
1377471065, 53.13
1377471070, 53.10
1377471075, 53.10
1377471080, 53.13
1377471085, 53.10
1377471090, 53.10
1377471095, 53.13
1377471100, 53.13
1377471105, 53.10
1377471110, 53.06
1377471115, 53.10
1377471120, 53.13
1377471125, 53.10
1377471130, 53.13
1377471135, 53.10
1377471140, 53.10
1377471145, 53.10
1377471150, 53.10
1377471155, 53.10
1377471160, 53.10
1377471165, 53.13
1377471170, 53.10
1377471175, 53.10
1377471180, 53.13
1377471185, 53.10
1377471190, 53.13
1377471195, 53.10
1377471200, 53.10
1377471205, 53.13
1377471210, 53.10
1377471215, 53.10
1377471220, 53.10
1377471225, 53.10
1377471230, 53.10
1377471235, 53.10
1377471240, 53.10
1377471245, 53.06
1377471250, 53.10
1377471255, 53.10
1377471260, 53.10
1377471265, 53.10
1377471270, 53.10
1377471275, 53.10
1377471280, 53.13
1377471285, 53.06
1377471290, 53.10
1377471295, 53.10
1377471300, 53.06
1377471305, 53.10
1377471310, 53.10
1377471315, 53.10
1377471320, 53.10
1377471325, 53.10
1377471330, 53.10
1377471335, 53.10
1377471340, 53.10
1377471345, 53.10
1377471350, 53.06
1377471355, 53.10
1377471360, 53.10
1377471365, 53.06
1377471370, 53.10
1377471375, 53.06
1377471380, 53.10
1377471385, 53.10
1377471390, 53.06
1377471395, 53.10
1377471400, 53.10
1377471405, 53.06
1377471410, 53.10
1377471415, 53.06
1377471420, 53.10
1377471425, 53.10
1377471430, 53.10
1377471435, 53.06
1377471440, 53.10
1377471445, 53.10
1377471450, 53.10
1377471455, 53.10
1377471460, 53.10
1377471465, 53.10
1377471470, 53.06
1377471475, 53.06
1377471480, 53.06
1377471485, 53.06
1377471490, 53.06
1377471495, 53.10
1377471500, 53.06
1377471505, 53.10
1377471510, 53.06
1377471515, 53.10
1377471520, 53.10
1377471525, 53.06
1377471530, 53.10
1377471535, 53.06
1377471540, 53.06
1377471545, 53.10
1377471550, 53.06
1377471555, 53.10
1377471560, 53.06
1377471565, 53.10
1377471570, 53.06
1377471575, 53.06
1377471580, 53.06
1377471585, 53.06
1377471590, 53.10
1377471595, 53.10
1377471600, 53.06
1377471605, 53.06
1377471610, 53.10
1377471615, 53.06
1377471620, 53.06
1377471625, 53.06
1377471630, 53.10
1377471635, 53.06
1377471640, 53.06
1377471645, 53.06
1377471650, 53.06
1377471655, 53.06
1377471660, 53.06
1377471668, 53.06
1377471670, 53.06
1377471675, 53.06
1377471680, 53.06
1377471685, 53.06
1377471690, 53.06
1377471695, 53.06
1377471700, 53.06
1377471705, 53.06
1377471710, 53.06
1377471715, 53.06
1377471720, 53.06
1377471725, 53.06
1377471730, 53.06
1377471735, 53.10
1377471740, 53.06
1377471745, 53.06
1377471750, 53.10
1377471755, 53.06
1377471760, 53.06
1377471765, 53.10
1377471770, 53.06
1377471775, 53.06
1377471780, 53.06
1377471785, 53.06
1377471790, 53.06
1377471795, 53.06
1377471800, 53.06
1377471805, 53.06
1377471810, 53.06
1377471815, 53.06
1377471820, 53.06
1377471825, 53.06
1377471830, 53.06
1377471835, 53.06
1377471840, 53.06
1377471845, 53.06
1377471850, 53.10
1377471855, 53.06
1377471860, 53.06
1377471865, 53.06
1377471870, 53.06
1377471875, 53.06
1377471880, 53.06
1377471885, 53.06
1377471890, 53.06
1377471895, 53.06
1377471900, 53.06
1377471905, 53.06
1377471910, 53.06
1377471915, 53.06
1377471920, 53.06
1377471925, 53.06
1377471930, 53.06
1377471935, 53.06
1377471940, 53.06
1377471945, 53.06
1377471950, 53.06
1377471955, 53.06
1377471960, 53.06
1377471965, 53.06
1377471970, 53.06
1377471975, 53.06
1377471980, 53.06
1377471985, 53.06
1377471990, 53.06
1377471995, 53.06
1377472000, 53.06
1377472005, 53.06
1377472010, 53.06
1377472015, 53.06
1377472020, 53.06
1377472025, 53.06
1377472030, 53.03
1377472035, 53.06
1377472040, 53.06
1377472045, 53.06
1377472050, 53.06
1377472055, 53.06
1377472060, 53.06
1377472065, 53.06
1377472070, 53.06
1377472075, 53.06
1377472080, 53.06
1377472085, 53.06
1377472090, 53.06
1377472095, 53.06
1377472100, 53.06
1377472105, 53.06
1377472110, 53.06
1377472115, 53.06
1377472120, 53.06
1377472125, 53.06
1377472130, 53.06
1377472135, 53.06
1377472140, 53.06
1377472145, 53.06
1377472150, 53.06
1377472155, 53.06
1377472160, 53.06
1377472165, 53.06
1377472170, 53.06
1377472175, 53.06
1377472180, 53.06
1377472185, 53.06
1377472190, 53.06
1377472195, 53.06
1377472200, 53.06
1377472205, 53.06
1377472210, 53.06
1377472215, 53.06
1377472220, 53.06
1377472225, 53.06
1377472230, 53.06
1377472235, 53.06
1377472240, 53.06
1377472245, 53.06
1377472250, 53.06
1377472255, 53.06
1377472260, 53.06
1377472265, 53.06
1377472270, 53.06
1377472275, 53.03
1377472280, 53.06
1377472285, 53.06
1377472290, 53.06
1377472295, 53.06
1377472300, 53.06
1377472305, 53.06
1377472310, 53.06
1377472315, 53.06
1377472320, 53.06
1377472325, 53.06
1377472330, 53.06
1377472335, 53.06
1377472340, 53.06
1377472345, 53.06
1377472350, 53.06
1377472355, 53.06
1377472360, 53.06
1377472365, 53.06
1377472370, 53.06
1377472375, 53.06
1377472380, 53.06
1377472385, 53.06
1377472390, 53.06
1377472395, 53.06
1377472400, 53.06
1377472405, 53.06
1377472410, 53.06
1377472415, 53.06
1377472420, 53.06
1377472425, 53.06
1377472430, 53.06
1377472435, 53.06
1377472440, 53.06
1377472445, 53.06
1377472450, 53.06
1377472455, 53.06
1377472460, 53.06
1377472465, 53.06
1377472470, 53.06
1377472475, 53.06
1377472480, 53.06
1377472485, 53.06
1377472490, 53.06
1377472495, 53.06
1377472500, 53.06
1377472505, 53.06
1377472510, 53.06
1377472515, 53.06
1377472520, 53.06
1377472525, 53.06
1377472530, 53.06
1377472535, 53.06
1377472540, 53.06
1377472545, 53.06
1377472550, 53.06
1377472555, 53.06
1377472562, 53.06
1377472565, 53.06
1377472570, 53.06
1377472575, 53.06
1377472580, 53.06
1377472585, 53.06
1377472590, 53.06
1377472595, 53.06
1377472600, 53.06
1377472605, 53.06
1377472610, 53.06
1377472615, 53.06
1377472620, 53.06
1377472625, 53.06
1377472630, 53.06
1377472635, 53.06
1377472640, 53.06
1377472645, 53.06
1377472650, 53.06
1377472655, 53.06
1377472660, 53.06
1377472665, 53.06
1377472670, 53.06
1377472675, 53.06
1377472680, 53.06
1377472685, 53.06
1377472690, 53.06
1377472695, 53.06
1377472700, 53.06
1377472705, 53.03
1377472710, 53.06
1377472715, 53.06
1377472720, 53.06
1377472725, 53.06
1377472730, 53.06
1377472735, 53.06
1377472740, 53.06
1377472745, 53.06
1377472750, 53.06
1377472755, 53.06
1377472760, 53.06
1377472765, 53.06
1377472770, 53.06
1377472775, 53.06
1377472780, 53.06
1377472785, 53.06
1377472790, 53.06
1377472795, 53.06
1377472800, 53.06
1377472805, 53.06
1377472810, 53.06
1377472815, 53.06
1377472820, 53.06
1377472825, 53.06
1377472830, 53.06
1377472835, 53.03
1377472840, 53.06
1377472845, 53.06
1377472850, 53.06
1377472855, 53.06
1377472860, 53.06
1377472865, 53.06
1377472870, 53.03
1377472875, 53.06
1377472880, 53.06
1377472885, 53.06
1377472890, 53.06
1377472895, 53.06
1377472900, 53.06
1377472905, 53.06
1377472910, 53.06
1377472915, 53.06
1377472920, 53.06
1377472925, 53.06
1377472930, 53.06
1377472935, 53.06
1377472940, 53.06
1377472945, 53.06
1377472950, 53.06
1377472955, 53.03
1377472960, 53.06
1377472965, 53.06
1377472970, 53.06
1377472975, 53.06
1377472980, 53.06
1377472985, 53.06
1377472990, 53.06
1377472995, 53.06
1377473000, 53.06
1377473005, 53.06
1377473010, 53.03
1377473015, 53.06
1377473020, 53.06
1377473025, 53.06
1377473030, 53.03
1377473035, 53.06
1377473040, 53.06
1377473045, 53.06
1377473050, 53.06
1377473055, 53.06
1377473060, 53.06
1377473065, 53.06
1377473070, 53.06
1377473075, 53.06
1377473080, 53.06
1377473085, 53.06
1377473090, 53.06
1377473095, 53.03
1377473100, 53.06
1377473105, 53.06
1377473110, 53.06
1377473115, 53.06
1377473120, 53.06
1377473125, 53.06
1377473130, 53.03
1377473135, 53.06
1377473140, 53.06
1377473145, 53.06
1377473150, 53.06
1377473155, 53.06
1377473160, 53.03
1377473165, 53.06
1377473170, 53.06
1377473175, 53.06
1377473180, 53.06
1377473185, 53.06
1377473190, 53.06
1377473195, 53.06
1377473200, 53.06
1377473205, 53.06
1377473210, 53.06
1377473215, 53.06
1377473220, 53.06
1377473225, 53.06
1377473230, 53.06
1377473235, 53.06
1377473240, 53.06
1377473245, 53.06
1377473250, 53.06
1377473255, 53.06
1377473260, 53.06
1377473265, 53.06
1377473270, 53.06
1377473275, 53.06
1377473280, 53.06
1377473285, 53.06
1377473290, 53.06
1377473295, 53.06
1377473300, 53.06
1377473305, 53.06
1377473310, 53.03
1377473315, 53.06
1377473320, 53.06
1377473325, 53.03
1377473330, 53.03
1377473335, 53.06
1377473340, 53.03
1377473345, 53.06
1377473350, 53.06
1377473355, 53.06
1377473360, 53.03
1377473365, 53.03
1377473370, 53.03
1377473375, 53.06
1377473380, 53.03
1377473385, 53.06
1377473390, 53.06
1377473395, 53.06
1377473400, 53.06
1377473405, 53.06
1377473410, 53.06
1377473415, 53.06
1377473420, 53.06
1377473427, 53.06
1377473430, 53.03
1377473435, 53.06
1377473440, 53.06
1377473445, 53.06
1377473450, 53.06
1377473455, 53.06
1377473460, 53.06
1377473465, 53.06
1377473470, 53.06
1377473475, 53.06
1377473480, 53.06
1377473485, 53.06
1377473490, 53.03
1377473495, 53.03
1377473500, 53.03
1377473505, 53.06
1377473510, 53.06
1377473515, 53.03
1377473520, 53.06
1377473525, 53.06
1377473530, 53.06
1377473535, 53.03
1377473540, 53.03
1377473545, 53.06
1377473550, 53.03
1377473555, 53.06
1377473560, 53.06
1377473565, 53.06
1377473570, 53.06
1377473575, 53.06
1377473580, 53.06
1377473585, 53.06
1377473590, 53.06
1377473595, 53.06
1377473600, 53.06
1377473605, 53.06
1377473610, 53.06
1377473615, 53.06
1377473620, 53.06
1377473625, 53.06
1377473630, 53.06
1377473635, 53.06
1377473640, 53.06
1377473645, 53.06
1377473650, 53.06
1377473655, 53.06
1377473660, 53.06
1377473665, 53.06
1377473670, 53.06
1377473675, 53.06
1377473680, 53.06
1377473685, 53.06
1377473690, 53.06
1377473695, 53.03
1377473700, 53.06
1377473705, 53.06
1377473710, 53.06
1377473715, 53.03
1377473720, 53.06
1377473725, 53.06
1377473730, 53.06
1377473735, 53.06
1377473740, 53.06
1377473745, 53.03
1377473750, 53.03
1377473755, 53.06
1377473760, 53.06
1377473765, 53.06
1377473770, 53.06
1377473775, 53.03
1377473780, 53.06
1377473785, 53.06
1377473790, 53.06
1377473795, 53.06
1377473800, 53.06
1377473805, 53.06
1377473810, 53.06
1377473815, 53.06
1377473820, 53.06
1377473825, 53.06
1377473830, 53.06
1377473835, 53.06
1377473840, 53.06
1377473845, 53.03
1377473850, 53.06
1377473855, 53.06
1377473860, 53.06
1377473865, 53.06
1377473870, 53.06
1377473875, 53.06
1377473880, 53.06
1377473885, 53.06
1377473890, 53.06
1377473895, 53.06
1377473900, 53.06
1377473905, 53.06
1377473910, 53.06
1377473915, 53.03
1377473920, 53.03
1377473925, 53.06
1377473930, 53.06
1377473935, 53.06
1377473940, 53.06
1377473945, 53.06
1377473950, 53.06
1377473955, 53.06
1377473960, 53.06
1377473965, 53.06
1377473970, 53.06
1377473975, 53.06
1377473980, 53.06
1377473985, 53.03
1377473990, 53.06
1377473995, 53.06
1377474000, 53.06
1377474005, 53.06
1377474010, 53.06
1377474015, 53.06
1377474020, 53.06
1377474025, 53.06
1377474030, 53.06
1377474035, 53.06
1377474040, 53.06
1377474045, 53.06
1377474050, 53.06
1377474055, 53.06
1377474060, 53.06
1377474065, 53.06
1377474070, 53.06
1377474075, 53.06
1377474080, 53.06
1377474085, 53.06
1377474090, 53.06
1377474095, 53.06
1377474100, 53.06
1377474105, 53.06
1377474110, 53.06
1377474115, 53.06
1377474120, 53.06
1377474125, 53.06
1377474130, 53.06
1377474135, 53.06
1377474140, 53.06
1377474145, 53.06
1377474150, 53.06
1377474155, 53.06
1377474160, 53.06
1377474165, 53.06
1377474170, 53.06
1377474175, 53.06
1377474180, 53.06
1377474185, 53.06
1377474190, 53.06
1377474195, 53.06
1377474200, 53.06
1377474205, 53.06
1377474210, 53.06
1377474215, 53.06
1377474220, 53.06
1377474225, 53.06
1377474230, 53.06
1377474235, 53.06
1377474240, 53.06
1377474245, 53.06
1377474250, 53.06
1377474255, 53.06
1377474260, 53.03
1377474265, 53.06
1377474270, 53.06
1377474275, 53.06
1377474280, 53.06
1377474285, 53.06
1377474292, 53.06
1377474295, 53.06
1377474300, 53.06
1377474305, 53.06
1377474310, 53.06
1377474315, 53.06
1377474320, 53.03
1377474325, 53.06
1377474330, 53.06
1377474335, 53.06
1377474340, 53.06
1377474345, 53.06
1377474350, 53.06
1377474355, 53.06
1377474360, 53.06
1377474365, 53.06
1377474370, 53.06
1377474375, 53.06
1377474380, 53.06
1377474385, 53.06
1377474390, 53.06
1377474395, 53.06
1377474400, 53.03
1377474405, 53.06
1377474410, 53.06
1377474415, 53.06
1377474420, 53.06
1377474425, 53.06
1377474430, 53.06
1377474435, 53.06
1377474440, 53.06
1377474445, 53.06
1377474450, 53.06
1377474455, 53.06
1377474460, 53.06
1377474465, 53.06
1377474470, 53.06
1377474475, 53.06
1377474480, 53.06
1377474485, 53.06
1377474490, 53.06
1377474495, 53.06
1377474500, 53.06
1377474505, 53.06
1377474510, 53.06
1377474515, 53.06
1377474520, 53.06
1377474525, 53.06
1377474530, 53.06
1377474535, 53.06
1377474540, 53.06
1377474545, 53.06
1377474550, 53.06
1377474555, 53.06
1377474560, 53.06
1377474565, 53.06
1377474570, 53.06
1377474575, 53.06
1377474580, 53.06
1377474585, 53.06
1377474590, 53.06
1377474595, 53.10
1377474600, 53.06
1377474605, 53.06
1377474610, 53.06
1377474615, 53.06
1377474620, 53.06
1377474625, 53.06
1377474630, 53.06
1377474635, 53.06
1377474640, 53.06
1377474645, 53.06
1377474650, 53.06
1377474655, 53.06
1377474660, 53.06
1377474665, 53.06
1377474670, 53.06
1377474675, 53.06
1377474680, 53.06
1377474685, 53.06
1377474690, 53.10
1377474695, 53.06
1377474700, 53.06
1377474705, 53.06
1377474710, 53.06
1377474715, 53.06
1377474720, 53.06
1377474725, 53.06
1377474730, 53.10
1377474735, 53.06
1377474740, 53.06
1377474745, 53.06
1377474750, 53.10
1377474755, 53.06
1377474760, 53.06
1377474765, 53.06
1377474770, 53.06
1377474775, 53.06
1377474780, 53.06
1377474785, 53.10
1377474790, 53.06
1377474795, 53.06
1377474801, 53.06
1377474805, 53.06
1377474810, 53.06
1377474815, 53.06
1377474820, 53.06
1377474825, 53.06
1377474830, 53.06
1377474835, 53.06
1377474840, 53.06
1377474845, 53.06
1377474850, 53.06
1377474855, 53.06
1377474860, 53.06
1377474865, 53.06
1377474870, 53.06
1377474875, 53.06
1377474880, 53.06
1377474885, 53.06
1377474890, 53.06
1377474895, 53.06
1377474900, 53.06
1377474905, 53.06
1377474910, 53.06
1377474915, 53.06
1377474920, 53.06
1377474925, 53.06
1377474930, 53.10
1377474935, 53.06
1377474940, 53.06
1377474945, 53.06
1377474950, 53.06
1377474955, 53.10
1377474960, 53.06
1377474965, 53.10
1377474970, 53.10
1377474975, 53.06
1377474980, 53.06
1377474985, 53.10
1377474990, 53.10
1377474995, 53.06
1377475000, 53.06
1377475005, 53.10
1377475010, 53.06
1377475015, 53.06
1377475020, 53.10
1377475025, 53.10
1377475030, 53.10
1377475035, 53.10
1377475040, 53.10
1377475045, 53.10
1377475050, 53.10
1377475055, 53.10
1377475060, 53.10
1377475065, 53.10
1377475070, 53.10
1377475075, 53.06
1377475080, 53.10
1377475085, 53.10
1377475090, 53.10
1377475095, 53.10
1377475100, 53.10
1377475105, 53.10
1377475110, 53.10
1377475115, 53.13
1377475120, 53.10
1377475125, 53.10
1377475133, 53.10
1377475135, 53.10
1377475140, 53.10
1377475145, 53.10
1377475150, 53.10
1377475155, 53.10
1377475160, 53.13
1377475165, 53.10
1377475170, 53.13
1377475175, 53.10
1377475180, 53.10
1377475185, 53.13
1377475190, 53.13
1377475195, 53.13
1377475200, 53.13
1377475205, 53.10
1377475210, 53.13
1377475215, 53.10
1377475220, 53.13
1377475225, 53.13
1377475230, 53.13
1377475235, 53.13
1377475240, 53.13
1377475245, 53.13
1377475250, 53.13
1377475255, 53.13
1377475260, 53.13
1377475265, 53.13
1377475270, 53.13
1377475275, 53.13
1377475280, 53.13
1377475285, 53.13
1377475290, 53.13
1377475295, 53.13
1377475300, 53.13
1377475305, 53.13
1377475310, 53.13
1377475315, 53.13
1377475320, 53.13
1377475325, 53.13
1377475330, 53.13
1377475335, 53.13
1377475340, 53.13
1377475345, 53.13
1377475350, 53.13
1377475355, 53.13
1377475360, 53.13
1377475365, 53.13
1377475370, 53.13
1377475375, 53.13
1377475380, 53.13
1377475385, 53.13
1377475390, 53.16
1377475395, 53.13
1377475400, 53.13
1377475405, 53.13
1377475410, 53.16
1377475415, 53.13
1377475420, 53.13
1377475425, 53.13
1377475430, 53.13
1377475435, 53.13
1377475440, 53.16
1377475445, 53.13
1377475450, 53.16
1377475455, 53.16
1377475460, 53.16
1377475465, 53.13
1377475470, 53.16
1377475475, 53.16
1377475480, 53.13
1377475485, 53.16
1377475490, 53.16
1377475495, 53.16
1377475500, 53.16
1377475505, 53.16
1377475510, 53.16
1377475515, 53.16
1377475520, 53.16
1377475525, 53.16
1377475530, 53.16
1377475535, 53.16
1377475540, 53.16
1377475545, 53.16
1377475550, 53.16
1377475555, 53.16
1377475560, 53.13
1377475565, 53.16
1377475570, 53.16
1377475575, 53.16
1377475580, 53.16
1377475585, 53.16
1377475590, 53.16
1377475595, 53.16
1377475600, 53.19
1377475605, 53.16
1377475610, 53.16
1377475615, 53.16
1377475620, 53.16
1377475625, 53.16
1377475630, 53.16
1377475635, 53.16
1377475640, 53.19
1377475645, 53.19
1377475650, 53.16
1377475655, 53.16
1377475660, 53.16
1377475665, 53.16
1377475670, 53.16
1377475675, 53.16
1377475680, 53.19
1377475685, 53.19
1377475690, 53.19
1377475695, 53.19
1377475700, 53.19
1377475705, 53.16
1377475710, 53.19
1377475715, 53.16
1377475720, 53.19
1377475725, 53.16
1377475730, 53.16
1377475735, 53.19
1377475740, 53.16
1377475745, 53.19
1377475750, 53.16
1377475755, 53.16
1377475760, 53.16
1377475765, 53.19
1377475770, 53.19
1377475775, 53.16
1377475780, 53.16
1377475785, 53.19
1377475790, 53.19
1377475795, 53.19
1377475800, 53.19
1377475805, 53.19
1377475810, 53.19
1377475815, 53.19
1377475820, 53.19
1377475825, 53.19
1377475830, 53.19
1377475835, 53.16
1377475840, 53.19
1377475845, 53.19
1377475850, 53.19
1377475855, 53.19
1377475860, 53.19
1377475865, 53.19
1377475870, 53.19
1377475875, 53.19
1377475880, 53.19
1377475885, 53.19
1377475890, 53.16
1377475895, 53.16
1377475900, 53.19
1377475905, 53.19
1377475910, 53.19
1377475915, 53.19
1377475920, 53.19
1377475925, 53.19
1377475930, 53.19
1377475935, 53.19
1377475940, 53.19
1377475945, 53.19
1377475950, 53.19
1377475955, 53.19
1377475960, 53.19
1377475965, 53.19
1377475970, 53.19
1377475975, 53.19
1377475980, 53.19
1377475988, 53.19
1377475990, 53.16
1377475995, 53.19
1377476000, 53.19
1377476005, 53.19
1377476010, 53.16
1377476015, 53.19
1377476020, 53.19
1377476025, 53.16
1377476030, 53.19
1377476035, 53.19
1377476040, 53.19
1377476045, 53.16
1377476050, 53.19
1377476055, 53.19
1377476060, 53.19
1377476065, 53.19
1377476070, 53.19
1377476075, 53.16
1377476080, 53.19
1377476085, 53.16
1377476090, 53.19
1377476095, 53.16
1377476100, 53.16
1377476105, 53.19
1377476110, 53.16
1377476115, 53.16
1377476120, 53.19
1377476125, 53.16
1377476130, 53.16
1377476135, 53.16
1377476140, 53.16
1377476145, 53.16
1377476150, 53.16
1377476155, 53.16
1377476160, 53.16
1377476165, 53.16
1377476170, 53.16
1377476175, 53.16
1377476180, 53.19
1377476185, 53.16
1377476190, 53.16
1377476195, 53.16
1377476200, 53.16
1377476205, 53.19
1377476210, 53.16
1377476215, 53.19
1377476220, 53.16
1377476225, 53.16
1377476230, 53.16
1377476235, 53.16
1377476240, 53.16
1377476245, 53.16
1377476250, 53.16
1377476255, 53.16
1377476260, 53.16
1377476265, 53.16
1377476270, 53.13
1377476275, 53.13
1377476280, 53.16
1377476285, 53.16
1377476290, 53.16
1377476295, 53.13
1377476300, 53.16
1377476305, 53.16
1377476310, 53.13
1377476315, 53.16
1377476320, 53.13
1377476325, 53.13
1377476330, 53.16
1377476335, 53.13
1377476340, 53.16
1377476345, 53.16
1377476350, 53.16
1377476355, 53.13
1377476360, 53.13
1377476365, 53.16
1377476370, 53.16
1377476375, 53.16
1377476380, 53.16
1377476385, 53.16
1377476390, 53.13
1377476395, 53.13
1377476400, 53.16
1377476405, 53.16
1377476410, 53.13
1377476415, 53.13
1377476420, 53.16
1377476425, 53.13
1377476430, 53.13
1377476435, 53.13
1377476440, 53.13
1377476445, 53.13
1377476450, 53.13
1377476455, 53.13
1377476460, 53.13
1377476465, 53.16
1377476470, 53.13
1377476475, 53.13
1377476480, 53.13
1377476485, 53.16
1377476490, 53.13
1377476495, 53.13
1377476500, 53.13
1377476505, 53.13
1377476510, 53.13
1377476515, 53.13
1377476520, 53.13
1377476525, 53.13
1377476530, 53.13
1377476535, 53.13
1377476540, 53.13
1377476545, 53.13
1377476550, 53.13
1377476555, 53.13
1377476560, 53.13
1377476565, 53.13
1377476570, 53.13
1377476575, 53.13
1377476580, 53.13
1377476585, 53.13
1377476590, 53.13
1377476595, 53.13
1377476600, 53.13
1377476605, 53.13
1377476610, 53.13
1377476615, 53.13
1377476620, 53.13
1377476625, 53.13
1377476630, 53.13
1377476635, 53.13
1377476640, 53.13
1377476645, 53.13
1377476650, 53.13
1377476655, 53.13
1377476660, 53.13
1377476665, 53.13
1377476670, 53.13
1377476675, 53.13
1377476680, 53.13
1377476685, 53.13
1377476690, 53.13
1377476695, 53.13
1377476700, 53.13
1377476705, 53.13
1377476710, 53.13
1377476715, 53.13
1377476720, 53.13
1377476725, 53.13
1377476730, 53.13
1377476735, 53.13
1377476740, 53.13
1377476745, 53.13
1377476750, 53.13
1377476755, 53.13
1377476760, 53.13
1377476765, 53.13
1377476770, 53.13
1377476775, 53.13
1377476780, 53.13
1377476785, 53.13
1377476790, 53.13
1377476795, 53.13
1377476800, 53.13
1377476805, 53.13
1377476810, 53.13
1377476815, 53.13
1377476820, 53.10
1377476825, 53.13
1377476830, 53.13
1377476835, 53.13
1377476840, 53.13
1377476845, 53.13
1377476850, 53.13
1377476855, 53.13
1377476860, 53.13
1377476867, 53.13
1377476870, 53.13
1377476875, 53.13
1377476880, 53.13
1377476885, 53.13
1377476890, 53.13
1377476895, 53.13
1377476900, 53.13
1377476905, 53.13
1377476910, 53.13
1377476915, 53.13
1377476920, 53.13
1377476925, 53.13
1377476930, 53.13
1377476935, 53.13
1377476940, 53.13
1377476945, 53.13
1377476950, 53.16
1377476955, 53.13
1377476960, 53.13
1377476965, 53.13
1377476970, 53.13
1377476975, 53.13
1377476980, 53.13
1377476985, 53.16
1377476990, 53.13
1377476995, 53.13
1377477000, 53.13
1377477005, 53.13
1377477010, 53.13
1377477015, 53.16
1377477020, 53.16
1377477025, 53.13
1377477030, 53.13
1377477035, 53.13
1377477040, 53.16
1377477045, 53.16
1377477050, 53.13
1377477055, 53.13
1377477060, 53.13
1377477065, 53.13
1377477070, 53.16
1377477075, 53.16
1377477080, 53.16
1377477085, 53.13
1377477090, 53.16
1377477095, 53.16
1377477100, 53.13
1377477105, 53.16
1377477110, 53.13
1377477115, 53.13
1377477120, 53.13
1377477125, 53.13
1377477130, 53.13
1377477135, 53.13
1377477140, 53.13
1377477145, 53.16
1377477150, 53.13
1377477155, 53.16
1377477160, 53.16
1377477165, 53.13
1377477170, 53.16
1377477175, 53.16
1377477180, 53.16
1377477185, 53.13
1377477190, 53.16
1377477195, 53.16
1377477200, 53.16
1377477205, 53.13
1377477210, 53.16
1377477215, 53.13
1377477220, 53.13
1377477225, 53.16
1377477230, 53.16
1377477235, 53.16
1377477240, 53.16
1377477245, 53.16
1377477250, 53.16
1377477255, 53.16
1377477260, 53.13
1377477265, 53.16
1377477270, 53.13
1377477274, 53.19
1377477280, 53.16
1377477285, 53.16
1377477290, 53.13
1377477295, 53.16
1377477300, 53.16
1377477305, 53.13
1377477310, 53.16
1377477315, 53.13
1377477320, 53.16
1377477325, 53.16
1377477330, 53.16
1377477335, 53.16
1377477340, 53.16
1377477345, 53.16
1377477350, 53.16
1377477355, 53.13
1377477360, 53.16
1377477364, 53.16
1377477370, 53.16
1377477375, 53.16
1377477379, 53.13
1377477385, 53.16
1377477390, 53.16
1377477395, 53.16
1377477400, 53.16
1377477404, 53.16
1377477410, 53.16
1377477415, 53.13
1377477420, 53.16
1377477425, 53.16
1377477430, 53.16
1377477435, 53.16
1377477439, 53.16
1377477445, 53.16
1377477450, 53.13
1377477455, 53.16
1377477460, 53.16
1377477465, 53.13
1377477470, 53.16
1377477475, 53.19
1377477480, 53.16
1377477484, 53.13
1377477490, 53.16
1377477495, 53.16
1377477500, 53.16
1377477505, 53.13
1377477510, 53.13
1377477515, 53.16
1377477520, 53.16
1377477525, 53.16
1377477530, 53.16
1377477535, 53.13
1377477540, 53.16
1377477545, 53.13
1377477550, 53.16
1377477555, 53.16
1377477559, 53.16
1377477565, 53.13
1377477570, 53.16
1377477574, 53.16
1377477580, 53.16
1377477585, 53.16
1377477590, 53.13
1377477595, 53.16
1377477600, 53.13
1377477605, 53.16
1377477610, 53.16
1377477615, 53.13
1377477619, 53.16
1377477625, 53.13
1377477630, 53.13
1377477634, 53.16
1377477640, 53.13
1377477645, 53.13
1377477650, 53.13
1377477655, 53.16
1377477659, 53.16
1377477664, 53.13
1377477670, 53.16
1377477675, 53.16
1377477680, 53.13
1377477685, 53.13
1377477690, 53.16
1377477695, 53.13
1377477700, 53.13
1377477705, 53.13
1377477709, 53.16
1377477714, 53.16
1377477719, 53.16
1377477725, 53.16
1377477730, 53.13
1377477735, 53.16
1377477740, 53.13
1377477744, 53.16
1377477750, 53.13
1377477755, 53.13
1377477759, 53.13
1377477766, 53.16
1377477769, 53.16
1377477775, 53.13
1377477780, 53.13
1377477784, 53.13
1377477789, 53.13
1377477794, 53.16
1377477799, 53.13
1377477805, 53.13
1377477810, 53.13
1377477814, 53.13
1377477820, 53.16
1377477825, 53.13
1377477830, 53.13
1377477835, 53.13
1377477840, 53.13
1377477844, 53.13
1377477850, 53.13
1377477855, 53.13
1377477859, 53.13
1377477864, 53.13
1377477869, 53.13
1377477874, 53.13
1377477879, 53.13
1377477884, 53.13
1377477889, 53.13
1377477894, 53.13
1377477900, 53.13
1377477905, 53.13
1377477909, 53.13
1377477914, 53.13
1377477920, 53.13
1377477925, 53.13
1377477930, 53.13
1377477934, 53.10
1377477939, 53.13
1377477944, 53.13
1377477949, 53.13
1377477955, 53.13
1377477959, 53.13
1377477964, 53.13
1377477969, 53.13
1377477974, 53.13
1377477979, 53.13
1377477984, 53.13
1377477989, 53.13
1377477994, 53.13
1377477999, 53.13
1377478004, 53.13
1377478009, 53.13
1377478014, 53.13
1377478019, 53.13
1377478024, 53.13
1377478029, 53.13
1377478034, 53.13
1377478039, 53.13
1377478044, 53.13
1377478049, 53.13
1377478054, 53.13
1377478059, 53.13
1377478064, 53.13
1377478069, 53.13
1377478074, 53.13
1377478079, 53.13
1377478084, 53.13
1377478089, 53.10
1377478094, 53.10
1377478100, 53.13
1377478104, 53.13
1377478110, 53.13
1377478114, 53.13
1377478119, 53.13
1377478124, 53.10
1377478129, 53.10
1377478134, 53.13
1377478139, 53.13
1377478144, 53.13
1377478149, 53.10
1377478154, 53.10
1377478159, 53.10
1377478164, 53.10
1377478169, 53.10
1377478174, 53.13
1377478179, 53.13
1377478184, 53.13
1377478189, 53.10
1377478194, 53.10
1377478199, 53.10
1377478204, 53.13
1377478209, 53.10
1377478214, 53.10
1377478219, 53.10
1377478225, 53.10
1377478229, 53.10
1377478234, 53.10
1377478239, 53.10
1377478244, 53.10
1377478249, 53.10
1377478254, 53.13
1377478259, 53.10
1377478264, 53.10
1377478269, 53.10
1377478274, 53.10
1377478279, 53.10
1377478284, 53.13
1377478289, 53.10
1377478294, 53.10
1377478299, 53.10
1377478304, 53.13
1377478309, 53.10
1377478314, 53.13
1377478320, 53.10
1377478324, 53.10
1377478329, 53.10
1377478334, 53.10
1377478339, 53.10
1377478344, 53.10
1377478349, 53.10
1377478354, 53.10
1377478360, 53.10
1377478364, 53.10
1377478370, 53.10
1377478374, 53.10
1377478379, 53.10
1377478384, 53.10
1377478389, 53.10
1377478395, 53.10
1377478399, 53.10
1377478404, 53.10
1377478409, 53.10
1377478414, 53.10
1377478419, 53.06
1377478424, 53.10
1377478429, 53.10
1377478434, 53.10
1377478439, 53.10
1377478444, 53.10
1377478449, 53.10
1377478454, 53.10
1377478459, 53.10
1377478464, 53.10
1377478469, 53.06
1377478474, 53.10
1377478479, 53.06
1377478485, 53.10
1377478489, 53.10
1377478494, 53.10
1377478499, 53.10
1377478504, 53.10
1377478509, 53.06
1377478514, 53.10
1377478519, 53.06
1377478524, 53.10
1377478529, 53.10
1377478534, 53.06
1377478539, 53.10
1377478544, 53.06
1377478549, 53.10
1377478554, 53.10
1377478560, 53.10
1377478564, 53.06
1377478569, 53.06
1377478574, 53.10
1377478579, 53.10
1377478584, 53.06
1377478589, 53.06
1377478594, 53.06
1377478599, 53.06
1377478604, 53.10
1377478609, 53.06
1377478615, 53.06
1377478619, 53.06
1377478624, 53.10
1377478629, 53.06
1377478634, 53.06
1377478639, 53.06
1377478644, 53.06
1377478649, 53.10
1377478654, 53.10
1377478659, 53.06
1377478664, 53.06
1377478669, 53.06
1377478674, 53.10
1377478679, 53.06
1377478684, 53.06
1377478689, 53.06
1377478694, 53.10
1377478699, 53.06
1377478704, 53.06
1377478709, 53.10
1377478714, 53.06
1377478719, 53.06
1377478724, 53.06
1377478729, 53.06
1377478734, 53.06
1377478739, 53.10
1377478744, 53.06
1377478749, 53.06
1377478754, 53.06
1377478759, 53.06
1377478764, 53.10
1377478769, 53.06
1377478774, 53.06
1377478779, 53.06
1377478784, 53.06
1377478789, 53.10
1377478794, 53.06
1377478799, 53.10
1377478804, 53.06
1377478809, 53.06
1377478814, 53.06
1377478819, 53.06
1377478824, 53.06
1377478829, 53.10
1377478834, 53.06
1377478839, 53.06
1377478844, 53.06
1377478849, 53.06
1377478854, 53.06
1377478859, 53.06
1377478864, 53.06
1377478869, 53.06
1377478874, 53.06
1377478879, 53.06
1377478884, 53.06
1377478889, 53.06
1377478894, 53.06
1377478899, 53.06
1377478904, 53.10
1377478909, 53.06
1377478914, 53.06
1377478919, 53.06
1377478924, 53.06
1377478929, 53.06
1377478934, 53.06
1377478939, 53.06
1377478944, 53.06
1377478949, 53.06
1377478954, 53.06
1377478959, 53.03
1377478964, 53.06
1377478969, 53.06
1377478974, 53.06
1377478979, 53.06
1377478984, 53.06
1377478989, 53.06
1377478994, 53.06
1377478999, 53.06
1377479004, 53.06
1377479009, 53.06
1377479014, 53.06
1377479019, 53.06
1377479024, 53.06
1377479029, 53.06
1377479034, 53.06
1377479039, 53.06
1377479044, 53.06
1377479049, 53.06
1377479054, 53.06
1377479059, 53.06
1377479064, 53.03
1377479069, 53.06
1377479074, 53.06
1377479079, 53.06
1377479084, 53.03
1377479089, 53.06
1377479094, 53.06
1377479099, 53.06
1377479104, 53.06
1377479109, 53.06
1377479114, 53.06
1377479119, 53.06
1377479124, 53.06
1377479129, 53.03
1377479134, 53.06
1377479139, 53.03
1377479144, 53.06
1377479149, 53.06
1377479154, 53.03
1377479159, 53.06
1377479164, 53.06
1377479169, 53.03
1377479174, 53.06
1377479179, 53.03
1377479184, 53.06
1377479189, 53.03
1377479194, 53.03
1377479199, 53.03
1377479204, 53.03
1377479209, 53.03
1377479214, 53.03
1377479219, 53.03
1377479224, 53.00
1377479229, 53.03
1377479234, 53.00
1377479239, 53.03
1377479244, 53.00
1377479249, 53.03
1377479254, 53.03
1377479259, 53.00
1377479264, 53.00
1377479269, 53.03
1377479274, 53.00
1377479279, 53.00
1377479284, 53.00
1377479289, 53.00
1377479294, 53.03
1377479299, 53.03
1377479304, 53.03
1377479309, 53.00
1377479314, 53.00
1377479319, 53.00
1377479324, 53.00
1377479329, 53.00
1377479334, 53.00
1377479339, 53.00
1377479344, 53.00
1377479349, 53.00
1377479354, 53.00
1377479359, 53.00
1377479364, 53.00
1377479369, 53.00
1377479374, 53.00
1377479379, 53.00
1377479384, 53.00
1377479389, 53.00
1377479394, 53.00
1377479399, 53.00
1377479404, 53.00
1377479409, 53.00
1377479414, 53.00
1377479419, 53.00
1377479424, 53.00
1377479429, 52.97
1377479434, 53.00
1377479439, 52.97
1377479444, 53.00
1377479449, 52.97
1377479454, 53.00
1377479459, 52.97
1377479464, 52.97
1377479469, 53.00
1377479474, 52.97
1377479479, 53.00
1377479484, 53.00
1377479489, 53.00
1377479494, 52.97
1377479499, 53.00
1377479504, 53.00
1377479509, 53.00
1377479514, 52.97
1377479519, 52.97
1377479524, 52.97
1377479529, 53.00
1377479534, 52.97
1377479539, 52.97
1377479544, 52.97
1377479549, 52.97
1377479554, 52.97
1377479559, 53.00
1377479564, 52.97
1377479569, 52.97
1377479574, 52.97
1377479579, 52.97
1377479584, 52.97
1377479589, 52.97
1377479594, 52.97
1377479599, 52.97
1377479604, 52.97
1377479609, 52.97
1377479614, 52.97
1377479619, 52.97
1377479624, 52.97
1377479629, 52.94
1377479634, 52.94
1377479639, 52.97
1377479644, 52.97
1377479649, 52.97
1377479654, 52.97
1377479659, 52.94
1377479664, 52.97
1377479669, 52.94
1377479674, 52.97
1377479679, 52.97
1377479684, 52.94
1377479689, 52.94
1377479694, 52.94
1377479699, 52.94
1377479704, 52.97
1377479709, 52.94
1377479714, 52.97
1377479719, 52.94
1377479724, 52.94
1377479729, 52.94
1377479734, 52.94
1377479739, 52.94
1377479744, 52.94
1377479749, 52.94
1377479754, 52.94
1377479759, 52.94
1377479764, 52.94
1377479769, 52.94
1377479774, 52.94
1377479779, 52.94
1377479784, 52.94
1377479789, 52.94
1377479794, 52.94
1377479799, 52.94
1377479804, 52.94
1377479809, 52.94
1377479814, 52.94
1377479819, 52.94
1377479824, 52.94
1377479829, 52.94
1377479834, 52.94
1377479839, 52.94
1377479844, 52.94
1377479849, 52.94
1377479854, 52.94
1377479859, 52.94
1377479864, 52.94
1377479869, 52.91
1377479874, 52.94
1377479879, 52.94
1377479884, 52.94
1377479889, 52.94
1377479894, 52.94
1377479899, 52.94
1377479904, 52.94
1377479909, 52.94
1377479914, 52.94
1377479919, 52.91
1377479924, 52.91
1377479929, 52.94
1377479934, 52.94
1377479939, 52.94
1377479944, 52.94
1377479949, 52.94
1377479954, 52.87
1377479959, 52.91
1377479964, 52.94
1377479969, 52.91
1377479974, 52.91
1377479979, 52.91
1377479984, 52.94
1377479989, 52.94
1377479994, 52.91
1377479999, 52.91
1377480004, 52.94
1377480009, 52.94
1377480014, 52.94
1377480019, 52.91
1377480024, 52.91
1377480029, 52.91
1377480034, 52.91
1377480039, 52.91
1377480044, 52.94
1377480049, 52.91
1377480054, 52.87
1377480059, 52.91
1377480064, 52.94
1377480069, 52.91
1377480074, 52.91
1377480079, 52.91
1377480084, 52.91
1377480089, 52.87
1377480094, 52.87
1377480099, 52.91
1377480104, 52.87
1377480109, 52.87
1377480114, 52.91
1377480119, 52.91
1377480124, 52.91
1377480129, 52.87
1377480134, 52.91
1377480139, 52.91
1377480144, 52.87
1377480149, 52.91
1377480154, 52.87
1377480159, 52.87
1377480164, 52.91
1377480169, 52.91
1377480174, 52.87
1377480179, 52.87
1377480184, 52.87
1377480189, 52.91
1377480194, 52.87
1377480199, 52.87
1377480204, 52.87
1377480209, 52.87
1377480214, 52.87
1377480219, 52.87
1377480224, 52.87
1377480229, 52.87
1377480234, 52.91
1377480239, 52.87
1377480244, 52.87
1377480249, 52.87
1377480254, 52.87
1377480259, 52.87
1377480264, 52.87
1377480269, 52.87
1377480274, 52.87
1377480279, 52.87
1377480284, 52.87
1377480289, 52.87
1377480294, 52.87
1377480299, 52.87
1377480304, 52.87
1377480309, 52.87
1377480314, 52.87
1377480319, 52.87
1377480324, 52.87
1377480329, 52.87
1377480334, 52.87
1377480339, 52.87
1377480344, 52.87
1377480349, 52.87
1377480354, 52.87
1377480359, 52.84
1377480364, 52.87
1377480371, 52.87
1377480374, 52.84
1377480379, 52.87
1377480384, 52.87
1377480389, 52.84
1377480394, 52.87
1377480399, 52.84
1377480404, 52.87
1377480409, 52.87
1377480414, 52.87
1377480419, 52.87
1377480424, 52.87
1377480429, 52.84
1377480434, 52.87
1377480439, 52.87
1377480444, 52.84
1377480449, 52.84
1377480454, 52.84
1377480459, 52.87
1377480464, 52.84
1377480469, 52.84
1377480474, 52.84
1377480479, 52.84
1377480484, 52.87
1377480489, 52.84
1377480494, 52.84
1377480499, 52.87
1377480504, 52.84
1377480509, 52.87
1377480514, 52.84
1377480519, 52.87
1377480524, 52.84
1377480529, 52.84
1377480534, 52.87
1377480539, 52.87
1377480544, 52.84
1377480549, 52.84
1377480554, 52.84
1377480559, 52.87
1377480564, 52.87
1377480569, 52.84
1377480574, 52.87
1377480579, 52.84
1377480584, 52.84
1377480589, 52.84
1377480594, 52.87
1377480599, 52.84
1377480604, 52.87
1377480609, 52.87
1377480614, 52.84
1377480619, 52.84
1377480624, 52.84
1377480629, 52.81
1377480634, 52.84
1377480639, 52.84
1377480644, 52.84
1377480649, 52.84
1377480654, 52.84
1377480659, 52.84
1377480664, 52.84
1377480669, 52.84
1377480674, 52.87
1377480679, 52.84
1377480684, 52.84
1377480689, 52.87
1377480694, 52.84
1377480699, 52.84
1377480704, 52.84
1377480709, 52.84
1377480714, 52.84
1377480719, 52.87
1377480724, 52.81
1377480729, 52.84
1377480734, 52.84
1377480739, 52.84
1377480744, 52.84
1377480749, 52.84
1377480754, 52.84
1377480759, 52.84
1377480764, 52.84
1377480769, 52.84
1377480774, 52.87
1377480779, 52.84
1377480784, 52.84
1377480789, 52.84
1377480794, 52.84
1377480799, 52.84
1377480804, 52.84
1377480809, 52.84
1377480814, 52.81
1377480819, 52.84
1377480824, 52.84
1377480829, 52.84
1377480834, 52.84
1377480839, 52.84
1377480844, 52.81
1377480849, 52.84
1377480854, 52.84
1377480859, 52.84
1377480864, 52.84
1377480869, 52.81
1377480874, 52.81
1377480879, 52.84
1377480884, 52.84
1377480889, 52.84
1377480894, 52.81
1377480899, 52.84
1377480904, 52.84
1377480909, 52.84
1377480914, 52.84
1377480919, 52.81
1377480924, 52.81
1377480929, 52.81
1377480934, 52.84
1377480939, 52.84
1377480944, 52.81
1377480949, 52.84
1377480954, 52.81
1377480959, 52.84
1377480964, 52.84
1377480969, 52.84
1377480974, 52.81
1377480979, 52.84
1377480984, 52.84
1377480989, 52.81
1377480994, 52.81
1377480999, 52.81
1377481004, 52.81
1377481009, 52.81
1377481014, 52.81
1377481019, 52.84
1377481024, 52.84
1377481029, 52.81
1377481034, 52.81
1377481039, 52.81
1377481044, 52.84
1377481049, 52.81
1377481054, 52.84
1377481059, 52.84
1377481064, 52.81
1377481069, 52.84
1377481074, 52.81
1377481079, 52.81
1377481084, 52.84
1377481089, 52.84
1377481094, 52.84
1377481099, 52.81
1377481104, 52.84
1377481109, 52.84
1377481114, 52.81
1377481119, 52.81
1377481124, 52.81
1377481129, 52.81
1377481134, 52.81
1377481139, 52.84
1377481144, 52.81
1377481149, 52.84
1377481154, 52.81
1377481159, 52.81
1377481164, 52.81
1377481169, 52.81
1377481174, 52.81
1377481179, 52.81
1377481184, 52.81
1377481189, 52.81
1377481194, 52.81
1377481199, 52.81
1377481204, 52.84
1377481209, 52.81
1377481214, 52.81
1377481219, 52.81
1377481225, 52.81
1377481229, 52.81
1377481234, 52.81
1377481239, 52.81
1377481244, 52.84
1377481249, 52.84
1377481254, 52.81
1377481259, 52.81
1377481264, 52.81
1377481269, 52.81
1377481274, 52.81
1377481279, 52.81
1377481284, 52.81
1377481289, 52.81
1377481294, 52.81
1377481299, 52.81
1377481304, 52.81
1377481309, 52.81
1377481314, 52.81
1377481319, 52.81
1377481324, 52.81
1377481329, 52.81
1377481334, 52.81
1377481339, 52.81
1377481344, 52.81
1377481349, 52.81
1377481354, 52.81
1377481359, 52.81
1377481364, 52.81
1377481369, 52.84
1377481374, 52.81
1377481379, 52.81
1377481384, 52.81
1377481389, 52.81
1377481394, 52.81
1377481399, 52.81
1377481404, 52.81
1377481409, 52.81
1377481414, 52.81
1377481419, 52.81
1377481424, 52.81
1377481429, 52.84
1377481434, 52.81
1377481439, 52.81
1377481444, 52.81
1377481449, 52.81
1377481454, 52.81
1377481459, 52.81
1377481464, 52.81
1377481469, 52.81
1377481474, 52.81
1377481479, 52.81
1377481484, 52.81
1377481489, 52.81
1377481494, 52.81
1377481499, 52.81
1377481504, 52.84
1377481509, 52.81
1377481514, 52.81
1377481519, 52.81
1377481524, 52.81
1377481529, 52.84
1377481534, 52.81
1377481539, 52.81
1377481544, 52.81
1377481549, 52.81
1377481554, 52.81
1377481559, 52.81
1377481564, 52.81
1377481569, 52.81
1377481574, 52.81
1377481579, 52.81
1377481584, 52.81
1377481589, 52.81
1377481594, 52.81
1377481599, 52.81
1377481604, 52.81
1377481609, 52.81
1377481614, 52.78
1377481619, 52.81
1377481624, 52.81
1377481629, 52.81
1377481634, 52.81
1377481639, 52.81
1377481644, 52.78
1377481649, 52.81
1377481654, 52.81
1377481659, 52.81
1377481664, 52.81
1377481669, 52.81
1377481674, 52.81
1377481679, 52.81
1377481684, 52.81
1377481689, 52.81
1377481694, 52.81
1377481699, 52.81
1377481704, 52.81
1377481709, 52.81
1377481714, 52.81
1377481719, 52.81
1377481724, 52.81
1377481729, 52.78
1377481734, 52.81
1377481739, 52.78
1377481744, 52.81
1377481749, 52.81
1377481754, 52.78
1377481759, 52.81
1377481764, 52.81
1377481769, 52.81
1377481774, 52.78
1377481779, 52.81
1377481784, 52.78
1377481789, 52.78
1377481794, 52.81
1377481799, 52.81
1377481804, 52.81
1377481809, 52.81
1377481814, 52.81
1377481819, 52.81
1377481824, 52.81
1377481829, 52.81
1377481834, 52.78
1377481839, 52.81
1377481844, 52.81
1377481849, 52.78
1377481854, 52.81
1377481859, 52.78
1377481864, 52.81
1377481869, 52.81
1377481874, 52.81
1377481879, 52.81
1377481884, 52.81
1377481889, 52.81
1377481894, 52.81
1377481899, 52.78
1377481904, 52.81
1377481909, 52.78
1377481914, 52.81
1377481919, 52.81
1377481924, 52.81
1377481929, 52.78
1377481934, 52.81
1377481939, 52.81
1377481944, 52.81
1377481949, 52.81
1377481954, 52.81
1377481959, 52.81
1377481964, 52.81
1377481969, 52.81
1377481974, 52.81
1377481979, 52.81
1377481984, 52.81
1377481989, 52.81
1377481994, 52.81
1377481999, 52.81
1377482004, 52.81
1377482009, 52.78
1377482014, 52.81
1377482019, 52.81
1377482024, 52.81
1377482029, 52.81
1377482034, 52.81
1377482039, 52.78
1377482044, 52.78
1377482049, 52.78
1377482054, 52.81
1377482059, 52.81
1377482065, 52.81
1377482069, 52.81
1377482074, 52.78
1377482079, 52.81
1377482084, 52.78
1377482089, 52.81
1377482094, 52.81
1377482099, 52.81
1377482104, 52.81
1377482109, 52.81
1377482114, 52.78
1377482119, 52.81
1377482124, 52.78
1377482129, 52.81
1377482134, 52.81
1377482139, 52.78
1377482144, 52.78
1377482149, 52.78
1377482154, 52.78
1377482159, 52.78
1377482164, 52.78
1377482169, 52.81
1377482174, 52.81
1377482179, 52.78
1377482184, 52.78
1377482189, 52.81
1377482194, 52.81
1377482199, 52.78
1377482204, 52.78
1377482209, 52.78
1377482214, 52.78
1377482219, 52.78
1377482224, 52.78
1377482229, 52.75
1377482234, 52.81
1377482239, 52.78
1377482244, 52.78
1377482249, 52.78
1377482254, 52.78
1377482259, 52.75
1377482264, 52.78
1377482269, 52.78
1377482274, 52.78
1377482279, 52.78
1377482284, 52.78
1377482289, 52.75
1377482294, 52.78
1377482299, 52.78
1377482304, 52.81
1377482309, 52.78
1377482314, 52.75
1377482319, 52.78
1377482324, 52.78
1377482329, 52.78
1377482334, 52.78
1377482339, 52.78
1377482344, 52.78
1377482349, 52.78
1377482354, 52.78
1377482359, 52.78
1377482364, 52.78
1377482369, 52.78
1377482374, 52.78
1377482379, 52.78
1377482384, 52.75
1377482389, 52.78
1377482394, 52.75
1377482399, 52.75
1377482404, 52.75
1377482409, 52.78
1377482414, 52.78
1377482419, 52.75
1377482424, 52.78
1377482429, 52.75
1377482434, 52.75
1377482439, 52.78
1377482444, 52.78
1377482449, 52.78
1377482454, 52.75
1377482459, 52.75
1377482464, 52.75
1377482469, 52.75
1377482474, 52.75
1377482479, 52.75
1377482484, 52.75
1377482489, 52.75
1377482494, 52.78
1377482499, 52.75
1377482504, 52.75
1377482509, 52.78
1377482514, 52.75
1377482519, 52.75
1377482524, 52.75
1377482529, 52.75
1377482534, 52.75
1377482539, 52.75
1377482544, 52.75
1377482549, 52.75
1377482554, 52.75
1377482559, 52.75
1377482564, 52.75
1377482569, 52.75
1377482574, 52.75
1377482579, 52.75
1377482584, 52.75
1377482589, 52.75
1377482594, 52.75
1377482599, 52.75
1377482604, 52.75
1377482609, 52.75
1377482614, 52.75
1377482619, 52.75
1377482624, 52.75
1377482629, 52.75
1377482634, 52.75
1377482639, 52.75
1377482644, 52.75
1377482649, 52.75
1377482654, 52.75
1377482659, 52.75
1377482664, 52.75
1377482669, 52.71
1377482674, 52.71
1377482679, 52.75
1377482684, 52.71
1377482689, 52.75
1377482694, 52.75
1377482699, 52.71
1377482704, 52.75
1377482709, 52.75
1377482714, 52.75
1377482719, 52.75
1377482724, 52.75
1377482729, 52.75
1377482734, 52.71
1377482739, 52.75
1377482744, 52.75
1377482749, 52.71
1377482754, 52.71
1377482759, 52.71
1377482764, 52.71
1377482769, 52.75
1377482774, 52.71
1377482779, 52.71
1377482784, 52.75
1377482789, 52.71
1377482794, 52.71
1377482799, 52.71
1377482804, 52.71
1377482809, 52.71
1377482814, 52.71
1377482819, 52.71
1377482824, 52.71
1377482829, 52.71
1377482834, 52.71
1377482839, 52.68
1377482844, 52.71
1377482849, 52.71
1377482854, 52.71
1377482859, 52.71
1377482864, 52.71
1377482869, 52.71
1377482874, 52.71
1377482879, 52.71
1377482884, 52.71
1377482891, 52.68
1377482894, 52.71
1377482899, 52.71
1377482904, 52.71
1377482909, 52.71
1377482914, 52.71
1377482919, 52.71
1377482924, 52.71
1377482929, 52.71
1377482934, 52.71
1377482939, 52.71
1377482944, 52.68
1377482949, 52.71
1377482954, 52.68
1377482959, 52.71
1377482964, 52.71
1377482969, 52.71
1377482974, 52.68
1377482979, 52.68
1377482984, 52.68
1377482989, 52.68
1377482994, 52.71
1377482999, 52.71
1377483004, 52.71
1377483009, 52.71
1377483014, 52.71
1377483019, 52.68
1377483024, 52.68
1377483029, 52.71
1377483034, 52.68
1377483039, 52.71
1377483044, 52.71
1377483049, 52.71
1377483054, 52.71
1377483059, 52.71
1377483064, 52.71
1377483069, 52.71
1377483074, 52.71
1377483079, 52.68
1377483084, 52.71
1377483089, 52.68
1377483094, 52.71
1377483099, 52.71
1377483104, 52.71
1377483109, 52.71
1377483114, 52.71
1377483119, 52.68
1377483124, 52.71
1377483129, 52.75
1377483134, 52.71
1377483139, 52.71
1377483144, 52.71
1377483149, 52.71
1377483154, 52.68
1377483159, 52.68
1377483164, 52.71
1377483169, 52.71
1377483174, 52.68
1377483179, 52.71
1377483184, 52.71
1377483189, 52.71
1377483194, 52.71
1377483199, 52.71
1377483204, 52.71
1377483209, 52.71
1377483214, 52.71
1377483219, 52.71
1377483224, 52.75
1377483229, 52.71
1377483234, 52.68
1377483239, 52.71
1377483244, 52.71
1377483249, 52.68
1377483254, 52.75
1377483259, 52.71
1377483264, 52.71
1377483269, 52.71
1377483274, 52.71
1377483279, 52.71
1377483284, 52.71
1377483289, 52.71
1377483294, 52.71
1377483299, 52.71
1377483304, 52.71
1377483309, 52.71
1377483314, 52.71
1377483319, 52.71
1377483324, 52.71
1377483329, 52.71
1377483334, 52.71
1377483339, 52.71
1377483344, 52.75
1377483349, 52.71
1377483354, 52.71
1377483359, 52.75
1377483364, 52.71
1377483369, 52.71
1377483374, 52.75
1377483379, 52.71
1377483384, 52.71
1377483389, 52.75
1377483394, 52.71
1377483399, 52.71
1377483404, 52.71
1377483409, 52.71
1377483414, 52.71
1377483419, 52.71
1377483424, 52.71
1377483429, 52.71
1377483434, 52.71
1377483439, 52.75
1377483444, 52.71
1377483449, 52.71
1377483454, 52.71
1377483459, 52.68
1377483464, 52.71
1377483469, 52.75
1377483474, 52.75
1377483479, 52.75
1377483484, 52.71
1377483489, 52.71
1377483494, 52.71
1377483499, 52.71
1377483504, 52.71
1377483509, 52.71
1377483514, 52.75
1377483519, 52.71
1377483524, 52.71
1377483529, 52.75
1377483534, 52.71
1377483539, 52.71
1377483544, 52.71
1377483549, 52.71
1377483554, 52.75
1377483559, 52.68
1377483564, 52.71
1377483569, 52.71
1377483574, 52.71
1377483579, 52.75
1377483584, 52.71
1377483589, 52.71
1377483594, 52.71
1377483599, 52.75
1377483604, 52.68
1377483609, 52.71
1377483614, 52.68
1377483619, 52.75
1377483624, 52.71
1377483629, 52.71
1377483634, 52.71
1377483639, 52.71
1377483644, 52.71
1377483649, 52.71
1377483654, 52.71
1377483659, 52.71
1377483664, 52.75
1377483669, 52.71
1377483674, 52.71
1377483679, 52.75
1377483684, 52.71
1377483689, 52.71
1377483694, 52.75
1377483699, 52.71
1377483704, 52.71
1377483709, 52.71
1377483714, 52.71
1377483719, 52.71
1377483724, 52.71
1377483732, 52.75
1377483734, 52.75
1377483739, 52.68
1377483744, 52.71
1377483749, 52.75
1377483754, 52.75
1377483759, 52.71
1377483764, 52.75
1377483769, 52.75
1377483774, 52.71
1377483779, 52.71
1377483784, 52.71
1377483789, 52.75
1377483794, 52.75
1377483799, 52.75
1377483804, 52.75
1377483809, 52.75
1377483814, 52.75
1377483819, 52.75
1377483824, 52.75
1377483829, 52.75
1377483834, 52.75
1377483839, 52.75
1377483844, 52.75
1377483849, 52.71
1377483854, 52.71
1377483859, 52.71
1377483864, 52.75
1377483869, 52.75
1377483874, 52.75
1377483879, 52.75
1377483884, 52.75
1377483889, 52.75
1377483894, 52.75
1377483899, 52.71
1377483904, 52.75
1377483909, 52.75
1377483914, 52.75
1377483919, 52.75
1377483924, 52.75
1377483929, 52.75
1377483934, 52.75
1377483939, 52.71
1377483944, 52.75
1377483949, 52.75
1377483954, 52.75
1377483959, 52.75
1377483964, 52.75
1377483969, 52.75
1377483974, 52.75
1377483979, 52.75
1377483984, 52.75
1377483989, 52.75
1377483994, 52.75
1377483999, 52.75
1377484004, 52.75
1377484009, 52.75
1377484014, 52.75
1377484019, 52.75
1377484024, 52.75
1377484029, 52.75
1377484034, 52.75
1377484039, 52.75
1377484044, 52.75
1377484049, 52.75
1377484054, 52.75
1377484059, 52.75
1377484064, 52.75
1377484069, 52.75
1377484074, 52.75
1377484079, 52.75
1377484084, 52.75
1377484089, 52.75
1377484094, 52.75
1377484099, 52.75
1377484104, 52.75
1377484109, 52.75
1377484114, 52.75
1377484119, 52.75
1377484124, 52.75
1377484129, 52.75
1377484134, 52.75
1377484139, 52.75
1377484144, 52.75
1377484149, 52.75
1377484154, 52.75
1377484159, 52.75
1377484164, 52.75
1377484169, 52.75
1377484174, 52.75
1377484179, 52.75
1377484184, 52.75
1377484189, 52.75
1377484194, 52.75
1377484199, 52.75
1377484204, 52.75
1377484209, 52.75
1377484214, 52.75
1377484219, 52.75
1377484224, 52.75
1377484229, 52.75
1377484234, 52.75
1377484239, 52.75
1377484244, 52.75
1377484249, 52.75
1377484254, 52.75
1377484259, 52.75
1377484264, 52.75
1377484269, 52.75
1377484274, 52.75
1377484279, 52.75
1377484284, 52.75
1377484289, 52.75
1377484294, 52.75
1377484299, 52.75
1377484304, 52.75
1377484309, 52.75
1377484314, 52.75
1377484319, 52.75
1377484324, 52.75
1377484329, 52.75
1377484334, 52.75
1377484339, 52.75
1377484344, 52.75
1377484349, 52.75
1377484354, 52.75
1377484359, 52.75
1377484364, 52.75
1377484369, 52.75
1377484374, 52.75
1377484379, 52.75
1377484384, 52.75
1377484389, 52.75
1377484394, 52.78
1377484399, 52.75
1377484404, 52.75
1377484409, 52.75
1377484414, 52.75
1377484419, 52.75
1377484424, 52.75
1377484429, 52.75
1377484434, 52.75
1377484439, 52.75
1377484444, 52.75
1377484449, 52.75
1377484454, 52.75
1377484459, 52.75
1377484464, 52.75
1377484469, 52.75
1377484474, 52.78
1377484479, 52.75
1377484484, 52.75
1377484489, 52.75
1377484494, 52.78
1377484499, 52.75
1377484504, 52.75
1377484509, 52.75
1377484514, 52.75
1377484519, 52.75
1377484524, 52.75
1377484529, 52.75
1377484534, 52.75
1377484539, 52.78
1377484544, 52.78
1377484549, 52.75
1377484554, 52.75
1377484559, 52.75
1377484567, 52.75
1377484569, 52.75
1377484574, 52.75
1377484579, 52.75
1377484584, 52.75
1377484589, 52.75
1377484594, 52.75
1377484599, 52.75
1377484604, 52.75
1377484609, 52.75
1377484614, 52.75
1377484619, 52.75
1377484624, 52.75
1377484629, 52.75
1377484634, 52.75
1377484639, 52.75
1377484644, 52.75
1377484649, 52.75
1377484654, 52.75
1377484659, 52.75
1377484664, 52.75
1377484669, 52.75
1377484674, 52.75
1377484679, 52.78
1377484684, 52.75
1377484689, 52.78
1377484694, 52.75
1377484699, 52.75
1377484704, 52.75
1377484709, 52.75
1377484714, 52.75
1377484719, 52.75
1377484724, 52.75
1377484729, 52.75
1377484734, 52.75
1377484739, 52.75
1377484744, 52.75
1377484749, 52.75
1377484754, 52.75
1377484759, 52.75
1377484764, 52.75
1377484769, 52.75
1377484774, 52.75
1377484779, 52.75
1377484784, 52.75
1377484789, 52.75
1377484794, 52.75
1377484799, 52.75
1377484804, 52.75
1377484809, 52.75
1377484814, 52.75
1377484819, 52.75
1377484824, 52.75
1377484829, 52.75
1377484834, 52.75
1377484839, 52.75
1377484844, 52.75
1377484849, 52.75
1377484854, 52.75
1377484859, 52.75
1377484864, 52.75
1377484869, 52.75
1377484874, 52.75
1377484879, 52.75
1377484884, 52.75
1377484889, 52.75
1377484894, 52.75
1377484899, 52.75
1377484904, 52.75
1377484909, 52.75
1377484914, 52.75
1377484919, 52.75
1377484924, 52.75
1377484929, 52.75
1377484934, 52.75
1377484939, 52.75
1377484944, 52.75
1377484949, 52.75
1377484954, 52.75
1377484959, 52.75
1377484964, 52.75
1377484969, 52.75
1377484974, 52.75
1377484979, 52.75
1377484984, 52.75
1377484989, 52.75
1377484994, 52.75
1377484999, 52.75
1377485004, 52.75
1377485009, 52.75
1377485014, 52.75
1377485019, 52.75
1377485024, 52.75
1377485029, 52.75
1377485034, 52.75
1377485039, 52.75
1377485044, 52.75
1377485049, 52.75
1377485054, 52.75
1377485059, 52.75
1377485064, 52.75
1377485069, 52.75
1377485074, 52.75
1377485079, 52.75
1377485084, 52.75
1377485089, 52.75
1377485094, 52.75
1377485099, 52.78
1377485104, 52.75
1377485109, 52.75
1377485114, 52.75
1377485119, 52.75
1377485124, 52.75
1377485129, 52.75
1377485134, 52.75
1377485139, 52.75
1377485144, 52.75
1377485149, 52.75
1377485154, 52.75
1377485159, 52.75
1377485164, 52.75
1377485169, 52.75
1377485174, 52.75
1377485179, 52.75
1377485184, 52.75
1377485189, 52.75
1377485194, 52.75
1377485199, 52.75
1377485204, 52.75
1377485209, 52.75
1377485214, 52.75
1377485219, 52.75
1377485224, 52.75
1377485229, 52.75
1377485234, 52.75
1377485239, 52.75
1377485244, 52.75
1377485249, 52.75
1377485254, 52.75
1377485259, 52.75
1377485264, 52.75
1377485269, 52.75
1377485274, 52.75
1377485279, 52.71
1377485284, 52.75
1377485289, 52.75
1377485294, 52.75
1377485299, 52.75
1377485304, 52.75
1377485309, 52.75
1377485314, 52.75
1377485319, 52.75
1377485324, 52.75
1377485329, 52.71
1377485334, 52.75
1377485339, 52.75
1377485344, 52.75
1377485349, 52.75
1377485354, 52.75
1377485359, 52.71
1377485364, 52.75
1377485369, 52.75
1377485374, 52.75
1377485379, 52.75
1377485384, 52.75
1377485389, 52.75
1377485397, 52.71
1377485399, 52.75
1377485404, 52.75
1377485409, 52.75
1377485414, 52.75
1377485419, 52.75
1377485424, 52.75
1377485429, 52.75
1377485434, 52.75
1377485439, 52.75
1377485444, 52.75
1377485449, 52.71
1377485454, 52.71
1377485459, 52.75
1377485464, 52.75
1377485469, 52.75
1377485474, 52.71
1377485479, 52.75
1377485484, 52.75
1377485489, 52.75
1377485494, 52.71
1377485499, 52.75
1377485504, 52.75
1377485509, 52.75
1377485514, 52.75
1377485519, 52.75
1377485524, 52.75
1377485529, 52.71
1377485534, 52.71
1377485539, 52.75
1377485544, 52.75
1377485549, 52.75
1377485554, 52.75
1377485559, 52.75
1377485564, 52.75
1377485569, 52.75
1377485574, 52.75
1377485579, 52.75
1377485584, 52.75
1377485589, 52.75
1377485594, 52.71
1377485599, 52.75
1377485604, 52.71
1377485609, 52.75
1377485614, 52.75
1377485619, 52.75
1377485624, 52.75
1377485629, 52.75
1377485634, 52.75
1377485639, 52.71
1377485644, 52.75
1377485649, 52.75
1377485654, 52.71
1377485659, 52.71
1377485664, 52.75
1377485669, 52.71
1377485674, 52.75
1377485679, 52.75
1377485684, 52.75
1377485689, 52.71
1377485694, 52.71
1377485699, 52.71
1377485704, 52.75
1377485709, 52.71
1377485714, 52.75
1377485719, 52.71
1377485724, 52.71
1377485729, 52.75
1377485734, 52.71
1377485739, 52.75
1377485744, 52.75
1377485749, 52.71
1377485754, 52.75
1377485759, 52.71
1377485764, 52.75
1377485769, 52.75
1377485774, 52.71
1377485779, 52.71
1377485784, 52.75
1377485789, 52.75
1377485794, 52.75
1377485799, 52.75
1377485804, 52.71
1377485809, 52.71
1377485814, 52.75
1377485819, 52.75
1377485824, 52.71
1377485829, 52.71
1377485834, 52.75
1377485839, 52.75
1377485844, 52.71
1377485849, 52.75
1377485854, 52.75
1377485859, 52.71
1377485864, 52.75
1377485869, 52.71
1377485874, 52.71
1377485879, 52.71
1377485884, 52.75
1377485889, 52.75
1377485894, 52.71
1377485899, 52.75
1377485904, 52.75
1377485909, 52.71
1377485914, 52.71
1377485919, 52.71
1377485924, 52.75
1377485929, 52.75
1377485934, 52.71
1377485939, 52.75
1377485944, 52.75
1377485949, 52.71
1377485954, 52.75
1377485959, 52.71
1377485964, 52.71
1377485969, 52.75
1377485974, 52.75
1377485979, 52.75
1377485984, 52.71
1377485989, 52.75
1377485994, 52.75
1377485999, 52.75
1377486004, 52.75
1377486009, 52.71
1377486014, 52.71
1377486019, 52.75
1377486024, 52.75
1377486029, 52.71
1377486034, 52.75
1377486039, 52.71
1377486044, 52.75
1377486049, 52.75
1377486054, 52.75
1377486059, 52.75
1377486064, 52.75
1377486069, 52.75
1377486074, 52.75
1377486079, 52.75
1377486084, 52.75
1377486089, 52.75
1377486094, 52.75
1377486099, 52.75
1377486104, 52.75
1377486109, 52.75
1377486114, 52.75
1377486119, 52.75
1377486124, 52.75
1377486129, 52.75
1377486134, 52.75
1377486139, 52.75
1377486144, 52.75
1377486149, 52.75
1377486154, 52.75
1377486159, 52.75
1377486164, 52.75
1377486169, 52.75
1377486174, 52.75
1377486179, 52.75
1377486184, 52.75
1377486189, 52.75
1377486194, 52.75
1377486199, 52.75
1377486204, 52.75
1377486209, 52.75
1377486214, 52.75
1377486219, 52.78
1377486224, 52.75
1377486229, 52.78
1377486234, 52.75
1377486239, 52.78
1377486244, 52.78
1377486249, 52.75
1377486254, 52.75
1377486262, 52.75
1377486264, 52.75
1377486269, 52.75
1377486274, 52.78
1377486279, 52.75
1377486284, 52.75
1377486289, 52.78
1377486294, 52.78
1377486299, 52.78
1377486304, 52.78
1377486309, 52.78
1377486314, 52.78
1377486319, 52.78
1377486324, 52.75
1377486329, 52.78
1377486334, 52.78
1377486339, 52.78
1377486344, 52.78
1377486349, 52.75
1377486354, 52.78
1377486359, 52.75
1377486364, 52.78
1377486369, 52.78
1377486374, 52.78
1377486379, 52.78
1377486384, 52.78
1377486389, 52.78
1377486394, 52.78
1377486399, 52.78
1377486404, 52.78
1377486409, 52.78
1377486414, 52.78
1377486419, 52.78
1377486424, 52.78
1377486429, 52.78
1377486434, 52.78
1377486439, 52.78
1377486444, 52.78
1377486449, 52.78
1377486454, 52.78
1377486459, 52.78
1377486464, 52.78
1377486469, 52.78
1377486474, 52.81
1377486479, 52.78
1377486484, 52.78
1377486489, 52.75
1377486494, 52.78
1377486499, 52.78
1377486504, 52.78
1377486509, 52.78
1377486514, 52.78
1377486519, 52.78
1377486524, 52.78
1377486529, 52.78
1377486534, 52.78
1377486539, 52.78
1377486544, 52.78
1377486549, 52.81
1377486554, 52.78
1377486559, 52.78
1377486564, 52.78
1377486569, 52.78
1377486574, 52.78
1377486579, 52.81
1377486584, 52.78
1377486589, 52.78
1377486594, 52.78
1377486599, 52.81
1377486604, 52.78
1377486609, 52.78
1377486614, 52.78
1377486619, 52.81
1377486624, 52.81
1377486629, 52.81
1377486634, 52.78
1377486639, 52.78
1377486644, 52.78
1377486649, 52.78
1377486654, 52.81
1377486659, 52.78
1377486664, 52.78
1377486669, 52.78
1377486674, 52.78
1377486679, 52.81
1377486684, 52.78
1377486690, 52.78
1377486694, 52.78
1377486699, 52.78
1377486704, 52.78
1377486709, 52.78
1377486714, 52.81
1377486719, 52.78
1377486724, 52.78
1377486729, 52.78
1377486734, 52.78
1377486739, 52.81
1377486744, 52.78
1377486749, 52.78
1377486754, 52.81
1377486759, 52.78
1377486764, 52.78
1377486769, 52.81
1377486774, 52.78
1377486779, 52.78
1377486784, 52.78
1377486789, 52.78
1377486794, 52.78
1377486799, 52.78
1377486805, 52.78
1377486809, 52.78
1377486814, 52.78
1377486819, 52.78
1377486824, 52.81
1377486829, 52.81
1377486834, 52.81
1377486839, 52.78
1377486844, 52.78
1377486849, 52.78
1377486854, 52.78
1377486859, 52.78
1377486864, 52.78
1377486869, 52.78
1377486874, 52.78
1377486879, 52.81
1377486884, 52.78
1377486889, 52.81
1377486894, 52.78
1377486899, 52.78
1377486904, 52.78
1377486909, 52.78
1377486914, 52.78
1377486919, 52.78
1377486924, 52.78
1377486929, 52.78
1377486934, 52.78
1377486939, 52.78
1377486944, 52.78
1377486949, 52.78
1377486954, 52.81
1377486959, 52.78
1377486964, 52.78
1377486969, 52.75
1377486974, 52.78
1377486979, 52.78
1377486984, 52.78
1377486989, 52.78
1377486994, 52.81
1377486999, 52.78
1377487004, 52.75
1377487009, 52.78
1377487014, 52.78
1377487019, 52.81
1377487024, 52.78
1377487029, 52.78
1377487034, 52.75
1377487039, 52.78
1377487044, 52.78
1377487049, 52.78
1377487054, 52.81
1377487059, 52.78
1377487064, 52.78
1377487069, 52.78
1377487074, 52.78
1377487079, 52.78
1377487084, 52.78
1377487089, 52.78
1377487094, 52.78
1377487099, 52.78
1377487104, 52.78
1377487109, 52.78
1377487114, 52.78
1377487119, 52.78
1377487124, 52.78
1377487129, 52.78
1377487134, 52.78
1377487139, 52.78
1377487144, 52.75
1377487149, 52.78
1377487154, 52.78
1377487159, 52.78
1377487164, 52.78
1377487169, 52.78
1377487174, 52.75
1377487179, 52.75
1377487184, 52.78
1377487189, 52.75
1377487194, 52.75
1377487199, 52.78
1377487204, 52.78
1377487209, 52.75
1377487214, 52.78
1377487219, 52.78
1377487224, 52.75
1377487229, 52.75
1377487234, 52.78
1377487239, 52.75
1377487244, 52.75
1377487249, 52.78
1377487254, 52.78
1377487259, 52.78
1377487264, 52.78
1377487269, 52.75
1377487274, 52.78
1377487279, 52.78
1377487284, 52.78
1377487289, 52.78
1377487294, 52.78
1377487299, 52.78
1377487304, 52.75
1377487309, 52.75
1377487314, 52.75
1377487319, 52.78
1377487324, 52.78
1377487329, 52.78
1377487334, 52.75
1377487339, 52.75
1377487344, 52.75
1377487349, 52.78
1377487354, 52.75
1377487359, 52.78
1377487364, 52.75
1377487369, 52.75
1377487374, 52.75
1377487379, 52.75
1377487384, 52.78
1377487389, 52.75
1377487394, 52.75
1377487399, 52.75
1377487404, 52.75
1377487409, 52.75
1377487414, 52.75
1377487419, 52.78
1377487424, 52.75
1377487429, 52.75
1377487434, 52.75
1377487439, 52.75
1377487444, 52.75
1377487449, 52.78
1377487454, 52.75
1377487459, 52.75
1377487464, 52.75
1377487469, 52.75
1377487474, 52.75
1377487479, 52.75
1377487484, 52.75
1377487489, 52.75
1377487494, 52.75
1377487499, 52.75
1377487504, 52.75
1377487509, 52.75
1377487514, 52.75
1377487519, 52.75
1377487524, 52.75
1377487529, 52.75
1377487534, 52.75
1377487539, 52.75
1377487544, 52.75
1377487549, 52.75
1377487554, 52.75
1377487559, 52.75
1377487564, 52.75
1377487569, 52.75
1377487574, 52.75
1377487579, 52.75
1377487584, 52.75
1377487589, 52.75
1377487594, 52.75
1377487599, 52.75
1377487604, 52.75
1377487609, 52.75
1377487614, 52.75
1377487619, 52.75
1377487624, 52.75
1377487629, 52.75
1377487634, 52.71
1377487639, 52.75
1377487644, 52.75
1377487649, 52.75
1377487654, 52.71
1377487659, 52.75
1377487664, 52.71
1377487669, 52.75
1377487674, 52.71
1377487679, 52.75
1377487684, 52.75
1377487689, 52.75
1377487694, 52.75
1377487699, 52.75
1377487704, 52.75
1377487709, 52.75
1377487714, 52.75
1377487719, 52.75
1377487724, 52.71
1377487729, 52.71
1377487734, 52.75
1377487739, 52.75
1377487744, 52.75
1377487749, 52.75
1377487754, 52.75
1377487759, 52.75
1377487764, 52.71
1377487769, 52.71
1377487774, 52.71
1377487779, 52.75
1377487784, 52.71
1377487789, 52.71
1377487794, 52.71
1377487799, 52.75
1377487804, 52.71
1377487809, 52.75
1377487814, 52.71
1377487819, 52.71
1377487824, 52.71
1377487829, 52.75
1377487834, 52.71
1377487839, 52.71
1377487844, 52.71
1377487849, 52.75
1377487854, 52.71
1377487859, 52.75
1377487864, 52.71
1377487869, 52.71
1377487874, 52.71
1377487879, 52.71
1377487884, 52.75
1377487889, 52.71
1377487894, 52.71
1377487899, 52.75
1377487904, 52.71
1377487909, 52.75
1377487914, 52.71
1377487919, 52.71
1377487924, 52.71
1377487929, 52.75
1377487934, 52.71
1377487939, 52.75
1377487944, 52.71
1377487949, 52.75
1377487954, 52.71
1377487959, 52.71
1377487964, 52.71
1377487969, 52.68
1377487974, 52.75
1377487979, 52.71
1377487984, 52.71
1377487989, 52.75
1377487994, 52.71
1377487999, 52.71
1377488004, 52.71
1377488009, 52.71
1377488014, 52.71
1377488019, 52.71
1377488024, 52.71
1377488029, 52.75
1377488034, 52.71
1377488039, 52.71
1377488044, 52.71
1377488049, 52.75
1377488054, 52.71
1377488059, 52.71
1377488064, 52.71
1377488069, 52.71
1377488074, 52.71
1377488079, 52.71
1377488084, 52.71
1377488089, 52.71
1377488094, 52.71
1377488099, 52.71
1377488104, 52.71
1377488109, 52.71
1377488114, 52.71
1377488119, 52.71
1377488124, 52.71
1377488129, 52.71
1377488134, 52.71
1377488139, 52.71
1377488144, 52.71
1377488149, 52.71
1377488154, 52.71
1377488159, 52.68
1377488164, 52.71
1377488169, 52.71
1377488174, 52.71
1377488179, 52.71
1377488184, 52.71
1377488189, 52.71
1377488194, 52.71
1377488199, 52.68
1377488204, 52.68
1377488209, 52.68
1377488214, 52.71
1377488219, 52.71
1377488224, 52.68
1377488229, 52.71
1377488234, 52.71
1377488239, 52.68
1377488244, 52.71
1377488249, 52.71
1377488254, 52.71
1377488259, 52.68
1377488264, 52.68
1377488269, 52.71
1377488274, 52.71
1377488279, 52.68
1377488284, 52.68
1377488289, 52.68
1377488294, 52.68
1377488299, 52.68
1377488304, 52.71
1377488309, 52.68
1377488314, 52.68
1377488319, 52.68
1377488324, 52.68
1377488329, 52.68
1377488334, 52.71
1377488339, 52.68
1377488344, 52.71
1377488349, 52.68
1377488354, 52.68
1377488359, 52.71
1377488364, 52.71
1377488369, 52.71
1377488374, 52.68
1377488379, 52.71
1377488384, 52.68
1377488389, 52.71
1377488394, 52.68
1377488399, 52.71
1377488404, 52.71
1377488409, 52.68
1377488414, 52.71
1377488419, 52.71
1377488424, 52.68
1377488429, 52.68
1377488434, 52.71
1377488439, 52.71
1377488444, 52.71
1377488449, 52.71
1377488454, 52.71
1377488459, 52.71
1377488464, 52.68
1377488469, 52.71
1377488474, 52.71
1377488479, 52.71
1377488484, 52.71
1377488489, 52.68
1377488494, 52.68
1377488499, 52.68
1377488504, 52.71
1377488509, 52.68
1377488514, 52.71
1377488519, 52.71
1377488524, 52.68
1377488529, 52.71
1377488534, 52.68
1377488539, 52.71
1377488544, 52.68
1377488549, 52.68
1377488554, 52.71
1377488559, 52.71
1377488564, 52.71
1377488569, 52.71
1377488574, 52.68
1377488579, 52.71
1377488584, 52.71
1377488589, 52.71
1377488594, 52.68
1377488599, 52.68
1377488604, 52.68
1377488609, 52.71
1377488614, 52.71
1377488619, 52.71
1377488624, 52.68
1377488629, 52.71
1377488634, 52.71
1377488639, 52.71
1377488644, 52.71
1377488649, 52.68
1377488654, 52.68
1377488659, 52.71
1377488664, 52.68
1377488669, 52.71
1377488674, 52.71
1377488679, 52.68
1377488684, 52.68
1377488689, 52.71
1377488694, 52.71
1377488699, 52.68
1377488704, 52.68
1377488709, 52.68
1377488714, 52.68
1377488719, 52.68
1377488724, 52.71
1377488729, 52.68
1377488734, 52.68
1377488739, 52.68
1377488744, 52.68
1377488749, 52.68
1377488754, 52.71
1377488759, 52.71
1377488764, 52.71
1377488769, 52.71
1377488774, 52.68
1377488779, 52.68
1377488784, 52.71
1377488792, 52.71
1377488794, 52.68
1377488799, 52.68
1377488804, 52.68
1377488809, 52.68
1377488814, 52.68
1377488819, 52.68
1377488824, 52.71
1377488829, 52.68
1377488834, 52.68
1377488839, 52.68
1377488844, 52.68
1377488849, 52.68
1377488854, 52.68
1377488859, 52.68
1377488864, 52.68
1377488869, 52.68
1377488874, 52.68
1377488879, 52.68
1377488884, 52.68
1377488889, 52.68
1377488894, 52.71
1377488899, 52.68
1377488904, 52.68
1377488909, 52.68
1377488914, 52.68
1377488919, 52.68
1377488924, 52.68
1377488929, 52.68
1377488934, 52.68
1377488939, 52.68
1377488944, 52.68
1377488949, 52.68
1377488954, 52.68
1377488959, 52.68
1377488964, 52.68
1377488969, 52.68
1377488974, 52.68
1377488979, 52.68
1377488984, 52.68
1377488989, 52.68
1377488994, 52.68
1377488999, 52.68
1377489004, 52.68
1377489009, 52.68
1377489014, 52.68
1377489019, 52.68
1377489024, 52.68
1377489029, 52.68
1377489034, 52.68
1377489039, 52.68
1377489044, 52.68
1377489049, 52.68
1377489054, 52.68
1377489059, 52.68
1377489064, 52.68
1377489069, 52.68
1377489074, 52.68
1377489079, 52.68
1377489084, 52.68
1377489089, 52.68
1377489094, 52.65
1377489099, 52.68
1377489104, 52.68
1377489109, 52.68
1377489114, 52.68
1377489119, 52.65
1377489124, 52.68
1377489129, 52.68
1377489134, 52.68
1377489139, 52.65
1377489144, 52.65
1377489149, 52.68
1377489154, 52.68
1377489159, 52.68
1377489164, 52.68
1377489169, 52.68
1377489174, 52.68
1377489179, 52.65
1377489184, 52.68
1377489189, 52.68
1377489194, 52.68
1377489199, 52.65
1377489204, 52.68
1377489209, 52.68
1377489214, 52.65
1377489219, 52.68
1377489224, 52.68
1377489229, 52.68
1377489234, 52.68
1377489239, 52.68
1377489244, 52.65
1377489249, 52.68
1377489254, 52.68
1377489259, 52.65
1377489264, 52.65
1377489269, 52.68
1377489274, 52.65
1377489279, 52.65
1377489284, 52.65
1377489289, 52.68
1377489294, 52.68
1377489299, 52.68
1377489304, 52.65
1377489309, 52.68
1377489314, 52.65
1377489319, 52.65
1377489324, 52.65
1377489329, 52.65
1377489334, 52.65
1377489339, 52.65
1377489344, 52.68
1377489349, 52.65
1377489354, 52.65
1377489359, 52.65
1377489364, 52.65
1377489369, 52.65
1377489374, 52.65
1377489379, 52.65
1377489384, 52.65
1377489389, 52.65
1377489394, 52.68
1377489399, 52.65
1377489404, 52.65
1377489409, 52.65
1377489414, 52.65
1377489419, 52.65
1377489424, 52.65
1377489429, 52.65
1377489434, 52.68
1377489439, 52.65
1377489444, 52.65
1377489449, 52.65
1377489454, 52.65
1377489459, 52.65
1377489464, 52.65
1377489469, 52.65
1377489474, 52.65
1377489479, 52.68
1377489484, 52.65
1377489489, 52.65
1377489494, 52.65
1377489499, 52.65
1377489504, 52.65
1377489509, 52.65
1377489514, 52.65
1377489519, 52.65
1377489524, 52.65
1377489529, 52.65
1377489534, 52.65
1377489539, 52.65
1377489544, 52.65
1377489549, 52.65
1377489554, 52.65
1377489559, 52.65
1377489564, 52.65
1377489569, 52.65
1377489574, 52.68
1377489579, 52.65
1377489584, 52.65
1377489591, 52.65
1377489594, 52.65
1377489599, 52.65
1377489604, 52.65
1377489609, 52.65
1377489614, 52.65
1377489619, 52.65
1377489624, 52.65
1377489629, 52.65
1377489634, 52.65
1377489639, 52.65
1377489644, 52.65
1377489649, 52.62
1377489654, 52.65
1377489659, 52.65
1377489664, 52.65
1377489669, 52.62
1377489674, 52.65
1377489679, 52.62
1377489684, 52.65
1377489689, 52.65
1377489694, 52.65
1377489699, 52.65
1377489704, 52.65
1377489709, 52.65
1377489714, 52.65
1377489719, 52.65
1377489724, 52.65
1377489729, 52.65
1377489734, 52.65
1377489739, 52.62
1377489744, 52.65
1377489749, 52.65
1377489754, 52.65
1377489759, 52.62
1377489764, 52.62
1377489769, 52.62
1377489774, 52.65
1377489779, 52.65
1377489784, 52.65
1377489789, 52.65
1377489794, 52.62
1377489799, 52.65
1377489805, 52.65
1377489809, 52.65
1377489814, 52.65
1377489819, 52.65
1377489824, 52.65
1377489829, 52.65
1377489834, 52.65
1377489839, 52.65
1377489844, 52.62
1377489849, 52.65
1377489854, 52.65
1377489859, 52.62
1377489864, 52.65
1377489869, 52.65
1377489874, 52.65
1377489879, 52.65
1377489884, 52.65
1377489889, 52.65
1377489894, 52.62
1377489899, 52.65
1377489904, 52.65
1377489909, 52.62
1377489914, 52.65
1377489919, 52.65
1377489924, 52.65
1377489929, 52.65
1377489934, 52.65
1377489939, 52.62
1377489944, 52.62
1377489949, 52.62
1377489954, 52.65
1377489959, 52.62
1377489964, 52.62
1377489969, 52.65
1377489974, 52.62
1377489979, 52.65
1377489984, 52.62
1377489989, 52.62
1377489994, 52.62
1377489999, 52.62
1377490004, 52.62
1377490009, 52.62
1377490014, 52.65
1377490019, 52.65
1377490024, 52.62
1377490029, 52.62
1377490034, 52.62
1377490039, 52.62
1377490044, 52.62
1377490049, 52.65
1377490054, 52.62
1377490059, 52.65
1377490064, 52.62
1377490069, 52.62
1377490074, 52.62
1377490079, 52.62
1377490084, 52.62
1377490089, 52.62
1377490094, 52.62
1377490099, 52.62
1377490104, 52.62
1377490109, 52.62
1377490114, 52.62
1377490119, 52.62
1377490124, 52.62
1377490129, 52.62
1377490134, 52.62
1377490139, 52.62
1377490144, 52.62
1377490149, 52.62
1377490154, 52.62
1377490159, 52.62
1377490164, 52.62
1377490169, 52.62
1377490174, 52.62
1377490179, 52.62
1377490184, 52.62
1377490189, 52.62
1377490194, 52.62
1377490199, 52.62
1377490204, 52.62
1377490209, 52.62
1377490214, 52.62
1377490219, 52.62
1377490224, 52.62
1377490229, 52.62
1377490234, 52.62
1377490239, 52.62
1377490244, 52.62
1377490249, 52.62
1377490254, 52.62
1377490259, 52.62
1377490264, 52.62
1377490269, 52.62
1377490274, 52.62
1377490279, 52.62
1377490284, 52.62
1377490289, 52.62
1377490294, 52.62
1377490299, 52.62
1377490304, 52.62
1377490309, 52.59
1377490314, 52.62
1377490319, 52.62
1377490324, 52.62
1377490329, 52.62
1377490334, 52.62
1377490339, 52.62
1377490344, 52.62
1377490349, 52.62
1377490354, 52.62
1377490359, 52.62
1377490364, 52.62
1377490369, 52.62
1377490374, 52.62
1377490379, 52.62
1377490384, 52.62
1377490389, 52.62
1377490394, 52.62
1377490399, 52.62
1377490404, 52.62
1377490409, 52.62
1377490414, 52.62
1377490419, 52.62
1377490424, 52.62
1377490429, 52.59
1377490434, 52.62
1377490439, 52.62
1377490444, 52.62
1377490449, 52.59
1377490454, 52.62
1377490459, 52.62
1377490464, 52.59
1377490469, 52.62
1377490474, 52.62
1377490479, 52.62
1377490484, 52.62
1377490489, 52.62
1377490494, 52.62
1377490499, 52.62
1377490504, 52.59
1377490509, 52.59
1377490514, 52.59
1377490519, 52.59
1377490524, 52.62
1377490529, 52.59
1377490534, 52.59
1377490539, 52.59
1377490544, 52.59
1377490549, 52.59
1377490554, 52.59
1377490559, 52.59
1377490564, 52.62
1377490569, 52.59
1377490574, 52.62
1377490579, 52.59
1377490584, 52.59
1377490589, 52.59
1377490594, 52.59
1377490599, 52.59
1377490604, 52.62
1377490609, 52.59
1377490614, 52.59
1377490619, 52.59
1377490624, 52.59
1377490629, 52.59
1377490634, 52.59
1377490639, 52.59
1377490644, 52.59
1377490649, 52.59
1377490654, 52.59
1377490659, 52.59
1377490664, 52.56
1377490669, 52.56
1377490674, 52.56
1377490679, 52.56
1377490684, 52.59
1377490689, 52.59
1377490694, 52.59
1377490699, 52.59
1377490704, 52.56
1377490709, 52.59
1377490714, 52.56
1377490719, 52.59
1377490724, 52.59
1377490729, 52.56
1377490734, 52.56
1377490739, 52.59
1377490744, 52.59
1377490749, 52.56
1377490754, 52.56
1377490759, 52.56
1377490764, 52.59
1377490769, 52.56
1377490774, 52.56
1377490779, 52.56
1377490784, 52.59
1377490789, 52.59
1377490794, 52.56
1377490799, 52.56
1377490804, 52.56
1377490809, 52.56
1377490814, 52.56
1377490819, 52.56
1377490824, 52.56
1377490829, 52.59
1377490834, 52.56
1377490839, 52.59
1377490844, 52.56
1377490849, 52.56
1377490854, 52.59
1377490859, 52.56
1377490864, 52.56
1377490869, 52.59
1377490874, 52.59
1377490879, 52.56
1377490884, 52.56
1377490889, 52.56
1377490894, 52.56
1377490899, 52.56
1377490904, 52.59
1377490909, 52.56
1377490914, 52.56
1377490919, 52.59
1377490924, 52.56
1377490929, 52.56
1377490934, 52.56
1377490939, 52.56
1377490944, 52.56
1377490949, 52.56
1377490954, 52.56
1377490959, 52.56
1377490964, 52.56
1377490969, 52.56
1377490974, 52.56
1377490979, 52.56
1377490984, 52.56
1377490989, 52.59
1377490994, 52.59
1377490999, 52.59
1377491004, 52.59
1377491009, 52.59
1377491014, 52.56
1377491019, 52.56
1377491024, 52.59
1377491029, 52.56
1377491034, 52.56
1377491039, 52.56
1377491044, 52.56
1377491049, 52.56
1377491054, 52.56
1377491059, 52.56
1377491064, 52.56
1377491069, 52.56
1377491074, 52.56
1377491079, 52.56
1377491084, 52.56
1377491089, 52.56
1377491094, 52.56
1377491099, 52.56
1377491104, 52.56
1377491109, 52.56
1377491114, 52.56
1377491119, 52.59
1377491124, 52.56
1377491129, 52.56
1377491134, 52.56
1377491139, 52.56
1377491144, 52.56
1377491149, 52.56
1377491154, 52.56
1377491159, 52.56
1377491164, 52.56
1377491169, 52.56
1377491174, 52.56
1377491179, 52.56
1377491184, 52.56
1377491189, 52.56
1377491194, 52.56
1377491199, 52.56
1377491204, 52.56
1377491209, 52.56
1377491214, 52.56
1377491219, 52.56
1377491224, 52.56
1377491229, 52.56
1377491234, 52.56
1377491239, 52.56
1377491244, 52.56
1377491249, 52.56
1377491254, 52.56
1377491259, 52.56
1377491264, 52.52
1377491269, 52.56
1377491274, 52.56
1377491279, 52.56
1377491284, 52.56
1377491289, 52.56
1377491294, 52.56
1377491299, 52.56
1377491304, 52.56
1377491309, 52.56
1377491314, 52.56
1377491319, 52.56
1377491327, 52.56
1377491329, 52.56
1377491334, 52.56
1377491339, 52.56
1377491344, 52.56
1377491349, 52.56
1377491354, 52.56
1377491359, 52.56
1377491364, 52.56
1377491369, 52.56
1377491374, 52.56
1377491379, 52.56
1377491384, 52.56
1377491389, 52.56
1377491394, 52.56
1377491399, 52.56
1377491404, 52.56
1377491409, 52.56
1377491414, 52.56
1377491419, 52.56
1377491424, 52.56
1377491429, 52.56
1377491434, 52.52
1377491439, 52.56
1377491444, 52.56
1377491449, 52.56
1377491454, 52.52
1377491459, 52.52
1377491464, 52.56
1377491469, 52.56
1377491474, 52.56
1377491479, 52.56
1377491484, 52.56
1377491489, 52.52
1377491494, 52.52
1377491499, 52.56
1377491504, 52.52
1377491509, 52.52
1377491514, 52.56
1377491519, 52.56
1377491524, 52.52
1377491529, 52.52
1377491534, 52.52
1377491539, 52.56
1377491544, 52.52
1377491549, 52.52
1377491554, 52.52
1377491559, 52.56
1377491564, 52.52
1377491569, 52.56
1377491574, 52.52
1377491579, 52.52
1377491584, 52.52
1377491589, 52.52
1377491594, 52.56
1377491599, 52.52
1377491604, 52.52
1377491609, 52.52
1377491614, 52.52
1377491619, 52.52
1377491624, 52.52
1377491629, 52.52
1377491634, 52.52
1377491639, 52.56
1377491644, 52.52
1377491649, 52.52
1377491654, 52.52
1377491659, 52.56
1377491664, 52.52
1377491669, 52.52
1377491674, 52.52
1377491679, 52.56
1377491684, 52.52
1377491689, 52.52
1377491694, 52.56
1377491699, 52.56
1377491704, 52.52
1377491709, 52.56
1377491714, 52.52
1377491719, 52.52
1377491724, 52.52
1377491729, 52.56
1377491734, 52.56
1377491739, 52.52
1377491744, 52.52
1377491749, 52.52
1377491754, 52.52
1377491759, 52.56
1377491764, 52.52
1377491769, 52.52
1377491774, 52.56
1377491779, 52.56
1377491784, 52.52
1377491789, 52.56
1377491794, 52.52
1377491799, 52.52
1377491804, 52.49
1377491809, 52.52
1377491814, 52.56
1377491819, 52.52
1377491824, 52.56
1377491829, 52.52
1377491834, 52.56
1377491839, 52.52
1377491844, 52.56
1377491849, 52.52
1377491854, 52.56
1377491859, 52.52
1377491864, 52.52
1377491869, 52.56
1377491874, 52.52
1377491879, 52.52
1377491884, 52.56
1377491889, 52.56
1377491894, 52.56
1377491899, 52.56
1377491904, 52.56
1377491909, 52.56
1377491914, 52.56
1377491919, 52.52
1377491924, 52.56
1377491929, 52.56
1377491934, 52.56
1377491939, 52.52
1377491944, 52.52
1377491949, 52.56
1377491954, 52.52
1377491959, 52.56
1377491964, 52.56
1377491969, 52.52
1377491974, 52.56
1377491979, 52.52
1377491984, 52.56
1377491989, 52.56
1377491994, 52.56
1377491999, 52.52
1377492004, 52.52
1377492009, 52.52
1377492014, 52.56
1377492019, 52.56
1377492024, 52.52
1377492029, 52.56
1377492034, 52.56
1377492039, 52.56
1377492044, 52.56
1377492049, 52.56
1377492054, 52.56
1377492059, 52.56
1377492064, 52.56
1377492069, 52.56
1377492074, 52.56
1377492079, 52.56
1377492084, 52.56
1377492089, 52.56
1377492094, 52.56
1377492099, 52.56
1377492104, 52.52
1377492109, 52.56
1377492114, 52.56
1377492119, 52.56
1377492124, 52.56
1377492129, 52.56
1377492134, 52.52
1377492139, 52.56
1377492144, 52.56
1377492149, 52.56
1377492154, 52.56
1377492159, 52.56
1377492164, 52.52
1377492169, 52.56
1377492174, 52.52
1377492182, 52.56
1377492184, 52.56
1377492189, 52.56
1377492194, 52.56
1377492199, 52.56
1377492204, 52.52
1377492209, 52.52
1377492214, 52.56
1377492219, 52.52
1377492224, 52.52
1377492229, 52.56
1377492234, 52.52
1377492239, 52.56
1377492244, 52.56
1377492249, 52.56
1377492254, 52.56
1377492259, 52.52
1377492264, 52.56
1377492269, 52.52
1377492274, 52.52
1377492279, 52.56
1377492284, 52.52
1377492289, 52.52
1377492294, 52.52
1377492299, 52.52
1377492304, 52.56
1377492309, 52.56
1377492314, 52.56
1377492319, 52.52
1377492324, 52.56
1377492329, 52.52
1377492334, 52.56
1377492339, 52.52
1377492344, 52.56
1377492349, 52.52
1377492354, 52.52
1377492359, 52.56
1377492364, 52.52
1377492369, 52.56
1377492374, 52.56
1377492379, 52.52
1377492384, 52.52
1377492389, 52.56
1377492394, 52.52
1377492399, 52.56
1377492404, 52.52
1377492409, 52.52
1377492414, 52.56
1377492419, 52.56
1377492424, 52.56
1377492429, 52.56
1377492434, 52.52
1377492439, 52.56
1377492444, 52.52
1377492449, 52.56
1377492454, 52.52
1377492459, 52.52
1377492464, 52.52
1377492469, 52.52
1377492474, 52.52
1377492479, 52.52
1377492484, 52.52
1377492489, 52.52
1377492494, 52.52
1377492499, 52.56
1377492504, 52.52
1377492509, 52.52
1377492514, 52.49
1377492519, 52.52
1377492524, 52.52
1377492529, 52.52
1377492534, 52.56
1377492539, 52.52
1377492544, 52.56
1377492549, 52.52
1377492554, 52.52
1377492559, 52.52
1377492564, 52.52
1377492569, 52.52
1377492574, 52.52
1377492579, 52.52
1377492584, 52.52
1377492589, 52.52
1377492594, 52.52
1377492599, 52.52
1377492604, 52.52
1377492609, 52.52
1377492614, 52.52
1377492619, 52.52
1377492624, 52.52
1377492629, 52.52
1377492634, 52.52
1377492639, 52.52
1377492644, 52.52
1377492649, 52.52
1377492654, 52.56
1377492659, 52.56
1377492664, 52.49
1377492669, 52.52
1377492674, 52.52
1377492679, 52.52
1377492684, 52.52
1377492689, 52.52
1377492694, 52.52
1377492699, 52.52
1377492704, 52.52
1377492709, 52.52
1377492714, 52.52
1377492719, 52.56
1377492724, 52.52
1377492729, 52.52
1377492734, 52.49
1377492739, 52.52
1377492744, 52.52
1377492749, 52.52
1377492754, 52.52
1377492759, 52.52
1377492764, 52.49
1377492769, 52.52
1377492774, 52.52
1377492779, 52.52
1377492784, 52.49
1377492789, 52.52
1377492794, 52.49
1377492799, 52.49
1377492804, 52.52
1377492809, 52.52
1377492814, 52.52
1377492819, 52.49
1377492824, 52.52
1377492829, 52.49
1377492834, 52.49
1377492839, 52.49
1377492844, 52.52
1377492849, 52.52
1377492854, 52.49
1377492859, 52.52
1377492864, 52.49
1377492869, 52.49
1377492874, 52.52
1377492879, 52.52
1377492884, 52.49
1377492889, 52.49
1377492894, 52.49
1377492899, 52.52
1377492904, 52.49
1377492909, 52.49
1377492914, 52.52
1377492919, 52.52
1377492924, 52.49
1377492929, 52.49
1377492934, 52.52
1377492939, 52.49
1377492944, 52.49
1377492949, 52.49
1377492954, 52.52
1377492959, 52.52
1377492964, 52.49
1377492969, 52.52
1377492974, 52.49
1377492979, 52.52
1377492984, 52.49
1377492989, 52.49
1377492994, 52.49
1377492999, 52.49
1377493004, 52.52
1377493009, 52.52
1377493014, 52.49
1377493019, 52.49
1377493024, 52.49
1377493029, 52.49
1377493034, 52.49
1377493039, 52.49
1377493044, 52.49
1377493049, 52.49
1377493054, 52.49
1377493059, 52.49
1377493064, 52.49
1377493069, 52.49
1377493074, 52.49
1377493079, 52.49
1377493084, 52.49
1377493089, 52.49
1377493094, 52.52
1377493099, 52.49
1377493104, 52.52
1377493109, 52.49
1377493114, 52.52
1377493119, 52.49
1377493124, 52.49
1377493129, 52.52
1377493134, 52.49
1377493139, 52.49
1377493144, 52.49
1377493149, 52.49
1377493154, 52.49
1377493159, 52.49
1377493164, 52.49
1377493169, 52.49
1377493174, 52.49
1377493179, 52.49
1377493184, 52.49
1377493189, 52.49
1377493194, 52.49
1377493199, 52.49
1377493204, 52.49
1377493209, 52.49
1377493214, 52.49
1377493219, 52.49
1377493224, 52.49
1377493229, 52.49
1377493234, 52.52
1377493239, 52.49
1377493244, 52.49
1377493249, 52.49
1377493254, 52.49
1377493259, 52.49
1377493264, 52.49
1377493269, 52.49
1377493274, 52.49
1377493279, 52.49
1377493284, 52.49
1377493289, 52.49
1377493294, 52.49
1377493299, 52.49
1377493304, 52.49
1377493309, 52.49
1377493314, 52.49
1377493319, 52.49
1377493324, 52.49
1377493329, 52.49
1377493334, 52.49
1377493339, 52.49
1377493344, 52.49
1377493349, 52.49
1377493354, 52.49
1377493359, 52.49
1377493364, 52.49
1377493369, 52.49
1377493374, 52.49
1377493379, 52.49
1377493384, 52.49
1377493389, 52.49
1377493394, 52.49
1377493399, 52.49
1377493404, 52.49
1377493409, 52.49
1377493414, 52.49
1377493419, 52.49
1377493424, 52.49
1377493429, 52.49
1377493434, 52.49
1377493439, 52.49
1377493444, 52.49
1377493449, 52.46
1377493454, 52.49
1377493459, 52.49
1377493464, 52.49
1377493469, 52.49
1377493474, 52.49
1377493479, 52.49
1377493484, 52.49
1377493489, 52.49
1377493494, 52.49
1377493499, 52.46
1377493504, 52.49
1377493509, 52.49
1377493514, 52.49
1377493519, 52.49
1377493524, 52.49
1377493529, 52.49
1377493534, 52.46
1377493539, 52.49
1377493544, 52.49
1377493549, 52.46
1377493554, 52.49
1377493559, 52.49
1377493564, 52.49
1377493569, 52.49
1377493574, 52.49
1377493579, 52.49
1377493584, 52.49
1377493589, 52.49
1377493594, 52.49
1377493599, 52.49
1377493604, 52.49
1377493609, 52.49
1377493614, 52.49
1377493619, 52.46
1377493624, 52.49
1377493629, 52.46
1377493634, 52.49
1377493639, 52.49
1377493644, 52.46
1377493649, 52.49
1377493654, 52.49
1377493659, 52.49
1377493664, 52.49
1377493669, 52.49
1377493674, 52.49
1377493679, 52.46
1377493684, 52.46
1377493689, 52.46
1377493694, 52.46
1377493699, 52.46
1377493704, 52.49
1377493709, 52.46
1377493714, 52.46
1377493719, 52.46
1377493724, 52.46
1377493729, 52.46
1377493734, 52.46
1377493739, 52.46
1377493744, 52.46
1377493749, 52.46
1377493754, 52.46
1377493759, 52.46
1377493764, 52.46
1377493769, 52.46
1377493774, 52.46
1377493779, 52.46
1377493784, 52.46
1377493789, 52.43
1377493794, 52.43
1377493799, 52.46
1377493804, 52.46
1377493809, 52.46
1377493814, 52.46
1377493819, 52.46
1377493824, 52.46
1377493829, 52.49
1377493834, 52.46
1377493839, 52.46
1377493844, 52.46
1377493849, 52.46
1377493854, 52.46
1377493859, 52.43
1377493864, 52.46
1377493869, 52.46
1377493877, 52.46
1377493879, 52.46
1377493884, 52.43
1377493889, 52.43
1377493894, 52.43
1377493899, 52.46
1377493904, 52.46
1377493909, 52.46
1377493914, 52.46
1377493919, 52.46
1377493924, 52.46
1377493929, 52.46
1377493934, 52.43
1377493939, 52.43
1377493944, 52.43
1377493949, 52.46
1377493954, 52.43
1377493959, 52.46
1377493964, 52.43
1377493969, 52.46
1377493974, 52.43
1377493979, 52.43
1377493984, 52.46
1377493989, 52.43
1377493994, 52.43
1377493999, 52.46
1377494004, 52.43
1377494009, 52.43
1377494014, 52.46
1377494019, 52.46
1377494024, 52.46
1377494029, 52.43
1377494034, 52.43
1377494039, 52.46
1377494044, 52.43
1377494049, 52.43
1377494054, 52.46
1377494059, 52.46
1377494064, 52.43
1377494069, 52.43
1377494074, 52.46
1377494079, 52.46
1377494084, 52.43
1377494089, 52.43
1377494094, 52.43
1377494099, 52.43
1377494104, 52.43
1377494109, 52.46
1377494114, 52.43
1377494119, 52.43
1377494124, 52.43
1377494129, 52.43
1377494134, 52.46
1377494139, 52.43
1377494144, 52.43
1377494149, 52.43
1377494154, 52.43
1377494159, 52.43
1377494164, 52.43
1377494169, 52.43
1377494174, 52.43
1377494179, 52.46
1377494184, 52.43
1377494189, 52.43
1377494194, 52.43
1377494199, 52.43
1377494204, 52.43
1377494209, 52.43
1377494214, 52.43
1377494219, 52.43
1377494224, 52.43
1377494229, 52.43
1377494234, 52.43
1377494239, 52.43
1377494244, 52.43
1377494249, 52.43
1377494254, 52.43
1377494259, 52.43
1377494264, 52.43
1377494269, 52.43
1377494274, 52.43
1377494279, 52.43
1377494284, 52.43
1377494289, 52.43
1377494294, 52.43
1377494299, 52.43
1377494304, 52.43
1377494309, 52.43
1377494314, 52.43
1377494319, 52.43
1377494324, 52.43
1377494329, 52.43
1377494334, 52.43
1377494339, 52.43
1377494344, 52.43
1377494349, 52.43
1377494354, 52.43
1377494359, 52.40
1377494364, 52.43
1377494369, 52.43
1377494374, 52.43
1377494379, 52.43
1377494384, 52.43
1377494389, 52.43
1377494394, 52.43
1377494399, 52.43
1377494404, 52.43
1377494409, 52.43
1377494414, 52.43
1377494419, 52.43
1377494424, 52.40
1377494429, 52.43
1377494434, 52.43
1377494439, 52.43
1377494444, 52.40
1377494449, 52.43
1377494454, 52.43
1377494459, 52.40
1377494464, 52.43
1377494469, 52.43
1377494474, 52.43
1377494479, 52.43
1377494484, 52.43
1377494489, 52.43
1377494494, 52.43
1377494499, 52.40
1377494504, 52.40
1377494509, 52.40
1377494514, 52.40
1377494519, 52.40
1377494524, 52.40
1377494529, 52.40
1377494534, 52.43
1377494539, 52.43
1377494544, 52.40
1377494549, 52.40
1377494554, 52.40
1377494559, 52.40
1377494564, 52.43
1377494569, 52.40
1377494574, 52.40
1377494579, 52.40
1377494584, 52.43
1377494589, 52.40
1377494594, 52.43
1377494599, 52.43
1377494604, 52.40
1377494609, 52.40
1377494614, 52.40
1377494619, 52.40
1377494624, 52.43
1377494629, 52.40
1377494634, 52.40
1377494639, 52.40
1377494644, 52.40
1377494649, 52.40
1377494654, 52.40
1377494659, 52.40
1377494664, 52.40
1377494669, 52.37
1377494676, 52.40
1377494679, 52.40
1377494684, 52.40
1377494689, 52.40
1377494694, 52.40
1377494699, 52.40
1377494704, 52.40
1377494709, 52.40
1377494714, 52.40
1377494719, 52.43
1377494724, 52.40
1377494729, 52.40
1377494734, 52.40
1377494739, 52.40
1377494744, 52.40
1377494749, 52.37
1377494754, 52.40
1377494759, 52.40
1377494764, 52.37
1377494769, 52.40
1377494774, 52.40
1377494779, 52.40
1377494784, 52.40
1377494789, 52.40
1377494794, 52.40
1377494799, 52.40
1377494804, 52.40
1377494809, 52.40
1377494814, 52.40
1377494819, 52.37
1377494824, 52.40
1377494829, 52.40
1377494834, 52.40
1377494839, 52.37
1377494844, 52.37
1377494849, 52.37
1377494854, 52.37
1377494859, 52.40
1377494864, 52.37
1377494869, 52.40
1377494874, 52.40
1377494879, 52.37
1377494884, 52.37
1377494889, 52.37
1377494894, 52.37
1377494899, 52.40
1377494904, 52.37
1377494909, 52.37
1377494914, 52.40
1377494919, 52.40
1377494924, 52.37
1377494929, 52.40
1377494934, 52.37
1377494939, 52.37
1377494944, 52.40
1377494949, 52.37
1377494954, 52.40
1377494959, 52.37
1377494964, 52.37
1377494969, 52.40
1377494974, 52.37
1377494979, 52.37
1377494984, 52.37
1377494989, 52.37
1377494994, 52.37
1377494999, 52.40
1377495004, 52.37
1377495009, 52.40
1377495014, 52.37
1377495019, 52.37
1377495024, 52.37
1377495029, 52.40
1377495034, 52.37
1377495039, 52.37
1377495044, 52.40
1377495049, 52.37
1377495054, 52.37
1377495059, 52.37
1377495064, 52.37
1377495069, 52.37
1377495074, 52.37
1377495079, 52.37
1377495084, 52.40
1377495089, 52.37
1377495094, 52.40
1377495099, 52.37
1377495104, 52.37
1377495109, 52.37
1377495114, 52.37
1377495119, 52.37
1377495124, 52.37
1377495129, 52.37
1377495134, 52.37
1377495139, 52.37
1377495144, 52.37
1377495149, 52.37
1377495154, 52.37
1377495159, 52.37
1377495164, 52.37
1377495169, 52.40
1377495174, 52.40
1377495179, 52.40
1377495184, 52.40
1377495189, 52.37
1377495194, 52.37
1377495199, 52.40
1377495204, 52.37
1377495209, 52.40
1377495214, 52.37
1377495219, 52.37
1377495224, 52.37
1377495229, 52.37
1377495234, 52.37
1377495239, 52.37
1377495244, 52.37
1377495249, 52.37
1377495254, 52.37
1377495259, 52.37
1377495264, 52.37
1377495269, 52.40
1377495274, 52.37
1377495279, 52.37
1377495284, 52.37
1377495289, 52.37
1377495294, 52.37
1377495299, 52.40
1377495304, 52.37
1377495309, 52.37
1377495314, 52.37
1377495319, 52.37
1377495324, 52.37
1377495329, 52.37
1377495334, 52.40
1377495339, 52.37
1377495344, 52.37
1377495349, 52.37
1377495354, 52.37
1377495359, 52.37
1377495364, 52.37
1377495369, 52.40
1377495374, 52.37
1377495379, 52.37
1377495384, 52.37
1377495389, 52.37
1377495394, 52.37
1377495399, 52.37
1377495404, 52.37
1377495409, 52.37
1377495414, 52.37
1377495419, 52.37
1377495424, 52.37
1377495429, 52.37
1377495434, 52.37
1377495439, 52.37
1377495444, 52.37
1377495449, 52.37
1377495454, 52.37
1377495459, 52.37
1377495464, 52.37
1377495469, 52.37
1377495474, 52.37
1377495479, 52.33
1377495484, 52.37
1377495489, 52.37
1377495494, 52.37
1377495499, 52.37
1377495504, 52.37
1377495509, 52.37
1377495514, 52.37
1377495519, 52.37
1377495524, 52.37
1377495529, 52.37
1377495534, 52.37
1377495539, 52.37
1377495544, 52.37
1377495549, 52.37
1377495554, 52.37
1377495559, 52.37
1377495564, 52.33
1377495569, 52.33
1377495574, 52.37
1377495579, 52.37
1377495584, 52.37
1377495589, 52.33
1377495594, 52.37
1377495599, 52.33
1377495604, 52.33
1377495609, 52.37
1377495614, 52.37
1377495619, 52.33
1377495624, 52.37
1377495629, 52.33
1377495634, 52.33
1377495639, 52.33
1377495644, 52.33
1377495649, 52.33
1377495654, 52.33
1377495659, 52.33
1377495664, 52.33
1377495669, 52.33
1377495674, 52.37
1377495679, 52.33
1377495684, 52.33
1377495689, 52.33
1377495694, 52.30
1377495699, 52.33
1377495704, 52.33
1377495709, 52.30
1377495714, 52.33
1377495719, 52.33
1377495724, 52.30
1377495729, 52.30
1377495734, 52.33
1377495739, 52.30
1377495744, 52.33
1377495749, 52.30
1377495754, 52.30
1377495759, 52.30
1377495764, 52.30
1377495769, 52.30
1377495774, 52.30
1377495779, 52.30
1377495784, 52.30
1377495789, 52.30
1377495794, 52.30
1377495799, 52.30
1377495804, 52.30
1377495809, 52.30
1377495814, 52.30
1377495819, 52.30
1377495824, 52.33
1377495829, 52.30
1377495834, 52.30
1377495839, 52.30
1377495844, 52.30
1377495849, 52.30
1377495854, 52.30
1377495859, 52.30
1377495864, 52.30
1377495869, 52.30
1377495874, 52.30
1377495879, 52.30
1377495884, 52.30
1377495889, 52.30
1377495894, 52.30
1377495899, 52.30
1377495904, 52.30
1377495909, 52.30
1377495914, 52.27
1377495919, 52.30
1377495924, 52.30
1377495929, 52.30
1377495934, 52.30
1377495939, 52.30
1377495944, 52.27
1377495949, 52.30
1377495954, 52.30
1377495959, 52.30
1377495964, 52.27
1377495969, 52.30
1377495974, 52.30
1377495979, 52.30
1377495984, 52.30
1377495989, 52.30
1377495994, 52.30
1377495999, 52.30
1377496004, 52.27
1377496009, 52.30
1377496014, 52.27
1377496019, 52.30
1377496024, 52.30
1377496029, 52.27
1377496034, 52.27
1377496039, 52.30
1377496044, 52.27
1377496049, 52.27
1377496054, 52.30
1377496059, 52.27
1377496064, 52.30
1377496069, 52.27
1377496074, 52.27
1377496079, 52.27
1377496084, 52.30
1377496089, 52.27
1377496094, 52.27
1377496099, 52.30
1377496104, 52.30
1377496109, 52.27
1377496114, 52.27
1377496119, 52.27
1377496124, 52.27
1377496129, 52.27
1377496134, 52.27
1377496139, 52.27
1377496144, 52.27
1377496149, 52.24
1377496154, 52.27
1377496159, 52.27
1377496164, 52.24
1377496169, 52.27
1377496174, 52.27
1377496179, 52.24
1377496184, 52.27
1377496189, 52.27
1377496194, 52.27
1377496199, 52.27
1377496204, 52.27
1377496209, 52.24
1377496214, 52.27
1377496219, 52.24
1377496224, 52.27
1377496229, 52.27
1377496234, 52.24
1377496239, 52.24
1377496244, 52.27
1377496249, 52.27
1377496254, 52.24
1377496259, 52.24
1377496264, 52.24
1377496269, 52.24
1377496274, 52.24
1377496279, 52.24
1377496284, 52.24
1377496289, 52.24
1377496294, 52.24
1377496299, 52.24
1377496304, 52.24
1377496309, 52.24
1377496314, 52.24
1377496319, 52.27
1377496324, 52.24
1377496329, 52.24
1377496334, 52.24
1377496339, 52.24
1377496344, 52.24
1377496352, 52.24
1377496354, 52.24
1377496359, 52.24
1377496364, 52.24
1377496369, 52.24
1377496374, 52.24
1377496379, 52.24
1377496384, 52.24
1377496389, 52.24
1377496394, 52.24
1377496399, 52.24
1377496404, 52.24
1377496409, 52.24
1377496414, 52.24
1377496419, 52.24
1377496424, 52.24
1377496429, 52.24
1377496434, 52.24
1377496439, 52.24
1377496444, 52.24
1377496449, 52.24
1377496454, 52.21
1377496459, 52.24
1377496464, 52.24
1377496469, 52.24
1377496474, 52.24
1377496479, 52.24
1377496484, 52.24
1377496489, 52.24
1377496494, 52.21
1377496499, 52.21
1377496504, 52.24
1377496509, 52.24
1377496514, 52.24
1377496519, 52.21
1377496524, 52.21
1377496529, 52.24
1377496534, 52.21
1377496539, 52.21
1377496544, 52.24
1377496549, 52.24
1377496554, 52.24
1377496559, 52.24
1377496564, 52.24
1377496569, 52.21
1377496574, 52.24
1377496579, 52.24
1377496584, 52.24
1377496589, 52.24
1377496594, 52.24
1377496599, 52.24
1377496604, 52.24
1377496609, 52.24
1377496614, 52.24
1377496619, 52.24
1377496624, 52.24
1377496629, 52.21
1377496634, 52.24
1377496639, 52.18
1377496644, 52.24
1377496649, 52.24
1377496654, 52.21
1377496659, 52.21
1377496664, 52.24
1377496669, 52.21
1377496674, 52.24
1377496679, 52.24
1377496684, 52.21
1377496689, 52.21
1377496694, 52.18
1377496699, 52.21
1377496704, 52.21
1377496709, 52.21
1377496714, 52.21
1377496719, 52.21
1377496724, 52.21
1377496729, 52.21
1377496734, 52.21
1377496739, 52.21
1377496744, 52.21
1377496749, 52.21
1377496754, 52.21
1377496759, 52.21
1377496764, 52.21
1377496769, 52.21
1377496774, 52.21
1377496779, 52.18
1377496784, 52.21
1377496789, 52.18
1377496794, 52.21
1377496799, 52.21
1377496804, 52.21
1377496809, 52.21
1377496814, 52.21
1377496819, 52.21
1377496824, 52.21
1377496829, 52.21
1377496834, 52.18
1377496839, 52.21
1377496844, 52.18
1377496849, 52.21
1377496854, 52.21
1377496859, 52.18
1377496864, 52.21
1377496869, 52.18
1377496874, 52.21
1377496879, 52.21
1377496884, 52.21
1377496889, 52.21
1377496894, 52.21
1377496899, 52.18
1377496904, 52.21
1377496909, 52.21
1377496914, 52.18
1377496919, 52.18
1377496924, 52.18
1377496929, 52.18
1377496934, 52.21
1377496939, 52.18
1377496944, 52.18
1377496949, 52.18
1377496954, 52.21
1377496959, 52.18
1377496964, 52.18
1377496969, 52.21
1377496974, 52.18
1377496979, 52.18
1377496984, 52.18
1377496989, 52.18
1377496994, 52.18
1377496999, 52.18
1377497004, 52.18
1377497009, 52.18
1377497014, 52.21
1377497019, 52.18
1377497024, 52.18
1377497029, 52.18
1377497034, 52.21
1377497039, 52.18
1377497044, 52.18
1377497049, 52.21
1377497054, 52.18
1377497059, 52.18
1377497064, 52.18
1377497069, 52.18
1377497074, 52.18
1377497079, 52.18
1377497084, 52.18
1377497089, 52.14
1377497094, 52.18
1377497099, 52.18
1377497104, 52.18
1377497109, 52.18
1377497114, 52.18
1377497119, 52.18
1377497124, 52.18
1377497129, 52.18
1377497134, 52.18
1377497139, 52.18
1377497144, 52.18
1377497149, 52.18
1377497154, 52.18
1377497159, 52.18
1377497164, 52.18
1377497169, 52.18
1377497174, 52.18
1377497179, 52.14
1377497184, 52.18
1377497189, 52.18
1377497194, 52.18
1377497199, 52.18
1377497204, 52.18
1377497209, 52.18
1377497214, 52.18
1377497219, 52.18
1377497224, 52.18
1377497229, 52.18
1377497234, 52.14
1377497239, 52.18
1377497244, 52.18
1377497249, 52.14
1377497254, 52.18
1377497259, 52.18
1377497264, 52.18
1377497269, 52.14
1377497274, 52.18
1377497279, 52.14
1377497284, 52.14
1377497289, 52.18
1377497294, 52.14
1377497299, 52.18
1377497304, 52.18
1377497309, 52.18
1377497314, 52.18
1377497319, 52.18
1377497324, 52.18
1377497329, 52.14
1377497334, 52.18
1377497339, 52.18
1377497344, 52.18
1377497349, 52.18
1377497354, 52.18
1377497359, 52.18
1377497364, 52.14
1377497369, 52.18
1377497374, 52.14
1377497379, 52.14
1377497384, 52.14
1377497389, 52.18
1377497394, 52.18
1377497399, 52.18
1377497404, 52.14
1377497409, 52.14
1377497414, 52.14
1377497419, 52.14
1377497424, 52.14
1377497429, 52.14
1377497434, 52.18
1377497439, 52.14
1377497444, 52.18
1377497449, 52.14
1377497454, 52.18
1377497459, 52.18
1377497464, 52.14
1377497469, 52.14
1377497474, 52.18
1377497479, 52.14
1377497484, 52.14
1377497489, 52.14
1377497494, 52.14
1377497499, 52.14
1377497504, 52.18
1377497509, 52.14
1377497514, 52.14
1377497519, 52.14
1377497524, 52.14
1377497529, 52.18
1377497534, 52.14
1377497539, 52.18
1377497544, 52.14
1377497549, 52.14
1377497554, 52.11
1377497559, 52.14
1377497564, 52.14
1377497569, 52.14
1377497574, 52.14
1377497579, 52.14
1377497584, 52.18
1377497589, 52.18
1377497594, 52.11
1377497599, 52.14
1377497604, 52.14
1377497609, 52.14
1377497614, 52.14
1377497619, 52.14
1377497624, 52.18
1377497629, 52.14
1377497634, 52.18
1377497639, 52.14
1377497644, 52.14
1377497649, 52.14
1377497654, 52.14
1377497659, 52.14
1377497664, 52.14
1377497669, 52.14
1377497674, 52.14
1377497679, 52.14
1377497684, 52.14
1377497689, 52.14
1377497694, 52.14
1377497699, 52.14
1377497704, 52.14
1377497709, 52.14
1377497714, 52.14
1377497719, 52.11
1377497724, 52.14
1377497729, 52.14
1377497734, 52.14
1377497739, 52.14
1377497744, 52.11
1377497749, 52.11
1377497754, 52.14
1377497759, 52.11
1377497764, 52.14
1377497769, 52.14
1377497774, 52.14
1377497779, 52.14
1377497784, 52.14
1377497789, 52.14
1377497794, 52.11
1377497799, 52.14
1377497804, 52.14
1377497809, 52.14
1377497814, 52.11
1377497819, 52.14
1377497824, 52.14
1377497829, 52.14
1377497834, 52.11
1377497839, 52.11
1377497844, 52.11
1377497849, 52.14
1377497854, 52.14
1377497859, 52.11
1377497864, 52.14
1377497869, 52.11
1377497874, 52.14
1377497879, 52.14
1377497884, 52.11
1377497889, 52.11
1377497894, 52.14
1377497899, 52.14
1377497904, 52.14
1377497909, 52.11
1377497914, 52.11
1377497919, 52.14
1377497924, 52.14
1377497929, 52.11
1377497934, 52.14
1377497939, 52.14
1377497944, 52.11
1377497949, 52.11
1377497954, 52.11
1377497959, 52.14
1377497964, 52.14
1377497969, 52.11
1377497974, 52.11
1377497979, 52.11
1377497984, 52.11
1377497989, 52.11
1377497994, 52.11
1377497999, 52.14
1377498004, 52.11
1377498009, 52.14
1377498014, 52.11
1377498022, 52.11
1377498024, 52.11
1377498029, 52.11
1377498034, 52.11
1377498039, 52.14
1377498044, 52.11
1377498049, 52.11
1377498054, 52.11
1377498059, 52.11
1377498064, 52.11
1377498069, 52.11
1377498074, 52.11
1377498079, 52.11
1377498084, 52.11
1377498089, 52.11
1377498094, 52.11
1377498099, 52.11
1377498104, 52.11
1377498109, 52.11
1377498114, 52.11
1377498119, 52.11
1377498124, 52.11
1377498129, 52.11
1377498134, 52.11
1377498139, 52.11
1377498144, 52.11
1377498149, 52.11
1377498154, 52.11
1377498159, 52.11
1377498164, 52.11
1377498169, 52.11
1377498174, 52.11
1377498179, 52.11
1377498184, 52.11
1377498189, 52.11
1377498194, 52.08
1377498199, 52.11
1377498204, 52.11
1377498209, 52.11
1377498214, 52.11
1377498219, 52.11
1377498224, 52.11
1377498229, 52.11
1377498234, 52.11
1377498239, 52.08
1377498244, 52.11
1377498249, 52.11
1377498254, 52.11
1377498259, 52.11
1377498264, 52.11
1377498269, 52.08
1377498274, 52.11
1377498279, 52.11
1377498284, 52.08
1377498289, 52.11
1377498294, 52.08
1377498299, 52.11
1377498304, 52.08
1377498309, 52.11
1377498314, 52.08
1377498319, 52.08
1377498324, 52.08
1377498329, 52.08
1377498334, 52.11
1377498339, 52.11
1377498344, 52.08
1377498349, 52.08
1377498354, 52.08
1377498359, 52.08
1377498364, 52.08
1377498369, 52.05
1377498374, 52.11
1377498379, 52.08
1377498384, 52.11
1377498389, 52.08
1377498394, 52.08
1377498399, 52.08
1377498404, 52.05
1377498409, 52.08
1377498414, 52.08
1377498419, 52.08
1377498424, 52.08
1377498429, 52.08
1377498434, 52.05
1377498439, 52.08
1377498444, 52.08
1377498449, 52.05
1377498454, 52.05
1377498459, 52.05
1377498464, 52.05
1377498469, 52.08
1377498474, 52.05
1377498479, 52.08
1377498484, 52.08
1377498489, 52.05
1377498494, 52.05
1377498499, 52.05
1377498504, 52.05
1377498509, 52.05
1377498514, 52.05
1377498519, 52.05
1377498524, 52.05
1377498529, 52.05
1377498534, 52.05
1377498539, 52.05
1377498544, 52.05
1377498549, 52.08
1377498554, 52.05
1377498559, 52.05
1377498564, 52.05
1377498569, 52.05
1377498574, 52.05
1377498579, 52.05
1377498584, 52.05
1377498589, 52.05
1377498594, 52.05
1377498599, 52.05
1377498604, 52.05
1377498609, 52.05
1377498614, 52.05
1377498619, 52.05
1377498624, 52.05
1377498629, 52.05
1377498634, 52.05
1377498639, 52.05
1377498644, 52.05
1377498649, 52.05
1377498654, 52.02
1377498659, 52.05
1377498664, 52.05
1377498669, 52.02
1377498674, 52.05
1377498679, 52.05
1377498684, 52.02
1377498689, 52.05
1377498694, 52.05
1377498699, 52.05
1377498704, 52.02
1377498709, 52.05
1377498714, 52.02
1377498719, 52.02
1377498724, 51.98
1377498729, 52.05
1377498734, 52.02
1377498739, 52.02
1377498744, 52.02
1377498749, 52.05
1377498754, 52.02
1377498759, 52.02
1377498764, 52.02
1377498769, 52.02
1377498774, 52.02
1377498779, 52.02
1377498784, 52.02
1377498789, 52.02
1377498794, 52.02
1377498799, 52.02
1377498804, 52.02
1377498809, 52.02
1377498814, 51.98
1377498819, 51.98
1377498824, 51.98
1377498829, 52.02
1377498834, 52.02
1377498839, 52.02
1377498844, 52.02
1377498849, 52.02
1377498854, 51.98
1377498859, 52.02
1377498864, 52.02
1377498869, 51.98
1377498874, 52.02
1377498879, 52.02
1377498884, 51.98
1377498889, 51.98
1377498894, 51.98
1377498899, 51.98
1377498904, 52.02
1377498911, 51.98
1377498914, 51.98
1377498919, 51.98
1377498924, 52.02
1377498929, 51.98
1377498934, 51.98
1377498939, 51.98
1377498944, 51.98
1377498949, 52.02
1377498954, 51.98
1377498959, 51.98
1377498964, 52.02
1377498969, 51.98
1377498974, 51.98
1377498979, 51.98
1377498984, 51.98
1377498989, 51.98
1377498994, 51.98
1377498999, 51.98
1377499004, 51.98
1377499009, 51.98
1377499014, 51.98
1377499019, 51.98
1377499024, 51.98
1377499029, 51.98
1377499034, 51.98
1377499039, 51.98
1377499044, 51.98
1377499049, 51.98
1377499054, 51.98
1377499059, 51.98
1377499064, 51.98
1377499069, 51.98
1377499074, 51.98
1377499079, 51.98
1377499084, 51.98
1377499089, 51.98
1377499094, 51.98
1377499099, 51.98
1377499104, 51.98
1377499109, 51.98
1377499114, 51.95
1377499119, 51.98
1377499124, 51.98
1377499129, 51.98
1377499134, 51.98
1377499139, 51.98
1377499144, 51.98
1377499149, 51.98
1377499154, 51.98
1377499159, 51.98
1377499164, 51.98
1377499169, 51.98
1377499174, 51.95
1377499179, 51.95
1377499184, 51.98
1377499189, 51.98
1377499194, 51.98
1377499199, 51.98
1377499204, 51.95
1377499209, 51.95
1377499214, 51.95
1377499219, 51.98
1377499224, 51.95
1377499229, 51.95
1377499234, 51.98
1377499239, 51.95
1377499244, 51.98
1377499249, 51.95
1377499254, 51.98
1377499259, 51.95
1377499264, 51.95
1377499269, 51.95
1377499274, 51.95
1377499279, 51.98
1377499284, 51.98
1377499289, 51.95
1377499294, 51.95
1377499299, 51.98
1377499304, 51.98
1377499309, 51.95
1377499314, 51.95
1377499319, 51.95
1377499324, 51.95
1377499329, 51.95
1377499334, 51.98
1377499339, 51.95
1377499344, 51.95
1377499349, 51.95
1377499354, 51.98
1377499359, 51.95
1377499364, 51.95
1377499369, 51.95
1377499374, 51.98
1377499379, 51.95
1377499384, 51.95
1377499389, 51.95
1377499394, 51.95
1377499399, 51.92
1377499404, 51.95
1377499409, 51.95
1377499414, 51.95
1377499419, 51.95
1377499424, 51.92
1377499429, 51.95
1377499434, 51.95
1377499439, 51.95
1377499444, 51.95
1377499449, 51.95
1377499454, 51.95
1377499459, 51.92
1377499464, 51.95
1377499469, 51.95
1377499474, 51.92
1377499479, 51.95
1377499484, 51.92
1377499489, 51.92
1377499494, 51.95
1377499499, 51.95
1377499504, 51.95
1377499509, 51.95
1377499514, 51.92
1377499519, 51.95
1377499524, 51.95
1377499529, 51.95
1377499534, 51.95
1377499539, 51.92
1377499544, 51.95
1377499549, 51.95
1377499554, 51.92
1377499559, 51.92
1377499564, 51.95
1377499569, 51.92
1377499574, 51.92
1377499579, 51.92
1377499584, 51.92
1377499589, 51.92
1377499594, 51.95
1377499599, 51.92
1377499604, 51.92
1377499609, 51.92
1377499614, 51.95
1377499619, 51.92
1377499624, 51.92
1377499629, 51.92
1377499634, 51.92
1377499639, 51.92
1377499644, 51.92
1377499649, 51.92
1377499654, 51.95
1377499659, 51.92
1377499664, 51.95
1377499669, 51.95
1377499674, 51.92
1377499679, 51.92
1377499684, 51.92
1377499689, 51.92
1377499694, 51.92
1377499699, 51.92
1377499704, 51.95
1377499709, 51.92
1377499714, 51.95
1377499719, 51.92
1377499724, 51.92
1377499729, 51.92
1377499734, 51.92
1377499739, 51.92
1377499744, 51.92
1377499749, 51.92
1377499754, 51.95
1377499759, 51.92
1377499764, 51.92
1377499769, 51.92
1377499774, 51.92
1377499779, 51.92
1377499784, 51.92
1377499789, 51.92
1377499794, 51.92
1377499799, 51.92
1377499804, 51.92
1377499809, 51.92
1377499814, 51.92
1377499819, 51.92
1377499824, 51.92
1377499829, 51.92
1377499834, 51.92
1377499839, 51.92
1377499844, 51.92
1377499849, 51.92
1377499854, 51.92
1377499859, 51.92
1377499864, 51.92
1377499869, 51.92
1377499874, 51.92
1377499879, 51.92
1377499884, 51.92
1377499889, 51.92
1377499894, 51.92
1377499899, 51.92
1377499904, 51.92
1377499909, 51.92
1377499914, 51.92
1377499919, 51.92
1377499924, 51.92
1377499929, 51.92
1377499934, 51.92
1377499939, 51.92
1377499944, 51.92
1377499949, 51.92
1377499954, 51.92
1377499959, 51.92
1377499964, 51.92
1377499969, 51.92
1377499974, 51.92
1377499979, 51.92
1377499984, 51.92
1377499989, 51.92
1377499994, 51.92
1377499999, 51.92
1377500004, 51.92
1377500009, 51.92
1377500014, 51.92
1377500019, 51.92
1377500024, 51.89
1377500029, 51.92
1377500034, 51.89
1377500039, 51.92
1377500044, 51.92
1377500049, 51.92
1377500054, 51.92
1377500059, 51.92
1377500064, 51.89
1377500069, 51.89
1377500074, 51.92
1377500079, 51.89
1377500084, 51.89
1377500089, 51.92
1377500094, 51.92
1377500099, 51.89
1377500104, 51.92
1377500109, 51.89
1377500114, 51.92
1377500119, 51.92
1377500124, 51.86
1377500129, 51.89
1377500134, 51.89
1377500139, 51.92
1377500144, 51.92
1377500149, 51.89
1377500154, 51.89
1377500159, 51.89
1377500164, 51.89
1377500169, 51.89
1377500174, 51.89
1377500179, 51.89
1377500184, 51.92
1377500189, 51.89
1377500194, 51.89
1377500199, 51.89
1377500204, 51.89
1377500209, 51.89
1377500214, 51.89
1377500219, 51.92
1377500224, 51.89
1377500229, 51.89
1377500234, 51.89
1377500239, 51.86
1377500244, 51.89
1377500249, 51.89
1377500254, 51.89
1377500259, 51.89
1377500264, 51.86
1377500269, 51.89
1377500274, 51.89
1377500279, 51.86
1377500284, 51.89
1377500289, 51.89
1377500294, 51.89
1377500299, 51.89
1377500304, 51.86
1377500309, 51.86
1377500314, 51.89
1377500319, 51.89
1377500324, 51.89
1377500329, 51.89
1377500334, 51.86
1377500339, 51.86
1377500344, 51.86
1377500349, 51.89
1377500354, 51.86
1377500359, 51.89
1377500364, 51.86
1377500369, 51.86
1377500374, 51.89
1377500379, 51.86
1377500384, 51.86
1377500389, 51.86
1377500394, 51.86
1377500399, 51.86
1377500404, 51.86
1377500409, 51.86
1377500414, 51.86
1377500419, 51.86
1377500424, 51.86
1377500429, 51.86
1377500434, 51.86
1377500439, 51.86
1377500444, 51.86
1377500449, 51.86
1377500454, 51.86
1377500459, 51.83
1377500464, 51.86
1377500469, 51.86
1377500474, 51.86
1377500479, 51.86
1377500484, 51.83
1377500489, 51.86
1377500494, 51.86
1377500499, 51.86
1377500504, 51.86
1377500509, 51.86
1377500514, 51.83
1377500519, 51.86
1377500524, 51.86
1377500529, 51.83
1377500534, 51.83
1377500539, 51.83
1377500544, 51.83
1377500549, 51.83
1377500554, 51.83
1377500559, 51.86
1377500564, 51.83
1377500569, 51.83
1377500574, 51.83
1377500579, 51.83
1377500584, 51.83
1377500589, 51.83
1377500594, 51.86
1377500599, 51.79
1377500604, 51.79
1377500609, 51.83
1377500614, 51.79
1377500619, 51.79
1377500624, 51.79
1377500629, 51.83
1377500634, 51.83
1377500639, 51.83
1377500644, 51.79
1377500649, 51.83
1377500654, 51.83
1377500659, 51.79
1377500664, 51.83
1377500670, 51.79
1377500674, 51.79
1377500679, 51.79
1377500684, 51.83
1377500689, 51.79
1377500694, 51.83
1377500699, 51.79
1377500704, 51.83
1377500709, 51.79
1377500714, 51.79
1377500719, 51.79
1377500724, 51.79
1377500729, 51.79
1377500734, 51.79
1377500739, 51.76
1377500744, 51.79
1377500749, 51.83
1377500754, 51.79
1377500759, 51.79
1377500764, 51.79
1377500769, 51.79
1377500774, 51.79
1377500779, 51.79
1377500784, 51.79
1377500789, 51.79
1377500794, 51.79
1377500799, 51.79
1377500804, 51.79
1377500809, 51.79
1377500814, 51.79
1377500819, 51.79
1377500824, 51.79
1377500829, 51.79
1377500834, 51.79
1377500839, 51.76
1377500844, 51.76
1377500849, 51.76
1377500854, 51.79
1377500859, 51.79
1377500864, 51.76
1377500869, 51.79
1377500874, 51.76
1377500879, 51.76
1377500884, 51.76
1377500889, 51.76
1377500894, 51.76
1377500899, 51.76
1377500904, 51.76
1377500909, 51.73
1377500914, 51.76
1377500919, 51.73
1377500924, 51.76
1377500929, 51.76
1377500934, 51.76
1377500939, 51.76
1377500944, 51.76
1377500949, 51.76
1377500954, 51.76
1377500959, 51.76
1377500964, 51.76
1377500969, 51.73
1377500974, 51.76
1377500979, 51.76
1377500984, 51.76
1377500989, 51.73
1377500994, 51.73
1377500999, 51.73
1377501004, 51.73
1377501009, 51.73
1377501014, 51.73
1377501019, 51.73
1377501024, 51.73
1377501029, 51.73
1377501034, 51.73
1377501039, 51.73
1377501044, 51.73
1377501049, 51.73
1377501054, 51.73
1377501059, 51.73
1377501064, 51.73
1377501069, 51.73
1377501074, 51.73
1377501079, 51.70
1377501084, 51.73
1377501089, 51.73
1377501094, 51.73
1377501099, 51.73
1377501104, 51.73
1377501109, 51.73
1377501114, 51.73
1377501119, 51.70
1377501124, 51.73
1377501129, 51.70
1377501134, 51.70
1377501139, 51.70
1377501144, 51.70
1377501149, 51.70
1377501154, 51.70
1377501159, 51.70
1377501164, 51.70
1377501169, 51.67
1377501174, 51.70
1377501179, 51.67
1377501184, 51.70
1377501189, 51.70
1377501194, 51.70
1377501199, 51.70
1377501204, 51.70
1377501209, 51.70
1377501214, 51.70
1377501219, 51.70
1377501224, 51.67
1377501229, 51.67
1377501234, 51.70
1377501239, 51.70
1377501244, 51.70
1377501249, 51.70
1377501254, 51.67
1377501259, 51.70
1377501264, 51.70
1377501269, 51.67
1377501274, 51.67
1377501279, 51.70
1377501284, 51.67
1377501289, 51.67
1377501294, 51.67
1377501299, 51.67
1377501304, 51.67
1377501309, 51.67
1377501314, 51.67
1377501319, 51.67
1377501324, 51.67
1377501329, 51.70
1377501334, 51.67
1377501339, 51.67
1377501344, 51.67
1377501349, 51.67
1377501354, 51.67
1377501359, 51.67
1377501364, 51.67
1377501369, 51.67
1377501374, 51.67
1377501379, 51.67
1377501384, 51.67
1377501389, 51.67
1377501394, 51.67
1377501399, 51.67
1377501404, 51.67
1377501409, 51.67
1377501414, 51.67
1377501419, 51.67
1377501424, 51.67
1377501429, 51.67
1377501434, 51.67
1377501439, 51.67
1377501444, 51.67
1377501449, 51.67
1377501454, 51.67
1377501459, 51.67
1377501464, 51.67
1377501469, 51.67
1377501474, 51.67
1377501479, 51.67
1377501484, 51.67
1377501489, 51.67
1377501494, 51.67
1377501499, 51.67
1377501504, 51.67
1377501509, 51.67
1377501516, 51.67
1377501519, 51.67
1377501524, 51.67
1377501529, 51.63
1377501534, 51.67
1377501539, 51.63
1377501544, 51.67
1377501549, 51.67
1377501554, 51.67
1377501559, 51.67
1377501564, 51.67
1377501569, 51.67
1377501574, 51.67
1377501579, 51.67
1377501584, 51.67
1377501589, 51.63
1377501594, 51.63
1377501599, 51.63
1377501604, 51.63
1377501609, 51.63
1377501614, 51.63
1377501619, 51.63
1377501624, 51.63
1377501629, 51.63
1377501634, 51.63
1377501639, 51.63
1377501644, 51.67
1377501649, 51.67
1377501654, 51.60
1377501659, 51.63
1377501664, 51.63
1377501669, 51.63
1377501674, 51.63
1377501679, 51.63
1377501684, 51.60
1377501689, 51.63
1377501694, 51.63
1377501699, 51.60
1377501704, 51.63
1377501709, 51.60
1377501714, 51.63
1377501719, 51.63
1377501724, 51.60
1377501729, 51.63
1377501734, 51.63
1377501739, 51.63
1377501744, 51.60
1377501749, 51.63
1377501754, 51.63
1377501759, 51.63
1377501764, 51.63
1377501769, 51.60
1377501774, 51.63
1377501779, 51.63
1377501784, 51.63
1377501789, 51.63
1377501794, 51.60
1377501799, 51.60
1377501804, 51.60
1377501809, 51.63
1377501814, 51.60
1377501819, 51.60
1377501824, 51.60
1377501829, 51.60
1377501834, 51.60
1377501839, 51.60
1377501844, 51.60
1377501849, 51.60
1377501854, 51.60
1377501859, 51.60
1377501864, 51.63
1377501869, 51.60
1377501874, 51.60
1377501879, 51.60
1377501884, 51.60
1377501889, 51.60
1377501894, 51.63
1377501899, 51.60
1377501904, 51.60
1377501909, 51.60
1377501914, 51.60
1377501919, 51.60
1377501924, 51.60
1377501929, 51.60
1377501934, 51.60
1377501939, 51.60
1377501944, 51.60
1377501949, 51.60
1377501954, 51.60
1377501959, 51.60
1377501964, 51.60
1377501969, 51.60
1377501974, 51.60
1377501979, 51.60
1377501984, 51.60
1377501989, 51.60
1377501994, 51.60
1377501999, 51.60
1377502004, 51.60
1377502009, 51.60
1377502014, 51.60
1377502019, 51.60
1377502024, 51.57
1377502029, 51.60
1377502034, 51.60
1377502039, 51.60
1377502044, 51.60
1377502049, 51.57
1377502054, 51.60
1377502059, 51.60
1377502064, 51.57
1377502069, 51.57
1377502074, 51.60
1377502079, 51.60
1377502084, 51.57
1377502089, 51.57
1377502094, 51.57
1377502099, 51.60
1377502104, 51.60
1377502109, 51.60
1377502114, 51.57
1377502119, 51.57
1377502124, 51.57
1377502129, 51.60
1377502134, 51.57
1377502139, 51.57
1377502144, 51.57
1377502149, 51.57
1377502154, 51.60
1377502159, 51.57
1377502164, 51.57
1377502169, 51.57
1377502174, 51.57
1377502179, 51.57
1377502184, 51.57
1377502189, 51.57
1377502194, 51.57
1377502199, 51.57
1377502204, 51.57
1377502209, 51.57
1377502214, 51.60
1377502219, 51.54
1377502224, 51.57
1377502229, 51.57
1377502234, 51.57
1377502239, 51.57
1377502244, 51.54
1377502249, 51.57
1377502254, 51.54
1377502259, 51.57
1377502264, 51.57
1377502269, 51.54
1377502274, 51.54
1377502279, 51.54
1377502284, 51.57
1377502289, 51.57
1377502294, 51.57
1377502299, 51.57
1377502304, 51.54
1377502309, 51.54
1377502314, 51.54
1377502319, 51.57
1377502324, 51.54
1377502329, 51.54
1377502334, 51.57
1377502339, 51.57
1377502344, 51.54
1377502349, 51.54
1377502354, 51.54
1377502361, 51.54
1377502364, 51.57
1377502369, 51.54
1377502374, 51.54
1377502379, 51.54
1377502384, 51.54
1377502389, 51.54
1377502394, 51.54
1377502399, 51.54
1377502404, 51.54
1377502409, 51.54
1377502414, 51.54
1377502419, 51.54
1377502424, 51.54
1377502429, 51.54
1377502434, 51.54
1377502439, 51.54
1377502444, 51.54
1377502449, 51.54
1377502454, 51.54
1377502459, 51.54
1377502464, 51.54
1377502469, 51.54
1377502474, 51.54
1377502479, 51.54
1377502484, 51.51
1377502489, 51.51
1377502494, 51.54
1377502499, 51.51
1377502504, 51.54
1377502509, 51.51
1377502514, 51.54
1377502519, 51.54
1377502524, 51.51
1377502529, 51.54
1377502534, 51.51
1377502539, 51.51
1377502544, 51.51
1377502549, 51.51
1377502554, 51.51
1377502559, 51.54
1377502564, 51.51
1377502569, 51.51
1377502574, 51.51
1377502579, 51.54
1377502584, 51.51
1377502589, 51.47
1377502594, 51.51
1377502599, 51.51
1377502604, 51.51
1377502609, 51.51
1377502614, 51.47
1377502619, 51.51
1377502624, 51.47
1377502629, 51.51
1377502634, 51.51
1377502639, 51.51
1377502644, 51.51
1377502649, 51.51
1377502654, 51.51
1377502659, 51.47
1377502664, 51.51
1377502669, 51.51
1377502674, 51.47
1377502679, 51.51
1377502684, 51.47
1377502689, 51.47
1377502694, 51.51
1377502699, 51.51
1377502704, 51.47
1377502709, 51.51
1377502714, 51.47
1377502719, 51.51
1377502724, 51.51
1377502729, 51.47
1377502734, 51.51
1377502739, 51.51
1377502744, 51.47
1377502749, 51.47
1377502754, 51.47
1377502759, 51.51
1377502764, 51.51
1377502769, 51.47
1377502774, 51.47
1377502779, 51.47
1377502784, 51.47
1377502789, 51.47
1377502794, 51.47
1377502799, 51.51
1377502804, 51.47
1377502809, 51.47
1377502814, 51.47
1377502819, 51.47
1377502824, 51.47
1377502829, 51.51
1377502834, 51.47
1377502839, 51.47
1377502844, 51.47
1377502849, 51.51
1377502854, 51.47
1377502859, 51.51
1377502864, 51.47
1377502869, 51.47
1377502874, 51.47
1377502879, 51.47
1377502884, 51.47
1377502889, 51.47
1377502894, 51.47
1377502899, 51.51
1377502904, 51.47
1377502909, 51.47
1377502914, 51.47
1377502919, 51.47
1377502924, 51.47
1377502929, 51.47
1377502934, 51.47
1377502939, 51.47
1377502944, 51.47
1377502949, 51.47
1377502954, 51.47
1377502959, 51.47
1377502964, 51.47
1377502969, 51.47
1377502974, 51.47
1377502979, 51.47
1377502984, 51.47
1377502989, 51.47
1377502994, 51.47
1377502999, 51.47
1377503004, 51.47
1377503009, 51.47
1377503014, 51.47
1377503019, 51.47
1377503024, 51.47
1377503029, 51.47
1377503034, 51.47
1377503039, 51.47
1377503044, 51.47
1377503049, 51.47
1377503054, 51.47
1377503059, 51.47
1377503064, 51.47
1377503069, 51.47
1377503074, 51.47
1377503079, 51.47
1377503084, 51.47
1377503089, 51.47
1377503094, 51.47
1377503099, 51.47
1377503104, 51.47
1377503109, 51.47
1377503114, 51.47
1377503119, 51.47
1377503124, 51.47
1377503129, 51.47
1377503134, 51.47
1377503139, 51.47
1377503144, 51.47
1377503149, 51.47
1377503154, 51.47
1377503159, 51.47
1377503164, 51.47
1377503169, 51.47
1377503174, 51.47
1377503179, 51.47
1377503184, 51.47
1377503191, 51.47
1377503194, 51.47
1377503199, 51.47
1377503204, 51.47
1377503209, 51.47
1377503214, 51.47
1377503219, 51.47
1377503224, 51.47
1377503229, 51.47
1377503234, 51.47
1377503239, 51.47
1377503244, 51.47
1377503249, 51.47
1377503254, 51.47
1377503259, 51.47
1377503264, 51.47
1377503269, 51.47
1377503274, 51.47
1377503279, 51.47
1377503284, 51.47
1377503289, 51.47
1377503294, 51.47
1377503299, 51.47
1377503304, 51.47
1377503309, 51.47
1377503314, 51.44
1377503319, 51.44
1377503324, 51.47
1377503329, 51.44
1377503334, 51.47
1377503339, 51.47
1377503344, 51.44
1377503349, 51.44
1377503354, 51.44
1377503359, 51.47
1377503364, 51.44
1377503369, 51.44
1377503374, 51.44
1377503379, 51.44
1377503384, 51.47
1377503389, 51.44
1377503394, 51.44
1377503399, 51.44
1377503404, 51.44
1377503409, 51.47
1377503414, 51.44
1377503419, 51.44
1377503424, 51.44
1377503429, 51.44
1377503434, 51.44
1377503439, 51.44
1377503444, 51.44
1377503449, 51.44
1377503454, 51.44
1377503459, 51.44
1377503464, 51.41
1377503469, 51.44
1377503474, 51.44
1377503479, 51.44
1377503484, 51.44
1377503489, 51.41
1377503493, 51.44
1377503499, 51.44
1377503504, 51.44
1377503509, 51.44
1377503514, 51.41
1377503519, 51.41
1377503524, 51.44
1377503529, 51.41
1377503534, 51.41
1377503539, 51.44
1377503544, 51.44
1377503549, 51.44
1377503554, 51.41
1377503558, 51.44
1377503564, 51.44
1377503569, 51.41
1377503574, 51.41
1377503579, 51.41
1377503584, 51.44
1377503589, 51.44
1377503594, 51.41
1377503599, 51.41
1377503604, 51.41
1377503609, 51.41
1377503614, 51.41
1377503619, 51.41
1377503624, 51.41
1377503629, 51.41
1377503634, 51.44
1377503639, 51.41
1377503644, 51.41
1377503649, 51.41
1377503653, 51.41
1377503659, 51.41
1377503664, 51.44
1377503669, 51.41
1377503674, 51.44
1377503679, 51.41
1377503684, 51.41
1377503689, 51.41
1377503694, 51.41
1377503698, 51.41
1377503703, 51.41
1377503709, 51.41
1377503714, 51.41
1377503719, 51.41
1377503723, 51.41
1377503729, 51.41
1377503734, 51.41
1377503739, 51.44
1377503744, 51.41
1377503749, 51.41
1377503754, 51.41
1377503759, 51.41
1377503764, 51.41
1377503769, 51.41
1377503774, 51.41
1377503778, 51.41
1377503783, 51.41
1377503789, 51.41
1377503794, 51.41
1377503799, 51.41
1377503804, 51.41
1377503809, 51.41
1377503814, 51.41
1377503819, 51.41
1377503824, 51.41
1377503829, 51.41
1377503834, 51.41
1377503839, 51.41
1377503844, 51.41
1377503848, 51.41
1377503853, 51.41
1377503859, 51.41
1377503864, 51.41
1377503869, 51.41
1377503874, 51.41
1377503878, 51.41
1377503884, 51.41
1377503889, 51.41
1377503894, 51.41
1377503899, 51.41
1377503904, 51.41
1377503908, 51.41
1377503914, 51.44
1377503918, 51.41
1377503923, 51.41
1377503929, 51.41
1377503933, 51.41
1377503938, 51.41
1377503943, 51.41
1377503948, 51.41
1377503953, 51.41
1377503959, 51.41
1377503964, 51.41
1377503968, 51.41
1377503973, 51.41
1377503978, 51.41
1377503984, 51.41
1377503989, 51.41
1377503994, 51.44
1377503999, 51.41
1377504003, 51.41
1377504008, 51.41
1377504014, 51.41
1377504018, 51.41
1377504023, 51.41
1377504028, 51.41
1377504034, 51.41
1377504040, 51.41
1377504043, 51.41
1377504049, 51.41
1377504054, 51.41
1377504059, 51.41
1377504063, 51.41
1377504068, 51.41
1377504074, 51.41
1377504078, 51.41
1377504083, 51.41
1377504088, 51.41
1377504093, 51.41
1377504098, 51.41
1377504103, 51.41
1377504108, 51.41
1377504113, 51.41
1377504118, 51.41
1377504123, 51.41
1377504128, 51.41
1377504133, 51.41
1377504139, 51.41
1377504143, 51.41
1377504149, 51.41
1377504154, 51.41
1377504158, 51.41
1377504164, 51.41
1377504168, 51.41
1377504173, 51.41
1377504178, 51.41
1377504183, 51.41
1377504189, 51.41
1377504193, 51.41
1377504198, 51.41
1377504203, 51.41
1377504208, 51.41
1377504213, 51.41
1377504218, 51.41
1377504224, 51.41
1377504228, 51.41
1377504233, 51.41
1377504238, 51.41
1377504243, 51.41
1377504248, 51.41
1377504254, 51.41
1377504258, 51.41
1377504263, 51.38
1377504268, 51.41
1377504273, 51.41
1377504278, 51.41
1377504283, 51.38
1377504288, 51.41
1377504293, 51.41
1377504298, 51.41
1377504303, 51.38
1377504308, 51.41
1377504313, 51.41
1377504318, 51.41
1377504323, 51.41
1377504328, 51.41
1377504333, 51.41
1377504338, 51.41
1377504343, 51.41
1377504348, 51.41
1377504353, 51.41
1377504358, 51.38
1377504363, 51.41
1377504368, 51.41
1377504373, 51.41
1377504378, 51.38
1377504383, 51.41
1377504389, 51.41
1377504393, 51.41
1377504398, 51.41
1377504403, 51.38
1377504408, 51.41
1377504413, 51.41
1377504419, 51.41
1377504423, 51.38
1377504428, 51.41
1377504433, 51.38
1377504438, 51.41
1377504443, 51.41
1377504449, 51.41
1377504453, 51.41
1377504458, 51.38
1377504463, 51.38
1377504468, 51.38
1377504473, 51.41
1377504478, 51.38
1377504483, 51.38
1377504488, 51.41
1377504493, 51.38
1377504498, 51.38
1377504503, 51.38
1377504508, 51.38
1377504513, 51.41
1377504518, 51.41
1377504523, 51.38
1377504528, 51.38
1377504533, 51.38
1377504538, 51.38
1377504543, 51.38
1377504548, 51.38
1377504553, 51.38
1377504558, 51.38
1377504563, 51.38
1377504568, 51.41
1377504573, 51.35
1377504578, 51.38
1377504583, 51.38
1377504588, 51.35
1377504593, 51.38
1377504598, 51.38
1377504604, 51.38
1377504608, 51.38
1377504614, 51.38
1377504618, 51.38
1377504623, 51.38
1377504628, 51.38
1377504633, 51.38
1377504638, 51.35
1377504643, 51.38
1377504648, 51.38
1377504653, 51.35
1377504658, 51.35
1377504663, 51.35
1377504668, 51.35
1377504673, 51.38
1377504678, 51.35
1377504683, 51.38
1377504688, 51.38
1377504693, 51.38
1377504698, 51.38
1377504704, 51.35
1377504708, 51.38
1377504713, 51.35
1377504718, 51.35
1377504723, 51.38
1377504728, 51.38
1377504734, 51.35
1377504738, 51.35
1377504744, 51.35
1377504748, 51.35
1377504753, 51.35
1377504758, 51.35
1377504763, 51.38
1377504768, 51.38
1377504773, 51.35
1377504778, 51.35
1377504783, 51.35
1377504788, 51.35
1377504793, 51.35
1377504798, 51.35
1377504803, 51.35
1377504808, 51.35
1377504813, 51.35
1377504818, 51.35
1377504823, 51.35
1377504828, 51.35
1377504833, 51.35
1377504838, 51.35
1377504843, 51.35
1377504848, 51.35
1377504853, 51.35
1377504858, 51.35
1377504863, 51.35
1377504868, 51.35
1377504873, 51.35
1377504878, 51.35
1377504883, 51.35
1377504888, 51.35
1377504894, 51.35
1377504898, 51.35
1377504903, 51.35
1377504911, 51.35
1377504913, 51.35
1377504918, 51.35
1377504923, 51.35
1377504928, 51.35
1377504933, 51.35
1377504938, 51.38
1377504943, 51.35
1377504948, 51.35
1377504953, 51.35
1377504958, 51.35
1377504963, 51.35
1377504968, 51.35
1377504973, 51.35
1377504978, 51.35
1377504983, 51.35
1377504988, 51.35
1377504993, 51.35
1377504998, 51.35
1377505003, 51.35
1377505008, 51.35
1377505013, 51.35
1377505018, 51.35
1377505023, 51.35
1377505028, 51.38
1377505033, 51.35
1377505038, 51.35
1377505043, 51.38
1377505048, 51.35
1377505053, 51.35
1377505058, 51.35
1377505063, 51.35
1377505068, 51.35
1377505073, 51.35
1377505078, 51.35
1377505083, 51.35
1377505088, 51.35
1377505093, 51.35
1377505098, 51.35
1377505103, 51.35
1377505108, 51.35
1377505113, 51.35
1377505118, 51.35
1377505123, 51.35
1377505128, 51.35
1377505133, 51.35
1377505138, 51.35
1377505143, 51.35
1377505148, 51.35
1377505153, 51.35
1377505158, 51.35
1377505163, 51.35
1377505168, 51.35
1377505173, 51.38
1377505178, 51.38
1377505183, 51.35
1377505188, 51.35
1377505193, 51.35
1377505198, 51.35
1377505203, 51.35
1377505208, 51.35
1377505213, 51.35
1377505218, 51.35
1377505223, 51.35
1377505228, 51.38
1377505233, 51.35
1377505238, 51.35
1377505243, 51.35
1377505248, 51.35
1377505253, 51.35
1377505258, 51.35
1377505263, 51.35
1377505268, 51.38
1377505273, 51.38
1377505278, 51.35
1377505283, 51.35
1377505288, 51.35
1377505293, 51.35
1377505298, 51.35
1377505303, 51.35
1377505308, 51.38
1377505313, 51.35
1377505318, 51.35
1377505323, 51.35
1377505328, 51.35
1377505333, 51.35
1377505338, 51.35
1377505343, 51.35
1377505348, 51.35
1377505353, 51.35
1377505358, 51.35
1377505363, 51.35
1377505368, 51.35
1377505373, 51.35
1377505378, 51.35
1377505383, 51.35
1377505388, 51.38
1377505393, 51.35
1377505398, 51.35
1377505403, 51.35
1377505408, 51.35
1377505413, 51.35
1377505418, 51.35
1377505423, 51.35
1377505428, 51.35
1377505433, 51.35
1377505438, 51.35
1377505443, 51.35
1377505448, 51.35
1377505453, 51.35
1377505458, 51.38
1377505463, 51.35
1377505468, 51.35
1377505473, 51.35
1377505478, 51.35
1377505483, 51.35
1377505488, 51.35
1377505493, 51.35
1377505498, 51.35
1377505503, 51.35
1377505508, 51.35
1377505513, 51.35
1377505518, 51.35
1377505523, 51.35
1377505528, 51.35
1377505533, 51.35
1377505538, 51.35
1377505543, 51.35
1377505548, 51.35
1377505553, 51.35
1377505558, 51.35
1377505563, 51.35
1377505568, 51.35
1377505573, 51.35
1377505578, 51.35
1377505583, 51.35
1377505588, 51.35
1377505593, 51.35
1377505598, 51.35
1377505603, 51.35
1377505608, 51.38
1377505613, 51.35
1377505618, 51.35
1377505623, 51.35
1377505628, 51.35
1377505633, 51.35
1377505638, 51.35
1377505643, 51.35
1377505648, 51.35
1377505653, 51.35
1377505658, 51.35
1377505663, 51.35
1377505668, 51.35
1377505673, 51.35
1377505678, 51.35
1377505683, 51.35
1377505688, 51.31
1377505693, 51.35
1377505698, 51.35
1377505703, 51.35
1377505708, 51.35
1377505713, 51.35
1377505718, 51.35
1377505723, 51.35
1377505728, 51.35
1377505733, 51.35
1377505738, 51.35
1377505743, 51.35
1377505748, 51.35
1377505753, 51.35
1377505758, 51.35
1377505763, 51.35
1377505768, 51.35
1377505775, 51.35
1377505778, 51.35
1377505783, 51.35
1377505788, 51.35
1377505793, 51.35
1377505798, 51.35
1377505803, 51.35
1377505808, 51.35
1377505813, 51.35
1377505818, 51.35
1377505824, 51.35
1377505828, 51.35
1377505833, 51.35
1377505838, 51.35
1377505843, 51.35
1377505848, 51.31
1377505853, 51.35
1377505858, 51.35
1377505863, 51.35
1377505868, 51.35
1377505873, 51.35
1377505878, 51.31
1377505883, 51.35
1377505888, 51.35
1377505893, 51.31
1377505898, 51.35
1377505903, 51.35
1377505908, 51.31
1377505913, 51.35
1377505918, 51.35
1377505923, 51.31
1377505928, 51.35
1377505933, 51.35
1377505938, 51.31
1377505943, 51.35
1377505948, 51.31
1377505953, 51.35
1377505958, 51.31
1377505963, 51.31
1377505968, 51.35
1377505973, 51.35
1377505978, 51.35
1377505983, 51.31
1377505988, 51.31
1377505993, 51.31
1377505998, 51.31
1377506003, 51.31
1377506008, 51.35
1377506013, 51.31
1377506018, 51.31
1377506023, 51.31
1377506028, 51.31
1377506033, 51.31
1377506038, 51.31
1377506043, 51.31
1377506048, 51.31
1377506053, 51.35
1377506058, 51.31
1377506063, 51.28
1377506068, 51.31
1377506073, 51.31
1377506078, 51.31
1377506083, 51.31
1377506088, 51.31
1377506093, 51.31
1377506098, 51.35
1377506103, 51.31
1377506108, 51.31
1377506113, 51.31
1377506118, 51.28
1377506123, 51.31
1377506128, 51.31
1377506133, 51.31
1377506138, 51.31
1377506143, 51.31
1377506148, 51.31
1377506153, 51.28
1377506158, 51.28
1377506163, 51.28
1377506168, 51.28
1377506173, 51.28
1377506178, 51.31
1377506183, 51.28
1377506188, 51.28
1377506193, 51.28
1377506198, 51.31
1377506203, 51.28
1377506208, 51.28
1377506213, 51.28
1377506218, 51.31
1377506223, 51.31
1377506228, 51.28
1377506233, 51.28
1377506238, 51.31
1377506243, 51.28
1377506248, 51.28
1377506253, 51.28
1377506258, 51.28
1377506263, 51.28
1377506268, 51.28
1377506273, 51.28
1377506278, 51.28
1377506283, 51.28
1377506288, 51.31
1377506293, 51.28
1377506298, 51.28
1377506303, 51.28
1377506308, 51.28
1377506313, 51.28
1377506318, 51.28
1377506323, 51.28
1377506328, 51.28
1377506333, 51.28
1377506338, 51.28
1377506343, 51.28
1377506348, 51.28
1377506353, 51.28
1377506358, 51.28
1377506363, 51.28
1377506368, 51.28
1377506373, 51.28
1377506378, 51.25
1377506383, 51.28
1377506388, 51.28
1377506393, 51.28
1377506398, 51.28
1377506403, 51.28
1377506408, 51.28
1377506413, 51.28
1377506418, 51.28
1377506423, 51.28
1377506428, 51.28
1377506433, 51.28
1377506438, 51.28
1377506443, 51.28
1377506448, 51.28
1377506453, 51.25
1377506458, 51.28
1377506463, 51.28
1377506468, 51.28
1377506473, 51.28
1377506478, 51.25
1377506483, 51.28
1377506488, 51.25
1377506493, 51.25
1377506498, 51.25
1377506503, 51.28
1377506508, 51.28
1377506513, 51.25
1377506518, 51.28
1377506523, 51.28
1377506528, 51.28
1377506533, 51.25
1377506538, 51.28
1377506543, 51.25
1377506548, 51.25
1377506553, 51.28
1377506558, 51.28
1377506563, 51.25
1377506568, 51.28
1377506573, 51.25
1377506578, 51.28
1377506583, 51.25
1377506588, 51.25
1377506593, 51.25
1377506598, 51.28
1377506603, 51.25
1377506608, 51.25
1377506613, 51.25
1377506618, 51.25
1377506623, 51.25
1377506628, 51.25
1377506633, 51.25
1377506640, 51.25
1377506643, 51.25
1377506648, 51.28
1377506653, 51.25
1377506658, 51.25
1377506663, 51.25
1377506668, 51.25
1377506673, 51.25
1377506678, 51.25
1377506683, 51.28
1377506688, 51.25
1377506693, 51.25
1377506698, 51.25
1377506703, 51.25
1377506708, 51.25
1377506713, 51.25
1377506718, 51.22
1377506723, 51.25
1377506728, 51.25
1377506733, 51.25
1377506738, 51.25
1377506743, 51.25
1377506748, 51.25
1377506753, 51.25
1377506758, 51.22
1377506763, 51.22
1377506768, 51.25
1377506773, 51.25
1377506778, 51.25
1377506783, 51.25
1377506788, 51.25
1377506793, 51.25
1377506798, 51.22
1377506803, 51.25
1377506808, 51.22
1377506813, 51.25
1377506818, 51.25
1377506823, 51.25
1377506828, 51.22
1377506833, 51.25
1377506838, 51.25
1377506843, 51.22
1377506848, 51.22
1377506853, 51.22
1377506858, 51.22
1377506863, 51.25
1377506868, 51.25
1377506873, 51.22
1377506878, 51.22
1377506883, 51.22
1377506888, 51.25
1377506893, 51.22
1377506898, 51.22
1377506903, 51.22
1377506908, 51.25
1377506913, 51.22
1377506918, 51.22
1377506923, 51.22
1377506928, 51.22
1377506933, 51.22
1377506938, 51.22
1377506943, 51.22
1377506948, 51.22
1377506953, 51.22
1377506958, 51.22
1377506968, 51.22
1377506973, 51.25
1377506978, 51.22
1377506983, 51.22
1377506988, 51.22
1377506993, 51.22
1377506998, 51.22
1377507003, 51.22
1377507008, 51.22
1377507013, 51.22
1377507018, 51.22
1377507023, 51.22
1377507028, 51.22
1377507033, 51.25
1377507038, 51.22
1377507043, 51.22
1377507048, 51.22
1377507053, 51.25
1377507058, 51.22
1377507063, 51.22
1377507068, 51.22
1377507073, 51.22
1377507078, 51.25
1377507083, 51.22
1377507088, 51.22
1377507093, 51.22
1377507098, 51.22
1377507103, 51.25
1377507108, 51.22
1377507113, 51.22
1377507118, 51.22
1377507123, 51.25
1377507128, 51.22
1377507133, 51.22
1377507138, 51.22
1377507143, 51.22
1377507148, 51.22
1377507153, 51.22
1377507158, 51.22
1377507163, 51.22
1377507168, 51.22
1377507173, 51.22
1377507178, 51.22
1377507183, 51.22
1377507188, 51.22
1377507193, 51.22
1377507198, 51.22
1377507203, 51.22
1377507208, 51.22
1377507213, 51.22
1377507218, 51.22
1377507223, 51.22
1377507228, 51.22
1377507233, 51.22
1377507238, 51.22
1377507243, 51.22
1377507248, 51.22
1377507253, 51.22
1377507258, 51.22
1377507263, 51.22
1377507268, 51.22
1377507273, 51.19
1377507278, 51.22
1377507283, 51.22
1377507288, 51.22
1377507293, 51.22
1377507298, 51.19
1377507303, 51.19
1377507308, 51.22
1377507313, 51.22
1377507318, 51.22
1377507323, 51.22
1377507328, 51.22
1377507333, 51.22
1377507338, 51.19
1377507343, 51.19
1377507348, 51.22
1377507353, 51.22
1377507358, 51.22
1377507363, 51.22
1377507368, 51.22
1377507373, 51.22
1377507378, 51.22
1377507383, 51.19
1377507388, 51.22
1377507393, 51.19
1377507398, 51.22
1377507403, 51.22
1377507408, 51.19
1377507413, 51.22
1377507418, 51.22
1377507423, 51.22
1377507428, 51.22
1377507433, 51.22
1377507438, 51.22
1377507443, 51.22
1377507448, 51.22
1377507453, 51.22
1377507458, 51.19
1377507463, 51.22
1377507468, 51.19
1377507473, 51.22
1377507478, 51.22
1377507483, 51.22
1377507488, 51.22
1377507493, 51.22
1377507498, 51.19
1377507503, 51.22
1377507508, 51.22
1377507513, 51.22
1377507518, 51.22
1377507523, 51.19
1377507528, 51.19
1377507533, 51.19
1377507538, 51.22
1377507546, 51.19
1377507548, 51.22
1377507553, 51.19
1377507558, 51.19
1377507563, 51.19
1377507568, 51.19
1377507573, 51.19
1377507578, 51.22
1377507583, 51.19
1377507588, 51.19
1377507593, 51.22
1377507598, 51.19
1377507603, 51.19
1377507608, 51.22
1377507613, 51.19
1377507618, 51.22
1377507623, 51.19
1377507628, 51.19
1377507633, 51.19
1377507638, 51.19
1377507643, 51.19
1377507648, 51.22
1377507653, 51.19
1377507658, 51.19
1377507663, 51.19
1377507668, 51.19
1377507673, 51.19
1377507678, 51.22
1377507683, 51.22
1377507688, 51.19
1377507693, 51.19
1377507698, 51.19
1377507703, 51.22
1377507708, 51.19
1377507713, 51.19
1377507718, 51.19
1377507723, 51.19
1377507728, 51.19
1377507733, 51.19
1377507738, 51.19
1377507743, 51.19
1377507748, 51.15
1377507753, 51.19
1377507758, 51.19
1377507763, 51.19
1377507768, 51.19
1377507773, 51.19
1377507778, 51.15
1377507783, 51.19
1377507788, 51.19
1377507793, 51.19
1377507798, 51.19
1377507803, 51.19
1377507808, 51.19
1377507813, 51.19
1377507818, 51.15
1377507823, 51.19
1377507828, 51.19
1377507833, 51.19
1377507838, 51.15
1377507843, 51.19
1377507848, 51.19
1377507853, 51.15
1377507858, 51.19
1377507863, 51.19
1377507868, 51.19
1377507873, 51.19
1377507878, 51.19
1377507883, 51.15
1377507888, 51.19
1377507893, 51.19
1377507898, 51.19
1377507903, 51.19
1377507908, 51.19
1377507913, 51.15
1377507918, 51.15
1377507923, 51.19
1377507928, 51.15
1377507933, 51.15
1377507938, 51.19
1377507943, 51.15
1377507948, 51.15
1377507953, 51.19
1377507958, 51.19
1377507963, 51.15
1377507968, 51.15
1377507973, 51.15
1377507978, 51.19
1377507983, 51.15
1377507988, 51.15
1377507993, 51.15
1377507998, 51.15
1377508003, 51.15
1377508008, 51.15
1377508013, 51.15
1377508018, 51.15
1377508023, 51.15
1377508028, 51.15
1377508033, 51.15
1377508038, 51.15
1377508043, 51.15
1377508048, 51.15
1377508053, 51.15
1377508058, 51.15
1377508063, 51.15
1377508068, 51.12
1377508073, 51.15
1377508078, 51.15
1377508083, 51.15
1377508088, 51.15
1377508093, 51.15
1377508098, 51.15
1377508103, 51.15
1377508108, 51.15
1377508113, 51.15
1377508118, 51.15
1377508123, 51.15
1377508128, 51.15
1377508133, 51.15
1377508138, 51.15
1377508143, 51.15
1377508148, 51.15
1377508153, 51.15
1377508158, 51.15
1377508163, 51.15
1377508168, 51.15
1377508173, 51.15
1377508178, 51.15
1377508183, 51.15
1377508188, 51.15
1377508193, 51.15
1377508198, 51.15
1377508203, 51.15
1377508208, 51.15
1377508213, 51.15
1377508218, 51.15
1377508223, 51.15
1377508228, 51.15
1377508233, 51.15
1377508238, 51.15
1377508243, 51.15
1377508248, 51.15
1377508253, 51.15
1377508258, 51.15
1377508263, 51.15
1377508268, 51.15
1377508273, 51.15
1377508278, 51.15
1377508283, 51.15
1377508288, 51.15
1377508293, 51.15
1377508298, 51.15
1377508303, 51.15
1377508308, 51.15
1377508313, 51.15
1377508318, 51.15
1377508323, 51.19
1377508328, 51.15
1377508333, 51.19
1377508338, 51.15
1377508343, 51.15
1377508348, 51.19
1377508353, 51.15
1377508358, 51.15
1377508363, 51.15
1377508368, 51.15
1377508373, 51.15
1377508378, 51.15
1377508383, 51.15
1377508388, 51.19
1377508393, 51.15
1377508398, 51.15
1377508403, 51.19
1377508408, 51.15
1377508413, 51.15
1377508418, 51.15
1377508423, 51.15
1377508428, 51.15
1377508433, 51.15
1377508438, 51.15
1377508443, 51.19
1377508448, 51.15
1377508453, 51.15
1377508458, 51.15
1377508463, 51.15
1377508468, 51.15
1377508473, 51.15
1377508478, 51.15
1377508483, 51.15
1377508488, 51.15
1377508493, 51.15
1377508498, 51.15
1377508503, 51.15
1377508508, 51.15
1377508513, 51.15
1377508518, 51.19
1377508523, 51.19
1377508528, 51.15
1377508533, 51.15
1377508538, 51.15
1377508543, 51.15
1377508548, 51.15
1377508553, 51.15
1377508558, 51.15
1377508563, 51.15
1377508568, 51.15
1377508573, 51.15
1377508578, 51.15
1377508583, 51.15
1377508588, 51.15
1377508593, 51.15
1377508598, 51.15
1377508603, 51.15
1377508608, 51.15
1377508613, 51.15
1377508618, 51.15
1377508623, 51.15
1377508628, 51.15
1377508633, 51.15
1377508638, 51.15
1377508643, 51.15
1377508648, 51.15
1377508653, 51.15
1377508658, 51.15
1377508663, 51.15
1377508668, 51.15
1377508673, 51.15
1377508678, 51.15
1377508683, 51.15
1377508688, 51.15
1377508693, 51.15
1377508698, 51.15
1377508703, 51.15
1377508708, 51.15
1377508713, 51.15
1377508718, 51.15
1377508723, 51.15
1377508728, 51.15
1377508733, 51.15
1377508738, 51.15
1377508743, 51.15
1377508748, 51.15
1377508753, 51.15
1377508758, 51.15
1377508763, 51.15
1377508768, 51.15
1377508773, 51.15
1377508778, 51.15
1377508783, 51.15
1377508788, 51.15
1377508793, 51.15
1377508798, 51.15
1377508803, 51.15
1377508808, 51.12
1377508813, 51.12
1377508818, 51.15
1377508823, 51.15
1377508828, 51.15
1377508833, 51.12
1377508838, 51.15
1377508843, 51.12
1377508848, 51.15
1377508853, 51.15
1377508858, 51.15
1377508863, 51.15
1377508868, 51.15
1377508873, 51.15
1377508878, 51.15
1377508883, 51.15
1377508888, 51.15
1377508893, 51.15
1377508898, 51.15
1377508903, 51.12
1377508908, 51.15
1377508913, 51.15
1377508918, 51.15
1377508923, 51.15
1377508928, 51.15
1377508933, 51.15
1377508938, 51.15
1377508943, 51.15
1377508948, 51.15
1377508953, 51.12
1377508958, 51.15
1377508963, 51.15
1377508968, 51.15
1377508973, 51.12
1377508978, 51.15
1377508983, 51.15
1377508988, 51.15
1377508993, 51.15
1377508998, 51.15
1377509003, 51.15
1377509008, 51.15
1377509013, 51.12
1377509018, 51.12
1377509023, 51.15
1377509028, 51.15
1377509033, 51.15
1377509038, 51.15
1377509043, 51.12
1377509048, 51.12
1377509053, 51.12
1377509058, 51.15
1377509063, 51.15
1377509068, 51.15
1377509073, 51.12
1377509078, 51.15
1377509083, 51.15
1377509088, 51.15
1377509093, 51.15
1377509098, 51.15
1377509103, 51.15
1377509108, 51.15
1377509113, 51.12
1377509118, 51.15
1377509123, 51.12
1377509128, 51.15
1377509133, 51.12
1377509138, 51.12
1377509143, 51.15
1377509148, 51.15
1377509153, 51.15
1377509158, 51.12
1377509163, 51.15
1377509168, 51.15
1377509173, 51.15
1377509178, 51.15
1377509183, 51.12
1377509188, 51.15
1377509193, 51.15
1377509198, 51.12
1377509203, 51.15
1377509208, 51.15
1377509213, 51.12
1377509218, 51.15
1377509223, 51.12
1377509228, 51.15
1377509233, 51.12
1377509238, 51.15
1377509243, 51.15
1377509248, 51.15
1377509254, 51.15
1377509258, 51.12
1377509263, 51.12
1377509268, 51.15
1377509273, 51.15
1377509278, 51.15
1377509283, 51.15
1377509288, 51.12
1377509293, 51.15
1377509301, 51.15
1377509303, 51.15
1377509308, 51.12
1377509313, 51.15
1377509318, 51.12
1377509323, 51.15
1377509328, 51.12
1377509333, 51.12
1377509338, 51.12
1377509343, 51.12
1377509348, 51.12
1377509353, 51.12
1377509358, 51.12
1377509363, 51.12
1377509368, 51.12
1377509373, 51.15
1377509378, 51.12
1377509383, 51.12
1377509388, 51.12
1377509393, 51.12
1377509398, 51.12
1377509403, 51.12
1377509408, 51.12
1377509413, 51.15
1377509418, 51.12
1377509423, 51.12
1377509428, 51.12
1377509433, 51.12
1377509438, 51.12
1377509443, 51.12
1377509448, 51.12
1377509453, 51.12
1377509458, 51.12
1377509463, 51.12
1377509468, 51.12
1377509473, 51.12
1377509478, 51.12
1377509483, 51.12
1377509488, 51.15
1377509493, 51.15
1377509498, 51.12
1377509503, 51.12
1377509508, 51.15
1377509513, 51.12
1377509518, 51.12
1377509523, 51.09
1377509528, 51.12
1377509533, 51.12
1377509538, 51.12
1377509543, 51.12
1377509548, 51.15
1377509553, 51.09
1377509558, 51.09
1377509563, 51.12
1377509568, 51.09
1377509573, 51.12
1377509578, 51.12
1377509583, 51.09
1377509588, 51.12
1377509593, 51.09
1377509598, 51.12
1377509603, 51.09
1377509608, 51.12
1377509613, 51.09
1377509618, 51.09
1377509623, 51.12
1377509628, 51.12
1377509633, 51.12
1377509638, 51.12
1377509643, 51.12
1377509648, 51.09
1377509653, 51.09
1377509658, 51.09
1377509663, 51.12
1377509668, 51.12
1377509673, 51.12
1377509678, 51.12
1377509683, 51.09
1377509688, 51.09
1377509693, 51.09
1377509698, 51.12
1377509703, 51.09
1377509708, 51.12
1377509713, 51.12
1377509718, 51.09
1377509723, 51.09
1377509728, 51.12
1377509733, 51.09
1377509738, 51.12
1377509743, 51.12
1377509748, 51.12
1377509753, 51.09
1377509758, 51.09
1377509763, 51.09
1377509768, 51.09
1377509773, 51.12
1377509778, 51.09
1377509783, 51.12
1377509788, 51.09
1377509793, 51.12
1377509798, 51.12
1377509803, 51.12
1377509808, 51.09
1377509813, 51.09
1377509818, 51.12
1377509823, 51.09
1377509828, 51.09
1377509833, 51.09
1377509838, 51.09
1377509843, 51.09
1377509848, 51.09
1377509853, 51.09
1377509858, 51.09
1377509863, 51.09
1377509868, 51.09
1377509873, 51.09
1377509878, 51.09
1377509883, 51.09
1377509888, 51.09
1377509893, 51.12
1377509898, 51.09
1377509903, 51.09
1377509908, 51.09
1377509913, 51.09
1377509918, 51.09
1377509923, 51.09
1377509928, 51.09
1377509933, 51.09
1377509938, 51.09
1377509943, 51.09
1377509948, 51.09
1377509953, 51.09
1377509958, 51.09
1377509963, 51.09
1377509968, 51.09
1377509973, 51.09
1377509978, 51.09
1377509983, 51.09
1377509988, 51.09
1377509993, 51.09
1377509998, 51.09
1377510003, 51.09
1377510008, 51.09
1377510013, 51.09
1377510018, 51.09
1377510023, 51.09
1377510028, 51.09
1377510033, 51.09
1377510038, 51.09
1377510043, 51.09
1377510048, 51.09
1377510053, 51.09
1377510058, 51.09
1377510063, 51.09
1377510068, 51.06
1377510073, 51.09
1377510078, 51.09
1377510083, 51.09
1377510088, 51.09
1377510093, 51.09
1377510098, 51.09
1377510103, 51.09
1377510108, 51.09
1377510113, 51.09
1377510118, 51.06
1377510123, 51.09
1377510128, 51.09
1377510133, 51.09
1377510138, 51.09
1377510143, 51.09
1377510148, 51.06
1377510153, 51.06
1377510158, 51.09
1377510163, 51.09
1377510168, 51.06
1377510173, 51.09
1377510178, 51.06
1377510183, 51.09
1377510188, 51.06
1377510193, 51.09
1377510198, 51.06
1377510203, 51.09
1377510208, 51.09
1377510213, 51.09
1377510218, 51.06
1377510223, 51.06
1377510228, 51.06
1377510233, 51.06
1377510238, 51.06
1377510243, 51.06
1377510248, 51.06
1377510253, 51.06
1377510258, 51.06
1377510263, 51.06
1377510268, 51.06
1377510273, 51.03
1377510278, 51.06
1377510283, 51.06
1377510288, 51.06
1377510293, 51.06
1377510298, 51.06
1377510303, 51.06
1377510308, 51.06
1377510313, 51.03
1377510318, 51.06
1377510323, 51.03
1377510328, 51.06
1377510333, 51.06
1377510338, 51.06
1377510343, 51.03
1377510348, 51.03
1377510353, 51.06
1377510358, 51.06
1377510363, 51.06
1377510368, 51.03
1377510373, 51.06
1377510378, 51.03
1377510383, 51.03
1377510388, 51.06
1377510393, 51.03
1377510398, 51.03
1377510403, 51.03
1377510408, 51.03
1377510413, 51.03
1377510418, 51.03
1377510423, 51.03
1377510428, 51.03
1377510433, 51.03
1377510438, 51.03
1377510443, 51.03
1377510448, 51.03
1377510453, 51.03
1377510458, 51.03
1377510463, 51.03
1377510468, 51.03
1377510473, 51.03
1377510478, 51.03
1377510483, 50.99
1377510488, 51.03
1377510493, 51.03
1377510498, 51.03
1377510503, 51.03
1377510508, 51.03
1377510513, 51.03
1377510518, 51.03
1377510523, 51.03
1377510528, 51.03
1377510533, 50.99
1377510538, 51.03
1377510543, 51.03
1377510548, 51.03
1377510553, 50.99
1377510558, 51.03
1377510563, 51.03
1377510568, 50.99
1377510573, 51.03
1377510578, 51.03
1377510583, 51.03
1377510588, 51.03
1377510593, 51.03
1377510598, 51.03
1377510603, 50.99
1377510608, 51.03
1377510613, 51.03
1377510618, 51.03
1377510623, 51.03
1377510628, 51.03
1377510633, 51.03
1377510638, 51.03
1377510643, 50.99
1377510648, 51.03
1377510653, 51.03
1377510658, 50.99
1377510663, 51.03
1377510668, 51.03
1377510673, 51.03
1377510678, 50.99
1377510683, 51.03
1377510688, 51.03
1377510693, 51.03
1377510698, 51.03
1377510703, 51.03
1377510708, 51.03
1377510713, 51.03
1377510718, 50.99
1377510723, 51.03
1377510728, 51.03
1377510733, 51.03
1377510738, 51.03
1377510743, 51.03
1377510748, 50.99
1377510753, 51.03
1377510758, 51.03
1377510763, 50.99
1377510768, 50.99
1377510773, 51.03
1377510778, 51.03
1377510783, 51.03
1377510788, 51.03
1377510793, 50.99
1377510798, 51.03
1377510803, 51.03
1377510808, 51.03
1377510813, 50.99
1377510818, 51.03
1377510823, 50.99
1377510828, 50.99
1377510833, 51.03
1377510838, 51.03
1377510843, 50.99
1377510848, 51.03
1377510853, 50.99
1377510858, 50.99
1377510863, 51.03
1377510868, 51.03
1377510873, 51.03
1377510878, 51.03
1377510883, 50.99
1377510888, 51.03
1377510893, 51.03
1377510898, 51.03
1377510903, 51.03
1377510908, 51.03
1377510913, 51.03
1377510918, 51.03
1377510923, 51.03
1377510928, 50.99
1377510933, 51.03
1377510938, 51.03
1377510943, 50.99
1377510948, 50.99
1377510953, 51.03
1377510958, 50.99
1377510963, 51.03
1377510968, 51.03
1377510973, 50.99
1377510978, 51.03
1377510983, 51.03
1377510988, 50.99
1377510993, 50.99
1377510998, 51.03
1377511003, 50.99
1377511008, 51.03
1377511013, 50.99
1377511018, 51.03
1377511023, 51.03
1377511028, 51.03
1377511033, 51.03
1377511038, 51.03
1377511043, 51.03
1377511048, 50.99
1377511053, 51.03
1377511058, 51.03
1377511063, 51.03
1377511068, 51.03
1377511073, 51.03
1377511078, 51.03
1377511083, 51.03
1377511091, 51.03
1377511093, 51.03
1377511098, 51.03
1377511103, 51.03
1377511108, 51.03
1377511113, 51.03
1377511118, 50.99
1377511123, 51.03
1377511128, 50.99
1377511133, 51.03
1377511138, 51.03
1377511143, 51.03
1377511148, 50.99
1377511153, 51.03
1377511158, 51.03
1377511163, 51.03
1377511168, 51.03
1377511173, 50.99
1377511178, 51.03
1377511183, 50.99
1377511188, 51.03
1377511193, 51.03
1377511198, 50.99
1377511203, 51.03
1377511208, 51.03
1377511213, 50.99
1377511218, 50.99
1377511223, 51.03
1377511228, 50.99
1377511233, 51.03
1377511238, 51.03
1377511243, 51.03
1377511248, 51.03
1377511253, 50.99
1377511258, 51.03
1377511263, 50.99
1377511268, 51.03
1377511273, 50.99
1377511278, 50.99
1377511283, 51.03
1377511288, 51.03
1377511293, 51.03
1377511298, 51.03
1377511303, 51.03
1377511308, 51.03
1377511313, 51.03
1377511318, 51.03
1377511323, 50.99
1377511328, 51.03
1377511333, 50.99
1377511338, 51.03
1377511343, 50.99
1377511348, 51.03
1377511353, 50.99
1377511358, 51.03
1377511363, 51.03
1377511368, 51.03
1377511373, 51.03
1377511378, 51.03
1377511383, 50.99
1377511388, 51.03
1377511393, 51.03
1377511398, 50.99
1377511403, 51.03
1377511408, 51.03
1377511413, 51.03
1377511418, 51.03
1377511423, 50.99
1377511428, 51.03
1377511433, 50.99
1377511438, 50.99
1377511443, 51.03
1377511448, 51.03
1377511453, 50.99
1377511458, 50.99
1377511463, 50.99
1377511468, 50.99
1377511473, 50.99
1377511478, 50.99
1377511483, 51.03
1377511488, 51.03
1377511493, 50.99
1377511498, 50.99
1377511503, 50.99
1377511508, 50.99
1377511513, 51.03
1377511518, 51.03
1377511523, 51.03
1377511528, 51.03
1377511533, 50.99
1377511538, 51.03
1377511543, 51.03
1377511548, 51.03
1377511553, 50.99
1377511558, 50.99
1377511563, 51.03
1377511568, 50.99
1377511573, 51.03
1377511578, 50.99
1377511583, 51.03
1377511588, 50.99
1377511593, 50.99
1377511598, 50.99
1377511603, 51.03
1377511608, 50.99
1377511613, 50.99
1377511618, 50.96
1377511623, 50.99
1377511628, 50.99
1377511633, 50.99
1377511638, 50.99
1377511643, 50.99
1377511648, 50.99
1377511653, 51.03
1377511658, 50.99
1377511663, 50.99
1377511668, 50.99
1377511673, 51.03
1377511678, 51.03
1377511683, 50.99
1377511688, 50.99
1377511693, 50.99
1377511698, 50.99
1377511703, 50.99
1377511708, 50.99
1377511713, 50.99
1377511718, 50.99
1377511723, 50.99
1377511728, 51.03
1377511733, 50.99
1377511738, 50.99
1377511743, 50.99
1377511748, 50.99
1377511753, 50.99
1377511758, 50.99
1377511763, 50.99
1377511768, 50.99
1377511773, 50.99
1377511778, 50.99
1377511783, 50.99
1377511788, 50.99
1377511793, 50.99
1377511798, 50.99
1377511803, 50.99
1377511808, 50.99
1377511813, 50.99
1377511818, 50.99
1377511823, 50.99
1377511828, 50.96
1377511833, 50.99
1377511838, 50.99
1377511843, 50.99
1377511848, 50.96
1377511853, 50.96
1377511858, 50.99
1377511863, 50.96
1377511868, 50.99
1377511873, 50.99
1377511878, 50.99
1377511883, 50.99
1377511888, 50.99
1377511893, 50.99
1377511898, 50.99
1377511903, 50.99
1377511908, 50.99
1377511913, 50.99
1377511918, 50.99
1377511923, 50.99
1377511928, 50.99
1377511933, 50.99
1377511938, 50.99
1377511943, 50.99
1377511948, 50.99
1377511953, 50.99
1377511958, 50.99
1377511963, 50.99
1377511968, 50.96
1377511973, 50.99
1377511978, 50.99
1377511983, 50.96
1377511988, 50.99
1377511993, 50.99
1377511998, 50.96
1377512003, 50.99
1377512008, 50.96
1377512013, 51.03
1377512018, 50.99
1377512023, 50.99
1377512028, 50.99
1377512033, 50.96
1377512038, 50.99
1377512043, 50.99
1377512048, 50.99
1377512053, 50.99
1377512058, 50.96
1377512063, 50.99
1377512068, 50.99
1377512073, 50.99
1377512078, 50.99
1377512083, 50.99
1377512088, 50.96
1377512093, 50.99
1377512098, 50.99
1377512103, 50.99
1377512108, 50.99
1377512113, 50.99
1377512118, 50.99
1377512123, 50.99
1377512128, 50.99
1377512133, 50.99
1377512138, 50.99
1377512143, 50.99
1377512148, 50.99
1377512153, 50.99
1377512158, 50.99
1377512163, 50.99
1377512168, 50.99
1377512173, 50.96
1377512178, 50.96
1377512183, 50.99
1377512188, 50.99
1377512193, 50.99
1377512198, 50.99
1377512203, 50.96
1377512208, 50.96
1377512213, 50.99
1377512218, 50.96
1377512223, 50.96
1377512228, 50.96
1377512233, 50.96
1377512238, 50.99
1377512243, 50.96
1377512248, 50.99
1377512253, 50.96
1377512258, 50.99
1377512263, 50.99
1377512268, 50.99
1377512273, 50.99
1377512278, 50.99
1377512283, 50.99
1377512288, 50.96
1377512293, 50.96
1377512298, 50.96
1377512303, 50.96
1377512308, 50.99
1377512313, 50.99
1377512318, 50.99
1377512323, 50.96
1377512328, 50.96
1377512333, 50.96
1377512338, 50.96
1377512343, 50.96
1377512348, 50.96
1377512353, 50.96
1377512358, 50.99
1377512363, 50.99
1377512368, 50.96
1377512373, 50.96
1377512378, 50.99
1377512383, 50.96
1377512388, 50.96
1377512393, 50.96
1377512398, 50.99
1377512403, 50.96
1377512408, 50.96
1377512413, 50.96
1377512418, 50.96
1377512423, 50.96
1377512428, 50.96
1377512433, 50.96
1377512438, 50.96
1377512443, 50.96
1377512448, 50.99
1377512453, 50.96
1377512458, 50.96
1377512463, 50.99
1377512468, 50.96
1377512473, 50.99
1377512478, 50.96
1377512483, 50.96
1377512488, 50.96
1377512493, 50.96
1377512498, 50.96
1377512503, 50.96
1377512508, 50.99
1377512513, 50.99
1377512518, 50.99
1377512523, 50.96
1377512528, 50.99
1377512533, 50.99
1377512538, 50.99
1377512543, 50.96
1377512548, 50.96
1377512553, 50.96
1377512558, 50.99
1377512563, 50.96
1377512568, 50.99
1377512573, 50.96
1377512578, 50.99
1377512583, 50.96
1377512588, 50.96
1377512593, 50.99
1377512598, 50.99
1377512603, 50.99
1377512608, 50.96
1377512613, 50.96
1377512618, 50.99
1377512623, 50.99
1377512628, 50.96
1377512633, 50.99
1377512638, 50.99
1377512643, 50.99
1377512648, 50.99
1377512653, 50.99
1377512658, 50.99
1377512663, 50.99
1377512668, 50.96
1377512673, 50.99
1377512678, 50.99
1377512683, 50.99
1377512688, 50.99
1377512693, 50.99
1377512698, 50.99
1377512703, 50.99
1377512708, 50.96
1377512713, 50.99
1377512718, 50.99
1377512723, 50.96
1377512728, 50.99
1377512733, 50.99
1377512738, 50.99
1377512743, 50.99
1377512748, 50.99
1377512753, 50.99
1377512758, 50.99
1377512763, 50.99
1377512768, 50.96
1377512773, 50.99
1377512778, 50.96
1377512783, 50.99
1377512788, 50.99
1377512793, 50.99
1377512798, 50.96
1377512803, 50.96
1377512808, 50.99
1377512813, 50.99
1377512818, 50.96
1377512823, 50.96
1377512828, 50.99
1377512833, 50.96
1377512838, 50.99
1377512843, 50.96
1377512848, 50.99
1377512853, 50.96
1377512858, 50.99
1377512863, 50.99
1377512868, 50.99
1377512873, 50.99
1377512878, 50.99
1377512883, 50.99
1377512888, 50.99
1377512893, 50.99
1377512898, 50.96
1377512903, 50.99
1377512908, 50.99
1377512913, 50.96
1377512918, 50.96
1377512923, 50.96
1377512928, 50.99
1377512933, 50.99
1377512938, 50.96
1377512943, 50.99
1377512948, 50.96
1377512953, 50.99
1377512958, 50.96
1377512963, 50.99
1377512968, 50.96
1377512973, 50.96
1377512978, 50.99
1377512983, 50.96
1377512988, 50.96
1377512993, 50.96
1377512998, 50.96
1377513003, 50.99
1377513008, 50.96
1377513013, 50.96
1377513018, 50.96
1377513023, 50.99
1377513028, 50.96
1377513033, 50.96
1377513038, 50.96
1377513043, 50.96
1377513048, 50.96
1377513053, 50.99
1377513058, 50.96
1377513063, 50.96
1377513068, 50.96
1377513073, 50.96
1377513078, 50.96
1377513083, 50.96
1377513088, 50.96
1377513093, 50.96
1377513098, 50.99
1377513103, 50.99
1377513108, 50.96
1377513113, 50.96
1377513118, 50.96
1377513123, 50.96
1377513128, 50.96
1377513133, 50.96
1377513138, 50.96
1377513143, 50.96
1377513148, 50.96
1377513153, 50.96
1377513158, 50.96
1377513163, 50.96
1377513168, 50.96
1377513173, 50.96
1377513178, 50.99
1377513183, 50.96
1377513188, 50.96
1377513193, 50.96
1377513198, 50.96
1377513203, 50.96
1377513208, 50.96
1377513213, 50.96
1377513218, 50.96
1377513223, 50.96
1377513228, 50.96
1377513233, 50.96
1377513238, 50.96
1377513243, 50.96
1377513248, 50.99
1377513253, 50.96
1377513258, 50.96
1377513263, 50.96
1377513268, 50.96
1377513273, 50.96
1377513278, 50.96
1377513283, 50.96
1377513288, 50.96
1377513293, 50.93
1377513298, 50.96
1377513303, 50.96
1377513308, 50.96
1377513313, 50.96
1377513318, 50.96
1377513323, 50.96
1377513328, 50.96
1377513333, 50.96
1377513338, 50.96
1377513343, 50.96
1377513348, 50.96
1377513353, 50.96
1377513358, 50.96
1377513363, 50.96
1377513368, 50.96
1377513373, 50.96
1377513378, 50.96
1377513383, 50.96
1377513388, 50.96
1377513393, 50.96
1377513398, 50.96
1377513403, 50.96
1377513408, 50.96
1377513413, 50.96
1377513418, 50.96
1377513423, 50.99
1377513428, 50.96
1377513433, 50.96
1377513438, 50.96
1377513443, 50.96
1377513448, 50.96
1377513453, 50.96
1377513458, 50.96
1377513463, 50.96
1377513468, 50.96
1377513473, 50.96
1377513478, 50.96
1377513483, 50.96
1377513488, 50.96
1377513493, 50.96
1377513498, 50.96
1377513503, 50.96
1377513508, 50.96
1377513513, 50.96
1377513518, 50.96
1377513523, 50.96
1377513528, 50.96
1377513533, 50.96
1377513538, 50.96
1377513543, 50.96
1377513548, 50.96
1377513553, 50.96
1377513558, 50.99
1377513563, 50.96
1377513568, 50.96
1377513573, 50.96
1377513578, 50.96
1377513583, 50.96
1377513588, 50.96
1377513593, 50.96
1377513598, 50.93
1377513603, 50.96
1377513608, 50.96
1377513613, 50.96
1377513621, 50.96
1377513623, 50.96
1377513628, 50.96
1377513633, 50.96
1377513638, 50.96
1377513643, 50.96
1377513648, 50.96
1377513653, 50.96
1377513658, 50.96
1377513663, 50.96
1377513668, 50.96
1377513673, 50.96
1377513678, 50.96
1377513683, 50.96
1377513688, 50.96
1377513693, 50.96
1377513698, 50.96
1377513703, 50.96
1377513708, 50.96
1377513713, 50.96
1377513718, 50.96
1377513723, 50.96
1377513728, 50.96
1377513733, 50.96
1377513738, 50.96
1377513743, 50.96
1377513748, 50.96
1377513753, 50.96
1377513758, 50.96
1377513763, 50.96
1377513768, 50.96
1377513773, 50.96
1377513778, 50.96
1377513783, 50.96
1377513788, 50.96
1377513793, 50.96
1377513798, 50.96
1377513803, 50.96
1377513808, 50.96
1377513813, 50.96
1377513818, 50.96
1377513823, 50.96
1377513828, 50.96
1377513833, 50.96
1377513838, 50.96
1377513843, 50.96
1377513848, 50.96
1377513853, 50.96
1377513858, 50.96
1377513863, 50.96
1377513868, 50.96
1377513873, 50.96
1377513878, 50.96
1377513883, 50.96
1377513888, 50.96
1377513893, 50.96
1377513898, 50.96
1377513903, 50.96
1377513908, 50.96
1377513913, 50.96
1377513918, 50.96
1377513923, 50.96
1377513928, 50.96
1377513933, 50.96
1377513938, 50.96
1377513943, 50.96
1377513948, 50.96
1377513953, 50.96
1377513958, 50.96
1377513963, 50.96
1377513968, 50.96
1377513973, 50.96
1377513978, 50.96
1377513983, 50.96
1377513988, 50.96
1377513993, 50.96
1377513998, 50.96
1377514003, 50.96
1377514008, 50.96
1377514013, 50.96
1377514018, 50.96
1377514023, 50.96
1377514028, 50.96
1377514033, 50.96
1377514038, 50.96
1377514043, 50.96
1377514048, 50.96
1377514053, 50.96
1377514058, 50.96
1377514063, 50.96
1377514068, 50.96
1377514073, 50.96
1377514078, 50.96
1377514083, 50.96
1377514088, 50.96
1377514093, 50.96
1377514098, 50.96
1377514103, 50.96
1377514108, 50.96
1377514113, 50.96
1377514118, 50.96
1377514123, 50.96
1377514128, 50.96
1377514133, 50.96
1377514138, 50.96
1377514143, 50.96
1377514148, 50.96
1377514153, 50.96
1377514158, 50.96
1377514163, 50.96
1377514168, 50.96
1377514173, 50.96
1377514178, 50.96
1377514183, 50.96
1377514188, 50.96
1377514193, 50.96
1377514198, 50.96
1377514203, 50.96
1377514208, 50.96
1377514213, 50.96
1377514218, 50.96
1377514223, 50.96
1377514228, 50.96
1377514233, 50.96
1377514238, 50.96
1377514243, 50.96
1377514248, 50.96
1377514253, 50.96
1377514258, 50.96
1377514263, 50.96
1377514268, 50.96
1377514273, 50.96
1377514278, 50.96
1377514283, 50.96
1377514288, 50.96
1377514293, 50.96
1377514298, 50.96
1377514303, 50.96
1377514308, 50.96
1377514313, 50.96
1377514318, 50.96
1377514323, 50.96
1377514328, 50.96
1377514333, 50.96
1377514338, 50.96
1377514343, 50.96
1377514348, 50.96
1377514353, 50.96
1377514358, 50.96
1377514363, 50.96
1377514368, 50.96
1377514373, 50.96
1377514378, 50.96
1377514383, 50.96
1377514388, 50.96
1377514393, 50.96
1377514398, 50.96
1377514403, 50.96
1377514408, 50.96
1377514413, 50.96
1377514418, 50.96
1377514423, 50.96
1377514428, 50.96
1377514433, 50.96
1377514438, 50.96
1377514443, 50.96
1377514448, 50.96
1377514455, 50.96
1377514458, 50.96
1377514463, 50.96
1377514468, 50.96
1377514473, 50.96
1377514478, 50.96
1377514483, 50.96
1377514488, 50.96
1377514493, 50.96
1377514498, 50.96
1377514503, 50.96
1377514508, 50.96
1377514513, 50.96
1377514518, 50.96
1377514523, 50.96
1377514528, 50.96
1377514533, 50.96
1377514538, 50.96
1377514543, 50.96
1377514548, 50.96
1377514553, 50.96
1377514558, 50.96
1377514563, 50.96
1377514568, 50.96
1377514573, 50.96
1377514578, 50.96
1377514583, 50.96
1377514588, 50.96
1377514593, 50.96
1377514598, 50.96
1377514603, 50.96
1377514608, 50.96
1377514613, 50.96
1377514618, 50.96
1377514623, 50.96
1377514628, 50.96
1377514633, 50.96
1377514638, 50.96
1377514643, 50.96
1377514648, 50.96
1377514653, 50.96
1377514658, 50.96
1377514663, 50.96
1377514668, 50.96
1377514673, 50.96
1377514678, 50.96
1377514683, 50.96
1377514688, 50.96
1377514693, 50.96
1377514698, 50.96
1377514703, 50.96
1377514708, 50.96
1377514713, 50.96
1377514718, 50.96
1377514723, 50.96
1377514728, 50.96
1377514733, 50.96
1377514738, 50.96
1377514743, 50.96
1377514748, 50.96
1377514753, 50.96
1377514758, 50.96
1377514763, 50.96
1377514768, 50.96
1377514773, 50.96
1377514778, 50.96
1377514783, 50.96
1377514788, 50.96
1377514793, 50.96
1377514798, 50.96
1377514803, 50.93
1377514808, 50.93
1377514813, 50.93
1377514818, 50.93
1377514823, 50.93
1377514828, 50.96
1377514833, 50.93
1377514838, 50.93
1377514843, 50.96
1377514848, 50.96
1377514853, 50.93
1377514858, 50.93
1377514863, 50.93
1377514868, 50.96
1377514873, 50.96
1377514878, 50.93
1377514883, 50.93
1377514888, 50.93
1377514893, 50.93
1377514898, 50.93
1377514903, 50.93
1377514908, 50.96
1377514913, 50.93
1377514918, 50.93
1377514923, 50.93
1377514928, 50.93
1377514933, 50.93
1377514938, 50.93
1377514943, 50.93
1377514948, 50.93
1377514953, 50.93
1377514958, 50.93
1377514963, 50.93
1377514968, 50.93
1377514973, 50.93
1377514978, 50.93
1377514983, 50.93
1377514988, 50.93
1377514993, 50.93
1377514998, 50.93
1377515003, 50.93
1377515008, 50.93
1377515013, 50.93
1377515018, 50.93
1377515023, 50.93
1377515028, 50.93
1377515033, 50.93
1377515038, 50.93
1377515043, 50.90
1377515048, 50.93
1377515053, 50.90
1377515058, 50.90
1377515063, 50.93
1377515068, 50.90
1377515073, 50.93
1377515078, 50.93
1377515083, 50.93
1377515088, 50.90
1377515093, 50.93
1377515098, 50.93
1377515103, 50.90
1377515108, 50.93
1377515113, 50.90
1377515118, 50.90
1377515123, 50.93
1377515128, 50.93
1377515133, 50.90
1377515138, 50.90
1377515143, 50.90
1377515148, 50.93
1377515153, 50.93
1377515158, 50.93
1377515163, 50.90
1377515168, 50.93
1377515173, 50.90
1377515178, 50.93
1377515183, 50.90
1377515188, 50.90
1377515193, 50.90
1377515198, 50.90
1377515203, 50.90
1377515208, 50.93
1377515213, 50.90
1377515218, 50.90
1377515223, 50.90
1377515228, 50.90
1377515233, 50.93
1377515238, 50.90
1377515243, 50.90
1377515248, 50.93
1377515253, 50.93
1377515258, 50.90
1377515263, 50.90
1377515268, 50.90
1377515273, 50.90
1377515278, 50.90
1377515283, 50.93
1377515288, 50.90
1377515295, 50.90
1377515298, 50.90
1377515303, 50.90
1377515308, 50.90
1377515313, 50.93
1377515318, 50.90
1377515323, 50.90
1377515328, 50.90
1377515333, 50.90
1377515338, 50.90
1377515343, 50.90
1377515348, 50.90
1377515353, 50.90
1377515358, 50.90
1377515363, 50.90
1377515368, 50.90
1377515373, 50.90
1377515378, 50.90
1377515383, 50.90
1377515388, 50.90
1377515393, 50.90
1377515398, 50.90
1377515403, 50.90
1377515408, 50.90
1377515413, 50.90
1377515418, 50.90
1377515423, 50.90
1377515428, 50.90
1377515433, 50.90
1377515438, 50.90
1377515443, 50.90
1377515448, 50.90
1377515453, 50.90
1377515458, 50.90
1377515463, 50.90
1377515468, 50.90
1377515473, 50.90
1377515478, 50.90
1377515483, 50.90
1377515488, 50.90
1377515493, 50.90
1377515498, 50.90
1377515503, 50.90
1377515508, 50.90
1377515513, 50.90
1377515518, 50.90
1377515523, 50.90
1377515528, 50.90
1377515533, 50.90
1377515538, 50.90
1377515543, 50.90
1377515548, 50.90
1377515553, 50.90
1377515558, 50.90
1377515563, 50.90
1377515568, 50.90
1377515573, 50.90
1377515578, 50.90
1377515583, 50.90
1377515588, 50.90
1377515593, 50.90
1377515598, 50.90
1377515603, 50.90
1377515608, 50.90
1377515613, 50.90
1377515618, 50.87
1377515623, 50.90
1377515628, 50.90
1377515633, 50.90
1377515638, 50.90
1377515643, 50.90
1377515648, 50.90
1377515653, 50.90
1377515658, 50.90
1377515663, 50.90
1377515668, 50.90
1377515673, 50.90
1377515678, 50.90
1377515683, 50.87
1377515688, 50.90
1377515693, 50.90
1377515698, 50.90
1377515703, 50.90
1377515708, 50.90
1377515713, 50.87
1377515718, 50.90
1377515723, 50.90
1377515728, 50.87
1377515733, 50.90
1377515738, 50.90
1377515743, 50.87
1377515748, 50.90
1377515753, 50.87
1377515758, 50.90
1377515763, 50.87
1377515768, 50.90
1377515773, 50.90
1377515778, 50.87
1377515783, 50.90
1377515788, 50.87
1377515793, 50.87
1377515798, 50.87
1377515803, 50.87
1377515808, 50.87
1377515813, 50.87
1377515818, 50.90
1377515823, 50.87
1377515828, 50.87
1377515833, 50.87
1377515838, 50.90
1377515843, 50.87
1377515848, 50.87
1377515853, 50.87
1377515858, 50.87
1377515863, 50.87
1377515868, 50.90
1377515873, 50.87
1377515878, 50.87
1377515883, 50.87
1377515888, 50.90
1377515893, 50.87
1377515898, 50.87
1377515903, 50.87
1377515908, 50.90
1377515913, 50.87
1377515918, 50.90
1377515923, 50.87
1377515928, 50.87
1377515933, 50.87
1377515938, 50.87
1377515943, 50.90
1377515948, 50.90
1377515953, 50.87
1377515958, 50.87
1377515963, 50.87
1377515968, 50.87
1377515973, 50.83
1377515978, 50.87
1377515983, 50.90
1377515988, 50.87
1377515993, 50.87
1377515998, 50.87
1377516003, 50.87
1377516008, 50.83
1377516013, 50.87
1377516018, 50.87
1377516023, 50.87
1377516028, 50.87
1377516033, 50.87
1377516038, 50.87
1377516043, 50.87
1377516048, 50.87
1377516053, 50.87
1377516058, 50.87
1377516063, 50.87
1377516068, 50.83
1377516073, 50.87
1377516078, 50.83
1377516083, 50.87
1377516088, 50.83
1377516093, 50.87
1377516098, 50.83
1377516103, 50.83
1377516108, 50.83
1377516113, 50.83
1377516118, 50.83
1377516123, 50.87
1377516128, 50.83
1377516133, 50.83
1377516140, 50.83
1377516143, 50.87
1377516148, 50.87
1377516153, 50.83
1377516158, 50.83
1377516163, 50.87
1377516168, 50.83
1377516173, 50.83
1377516178, 50.83
1377516183, 50.83
1377516188, 50.83
1377516193, 50.83
1377516198, 50.83
1377516203, 50.83
1377516208, 50.83
1377516213, 50.83
1377516218, 50.83
1377516223, 50.83
1377516228, 50.83
1377516233, 50.83
1377516238, 50.83
1377516243, 50.83
1377516248, 50.83
1377516253, 50.83
1377516258, 50.83
1377516263, 50.83
1377516268, 50.87
1377516273, 50.83
1377516278, 50.83
1377516283, 50.87
1377516288, 50.83
1377516293, 50.83
1377516298, 50.83
1377516303, 50.83
1377516308, 50.83
1377516313, 50.83
1377516318, 50.83
1377516323, 50.83
1377516328, 50.83
1377516333, 50.83
1377516338, 50.83
1377516343, 50.83
1377516348, 50.83
1377516353, 50.83
1377516358, 50.83
1377516363, 50.83
1377516368, 50.83
1377516373, 50.83
1377516378, 50.83
1377516383, 50.83
1377516388, 50.83
1377516393, 50.83
1377516398, 50.83
1377516403, 50.80
1377516408, 50.83
1377516413, 50.83
1377516418, 50.83
1377516423, 50.83
1377516428, 50.83
1377516433, 50.83
1377516438, 50.80
1377516443, 50.83
1377516448, 50.80
1377516453, 50.83
1377516458, 50.80
1377516463, 50.80
1377516468, 50.83
1377516473, 50.83
1377516478, 50.77
1377516483, 50.80
1377516488, 50.83
1377516493, 50.80
1377516498, 50.80
1377516503, 50.80
1377516508, 50.83
1377516513, 50.80
1377516518, 50.80
1377516523, 50.80
1377516528, 50.80
1377516533, 50.80
1377516538, 50.77
1377516543, 50.77
1377516548, 50.80
1377516553, 50.80
1377516558, 50.80
1377516563, 50.80
1377516568, 50.80
1377516573, 50.77
1377516578, 50.77
1377516583, 50.80
1377516588, 50.77
1377516593, 50.80
1377516598, 50.80
1377516603, 50.80
1377516608, 50.80
1377516613, 50.77
1377516618, 50.77
1377516623, 50.77
1377516628, 50.77
1377516633, 50.80
1377516638, 50.80
1377516643, 50.77
1377516648, 50.80
1377516653, 50.77
1377516658, 50.77
1377516663, 50.77
1377516668, 50.77
1377516673, 50.77
1377516678, 50.80
1377516683, 50.77
1377516688, 50.80
1377516693, 50.77
1377516698, 50.77
1377516703, 50.77
1377516708, 50.77
1377516713, 50.77
1377516718, 50.77
1377516723, 50.77
1377516728, 50.77
1377516733, 50.77
1377516738, 50.77
1377516743, 50.77
1377516748, 50.77
1377516753, 50.77
1377516758, 50.77
1377516763, 50.77
1377516768, 50.77
1377516773, 50.77
1377516778, 50.77
1377516783, 50.77
1377516788, 50.80
1377516793, 50.77
1377516798, 50.77
1377516803, 50.77
1377516808, 50.77
1377516813, 50.77
1377516818, 50.77
1377516823, 50.77
1377516828, 50.77
1377516833, 50.77
1377516838, 50.77
1377516843, 50.77
1377516848, 50.77
1377516853, 50.77
1377516858, 50.77
1377516863, 50.77
1377516868, 50.77
1377516873, 50.77
1377516878, 50.77
1377516883, 50.77
1377516888, 50.77
1377516893, 50.77
1377516898, 50.77
1377516903, 50.77
1377516908, 50.77
1377516913, 50.77
1377516918, 50.77
1377516923, 50.77
1377516928, 50.77
1377516933, 50.77
1377516938, 50.77
1377516943, 50.77
1377516948, 50.77
1377516953, 50.77
1377516958, 50.77
1377516963, 50.77
1377516968, 50.77
1377516973, 50.77
1377516978, 50.77
1377516983, 50.77
1377516988, 50.77
1377516993, 50.77
1377516998, 50.77
1377517003, 50.77
1377517008, 50.77
1377517013, 50.77
1377517018, 50.77
1377517023, 50.77
1377517028, 50.77
1377517033, 50.77
1377517038, 50.77
1377517043, 50.77
1377517048, 50.77
1377517053, 50.77
1377517058, 50.77
1377517063, 50.77
1377517068, 50.77
1377517073, 50.77
1377517078, 50.77
1377517083, 50.77
1377517088, 50.77
1377517093, 50.77
1377517098, 50.77
1377517103, 50.77
1377517108, 50.77
1377517113, 50.77
1377517118, 50.77
1377517123, 50.77
1377517128, 50.77
1377517133, 50.77
1377517138, 50.77
1377517143, 50.77
1377517148, 50.77
1377517153, 50.77
1377517158, 50.77
1377517163, 50.77
1377517168, 50.77
1377517173, 50.77
1377517178, 50.77
1377517183, 50.77
1377517188, 50.77
1377517193, 50.77
1377517198, 50.77
1377517203, 50.77
1377517208, 50.77
1377517213, 50.77
1377517218, 50.77
1377517223, 50.77
1377517228, 50.77
1377517233, 50.77
1377517238, 50.77
1377517243, 50.77
1377517248, 50.77
1377517253, 50.77
1377517258, 50.80
1377517263, 50.77
1377517268, 50.77
1377517273, 50.77
1377517278, 50.77
1377517283, 50.77
1377517288, 50.77
1377517293, 50.80
1377517298, 50.77
1377517303, 50.77
1377517308, 50.77
1377517313, 50.77
1377517318, 50.77
1377517323, 50.77
1377517328, 50.77
1377517333, 50.77
1377517338, 50.77
1377517343, 50.77
1377517348, 50.77
1377517353, 50.77
1377517358, 50.77
1377517363, 50.77
1377517368, 50.77
1377517373, 50.77
1377517378, 50.77
1377517383, 50.77
1377517388, 50.77
1377517393, 50.77
1377517398, 50.77
1377517403, 50.80
1377517408, 50.80
1377517413, 50.77
1377517418, 50.77
1377517423, 50.77
1377517428, 50.77
1377517433, 50.77
1377517438, 50.77
1377517443, 50.77
1377517448, 50.77
1377517453, 50.77
1377517458, 50.77
1377517463, 50.77
1377517468, 50.77
1377517473, 50.77
1377517478, 50.77
1377517483, 50.77
1377517488, 50.77
1377517493, 50.77
1377517498, 50.77
1377517503, 50.77
1377517508, 50.77
1377517513, 50.77
1377517518, 50.77
1377517523, 50.77
1377517528, 50.77
1377517533, 50.77
1377517538, 50.77
1377517543, 50.77
1377517548, 50.77
1377517553, 50.77
1377517558, 50.77
1377517563, 50.77
1377517568, 50.77
1377517573, 50.77
1377517578, 50.77
1377517583, 50.77
1377517588, 50.77
1377517593, 50.77
1377517598, 50.77
1377517603, 50.77
1377517608, 50.77
1377517613, 50.77
1377517618, 50.77
1377517623, 50.77
1377517628, 50.77
1377517633, 50.77
1377517638, 50.74
1377517643, 50.77
1377517648, 50.77
1377517653, 50.77
1377517658, 50.74
1377517663, 50.77
1377517668, 50.77
1377517673, 50.77
1377517678, 50.77
1377517683, 50.77
1377517688, 50.77
1377517693, 50.77
1377517698, 50.77
1377517703, 50.77
1377517708, 50.77
1377517713, 50.77
1377517718, 50.74
1377517723, 50.77
1377517728, 50.77
1377517733, 50.77
1377517738, 50.77
1377517743, 50.74
1377517748, 50.77
1377517753, 50.77
1377517758, 50.77
1377517763, 50.74
1377517768, 50.77
1377517773, 50.77
1377517778, 50.77
1377517783, 50.77
1377517788, 50.77
1377517793, 50.74
1377517798, 50.77
1377517803, 50.77
1377517808, 50.77
1377517813, 50.77
1377517818, 50.77
1377517823, 50.77
1377517828, 50.77
1377517833, 50.77
1377517838, 50.77
1377517843, 50.77
1377517848, 50.77
1377517853, 50.74
1377517858, 50.77
1377517863, 50.77
1377517868, 50.77
1377517873, 50.77
1377517878, 50.77
1377517883, 50.74
1377517891, 50.74
1377517893, 50.77
1377517898, 50.74
1377517903, 50.74
1377517908, 50.77
1377517913, 50.77
1377517918, 50.77
1377517923, 50.77
1377517928, 50.77
1377517933, 50.77
1377517938, 50.77
1377517943, 50.77
1377517948, 50.74
1377517953, 50.77
1377517958, 50.74
1377517963, 50.77
1377517968, 50.74
1377517973, 50.77
1377517978, 50.77
1377517983, 50.77
1377517988, 50.74
1377517993, 50.77
1377517998, 50.74
1377518003, 50.74
1377518008, 50.77
1377518013, 50.77
1377518018, 50.74
1377518023, 50.74
1377518028, 50.77
1377518033, 50.77
1377518038, 50.77
1377518043, 50.74
1377518048, 50.77
1377518053, 50.77
1377518058, 50.77
1377518063, 50.74
1377518068, 50.74
1377518073, 50.77
1377518078, 50.77
1377518083, 50.74
1377518088, 50.74
1377518093, 50.77
1377518098, 50.77
1377518103, 50.77
1377518108, 50.77
1377518113, 50.77
1377518118, 50.77
1377518123, 50.74
1377518128, 50.77
1377518133, 50.74
1377518138, 50.77
1377518143, 50.77
1377518148, 50.77
1377518153, 50.74
1377518158, 50.77
1377518163, 50.77
1377518168, 50.77
1377518173, 50.77
1377518178, 50.74
1377518183, 50.74
1377518188, 50.77
1377518193, 50.74
1377518198, 50.77
1377518203, 50.74
1377518208, 50.77
1377518213, 50.77
1377518218, 50.74
1377518223, 50.77
1377518228, 50.77
1377518233, 50.74
1377518238, 50.77
1377518243, 50.74
1377518248, 50.77
1377518253, 50.77
1377518258, 50.74
1377518263, 50.74
1377518268, 50.77
1377518273, 50.77
1377518278, 50.77
1377518283, 50.77
1377518288, 50.77
1377518293, 50.77
1377518298, 50.77
1377518303, 50.74
1377518308, 50.77
1377518313, 50.77
1377518318, 50.77
1377518323, 50.77
1377518328, 50.74
1377518333, 50.77
1377518338, 50.77
1377518343, 50.74
1377518348, 50.74
1377518353, 50.77
1377518358, 50.77
1377518363, 50.74
1377518368, 50.74
1377518373, 50.74
1377518378, 50.74
1377518383, 50.74
1377518388, 50.74
1377518393, 50.77
1377518398, 50.77
1377518403, 50.74
1377518408, 50.74
1377518413, 50.77
1377518418, 50.77
1377518423, 50.77
1377518428, 50.77
1377518433, 50.74
1377518438, 50.77
1377518443, 50.77
1377518448, 50.77
1377518453, 50.74
1377518458, 50.77
1377518463, 50.77
1377518468, 50.77
1377518473, 50.77
1377518478, 50.77
1377518483, 50.74
1377518488, 50.74
1377518493, 50.77
1377518498, 50.74
1377518503, 50.77
1377518508, 50.77
1377518513, 50.77
1377518518, 50.77
1377518523, 50.77
1377518528, 50.74
1377518533, 50.77
1377518538, 50.77
1377518543, 50.74
1377518548, 50.77
1377518553, 50.74
1377518558, 50.77
1377518563, 50.74
1377518568, 50.74
1377518573, 50.77
1377518578, 50.77
1377518583, 50.77
1377518588, 50.77
1377518593, 50.74
1377518598, 50.77
1377518603, 50.77
1377518608, 50.77
1377518613, 50.77
1377518618, 50.77
1377518623, 50.77
1377518628, 50.77
1377518633, 50.77
1377518638, 50.77
1377518643, 50.77
1377518648, 50.77
1377518653, 50.77
1377518658, 50.77
1377518663, 50.77
1377518668, 50.77
1377518673, 50.77
1377518678, 50.77
1377518686, 50.77
1377518688, 50.77
1377518693, 50.77
1377518698, 50.77
1377518703, 50.77
1377518708, 50.77
1377518713, 50.77
1377518718, 50.77
1377518723, 50.77
1377518728, 50.77
1377518733, 50.77
1377518738, 50.77
1377518743, 50.80
1377518748, 50.77
1377518753, 50.77
1377518758, 50.77
1377518763, 50.77
1377518768, 50.77
1377518773, 50.77
1377518778, 50.77
1377518783, 50.77
1377518788, 50.77
1377518793, 50.77
1377518798, 50.77
1377518803, 50.77
1377518808, 50.77
1377518813, 50.77
1377518818, 50.77
1377518823, 50.77
1377518828, 50.77
1377518833, 50.77
1377518838, 50.77
1377518843, 50.80
1377518848, 50.77
1377518853, 50.77
1377518858, 50.80
1377518863, 50.80
1377518868, 50.77
1377518873, 50.80
1377518878, 50.77
1377518883, 50.80
1377518888, 50.77
1377518893, 50.77
1377518898, 50.77
1377518903, 50.80
1377518908, 50.80
1377518913, 50.77
1377518918, 50.80
1377518923, 50.77
1377518928, 50.80
1377518933, 50.77
1377518938, 50.80
1377518943, 50.77
1377518948, 50.77
1377518953, 50.80
1377518958, 50.80
1377518963, 50.77
1377518968, 50.77
1377518973, 50.80
1377518978, 50.80
1377518983, 50.77
1377518988, 50.80
1377518993, 50.80
1377518998, 50.77
1377519003, 50.77
1377519008, 50.80
1377519013, 50.77
1377519018, 50.77
1377519023, 50.80
1377519028, 50.77
1377519033, 50.77
1377519038, 50.80
1377519043, 50.80
1377519048, 50.80
1377519053, 50.80
1377519058, 50.80
1377519063, 50.80
1377519068, 50.80
1377519073, 50.80
1377519078, 50.80
1377519083, 50.80
1377519088, 50.80
1377519093, 50.80
1377519098, 50.80
1377519103, 50.77
1377519108, 50.80
1377519113, 50.80
1377519118, 50.80
1377519123, 50.80
1377519128, 50.77
1377519133, 50.80
1377519138, 50.80
1377519143, 50.83
1377519148, 50.80
1377519153, 50.80
1377519158, 50.80
1377519163, 50.80
1377519168, 50.80
1377519173, 50.80
1377519178, 50.80
1377519183, 50.80
1377519188, 50.80
1377519193, 50.80
1377519198, 50.83
1377519203, 50.77
1377519208, 50.83
1377519213, 50.80
1377519218, 50.80
1377519223, 50.83
1377519228, 50.80
1377519233, 50.83
1377519238, 50.80
1377519243, 50.80
1377519248, 50.80
1377519253, 50.83
1377519258, 50.83
1377519263, 50.80
1377519268, 50.83
1377519273, 50.80
1377519278, 50.80
1377519283, 50.83
1377519288, 50.80
1377519293, 50.83
1377519298, 50.80
1377519303, 50.80
1377519308, 50.83
1377519313, 50.83
1377519318, 50.83
1377519323, 50.80
1377519328, 50.83
1377519333, 50.83
1377519338, 50.83
1377519343, 50.83
1377519348, 50.80
1377519353, 50.83
1377519358, 50.83
1377519363, 50.83
1377519368, 50.83
1377519373, 50.83
1377519378, 50.83
1377519383, 50.83
1377519388, 50.83
1377519393, 50.83
1377519398, 50.80
1377519403, 50.83
1377519408, 50.83
1377519413, 50.83
1377519418, 50.83
1377519423, 50.83
1377519428, 50.83
1377519433, 50.83
1377519438, 50.83
1377519443, 50.83
1377519448, 50.80
1377519453, 50.83
1377519458, 50.83
1377519463, 50.83
1377519468, 50.83
1377519473, 50.83
1377519478, 50.83
1377519483, 50.83
1377519488, 50.80
1377519493, 50.83
1377519498, 50.83
1377519503, 50.83
1377519508, 50.83
1377519513, 50.83
1377519521, 50.83
1377519523, 50.83
1377519528, 50.83
1377519533, 50.83
1377519538, 50.83
1377519543, 50.83
1377519548, 50.83
1377519553, 50.83
1377519558, 50.83
1377519563, 50.83
1377519568, 50.83
1377519573, 50.83
1377519578, 50.83
1377519583, 50.83
1377519588, 50.83
1377519593, 50.83
1377519598, 50.83
1377519603, 50.83
1377519608, 50.80
1377519613, 50.83
1377519618, 50.83
1377519623, 50.83
1377519628, 50.83
1377519633, 50.83
1377519638, 50.83
1377519643, 50.83
1377519648, 50.83
1377519653, 50.83
1377519658, 50.83
1377519663, 50.83
1377519668, 50.83
1377519673, 50.83
1377519678, 50.83
1377519683, 50.83
1377519688, 50.83
1377519693, 50.83
1377519698, 50.83
1377519703, 50.83
1377519708, 50.83
1377519713, 50.83
1377519718, 50.83
1377519723, 50.83
1377519728, 50.83
1377519733, 50.83
1377519738, 50.83
1377519743, 50.83
1377519748, 50.83
1377519753, 50.83
1377519758, 50.83
1377519763, 50.83
1377519768, 50.83
1377519773, 50.83
1377519778, 50.83
1377519783, 50.83
1377519788, 50.83
1377519793, 50.83
1377519798, 50.83
1377519803, 50.83
1377519808, 50.83
1377519813, 50.83
1377519818, 50.83
1377519823, 50.83
1377519828, 50.83
1377519833, 50.83
1377519838, 50.83
1377519843, 50.83
1377519848, 50.83
1377519853, 50.83
1377519858, 50.83
1377519863, 50.83
1377519868, 50.83
1377519873, 50.83
1377519878, 50.83
1377519883, 50.83
1377519888, 50.83
1377519893, 50.83
1377519898, 50.83
1377519903, 50.83
1377519908, 50.83
1377519913, 50.83
1377519918, 50.83
1377519923, 50.83
1377519928, 50.83
1377519933, 50.83
1377519938, 50.83
1377519943, 50.83
1377519948, 50.83
1377519953, 50.83
1377519958, 50.83
1377519963, 50.83
1377519968, 50.83
1377519973, 50.83
1377519978, 50.83
1377519983, 50.83
1377519988, 50.83
1377519993, 50.83
1377519998, 50.83
1377520008, 50.83
1377520018, 50.83
1377520023, 50.83
1377520028, 50.83
1377520033, 50.83
1377520038, 50.83
1377520043, 50.83
1377520048, 50.83
1377520053, 50.83
1377520058, 50.83
1377520063, 50.80
1377520068, 50.83
1377520073, 50.83
1377520078, 50.83
1377520083, 50.83
1377520093, 50.83
1377520098, 50.83
1377520108, 50.80
1377520113, 50.83
1377520118, 50.83
1377520123, 50.80
1377520128, 50.83
1377520133, 50.83
1377520138, 50.83
1377520143, 50.83
1377520148, 50.83
1377520153, 50.80
1377520158, 50.83
1377520163, 50.83
1377520168, 50.83
1377520173, 50.83
1377520178, 50.83
1377520188, 50.80
1377520193, 50.83
1377520198, 50.83
1377520208, 50.83
1377520218, 50.83
1377520223, 50.83
1377520228, 50.80
1377520233, 50.83
1377520238, 50.83
1377520243, 50.80
1377520248, 50.83
1377520253, 50.80
1377520258, 50.80
1377520268, 50.83
1377520278, 50.83
1377520283, 50.83
1377520288, 50.83
1377520293, 50.80
1377520298, 50.83
1377520303, 50.83
1377520308, 50.80
1377520313, 50.80
1377520318, 50.80
1377520323, 50.80
1377520328, 50.83
1377520333, 50.83
1377520338, 50.83
1377520343, 50.80
1377520348, 50.80
1377520353, 50.83
1377520358, 50.80
1377520363, 50.80
1377520368, 50.83
1377520373, 50.83
1377520378, 50.83
1377520383, 50.80
1377520388, 50.83
1377520393, 50.83
1377520398, 50.83
1377520403, 50.83
1377520408, 50.80
1377520413, 50.83
1377520418, 50.77
1377520423, 50.83
1377520428, 50.80
1377520433, 50.80
1377520438, 50.83
1377520443, 50.80
1377520448, 50.83
1377520453, 50.83
1377520460, 50.80
1377520463, 50.80
1377520468, 50.83
1377520473, 50.83
1377520478, 50.80
1377520483, 50.80
1377520488, 50.83
1377520493, 50.80
1377520498, 50.80
1377520503, 50.83
1377520508, 50.83
1377520513, 50.83
1377520518, 50.83
1377520523, 50.80
1377520528, 50.83
1377520533, 50.83
1377520538, 50.83
1377520543, 50.80
1377520548, 50.80
1377520553, 50.83
1377520558, 50.80
1377520563, 50.83
1377520568, 50.83
1377520573, 50.80
1377520578, 50.80
1377520583, 50.80
1377520588, 50.83
1377520593, 50.80
1377520598, 50.83
1377520603, 50.83
1377520608, 50.80
1377520613, 50.83
1377520618, 50.83
1377520623, 50.83
1377520628, 50.83
1377520633, 50.80
1377520638, 50.80
1377520643, 50.83
1377520648, 50.80
1377520653, 50.80
1377520658, 50.83
1377520663, 50.80
1377520668, 50.83
1377520673, 50.83
1377520678, 50.80
1377520683, 50.80
1377520688, 50.80
1377520693, 50.80
1377520698, 50.83
1377520703, 50.80
1377520708, 50.80
1377520713, 50.83
1377520718, 50.83
1377520723, 50.83
1377520728, 50.80
1377520733, 50.80
1377520738, 50.83
1377520743, 50.80
1377520748, 50.83
1377520753, 50.80
1377520758, 50.83
1377520763, 50.83
1377520768, 50.80
1377520773, 50.83
1377520778, 50.83
1377520783, 50.83
1377520788, 50.80
1377520793, 50.83
1377520798, 50.80
1377520803, 50.83
1377520808, 50.83
1377520813, 50.80
1377520818, 50.83
1377520823, 50.80
1377520828, 50.80
1377520833, 50.83
1377520838, 50.80
1377520843, 50.83
1377520848, 50.83
1377520853, 50.83
1377520858, 50.83
1377520863, 50.83
1377520868, 50.80
1377520873, 50.80
1377520878, 50.83
1377520883, 50.83
1377520888, 50.83
1377520893, 50.83
1377520898, 50.80
1377520903, 50.83
1377520908, 50.80
1377520913, 50.80
1377520918, 50.83
1377520923, 50.83
1377520928, 50.83
1377520933, 50.83
1377520938, 50.80
1377520943, 50.80
1377520948, 50.80
1377520953, 50.83
1377520958, 50.80
1377520963, 50.80
1377520968, 50.83
1377520973, 50.83
1377520978, 50.80
1377520983, 50.83
1377520988, 50.80
1377520993, 50.80
1377520998, 50.80
1377521003, 50.83
1377521008, 50.83
1377521013, 50.83
1377521018, 50.83
1377521023, 50.83
1377521028, 50.80
1377521033, 50.83
1377521038, 50.83
1377521043, 50.83
1377521048, 50.83
1377521053, 50.83
1377521058, 50.83
1377521063, 50.83
1377521068, 50.83
1377521073, 50.80
1377521078, 50.83
1377521083, 50.80
1377521088, 50.83
1377521093, 50.80
1377521098, 50.83
1377521103, 50.83
1377521108, 50.83
1377521113, 50.83
1377521118, 50.83
1377521123, 50.83
1377521128, 50.83
1377521133, 50.83
1377521138, 50.83
1377521143, 50.83
1377521148, 50.83
1377521153, 50.83
1377521158, 50.83
1377521163, 50.83
1377521168, 50.83
1377521173, 50.83
1377521178, 50.83
1377521183, 50.83
1377521188, 50.83
1377521193, 50.83
1377521198, 50.83
1377521203, 50.83
1377521208, 50.83
1377521213, 50.83
1377521218, 50.83
1377521223, 50.83
1377521228, 50.83
1377521233, 50.83
1377521238, 50.83
1377521243, 50.83
1377521248, 50.83
1377521253, 50.83
1377521258, 50.83
1377521263, 50.83
1377521271, 50.83
1377521273, 50.83
1377521278, 50.83
1377521283, 50.83
1377521288, 50.83
1377521293, 50.83
1377521298, 50.83
1377521303, 50.83
1377521308, 50.83
1377521313, 50.83
1377521318, 50.83
1377521323, 50.83
1377521328, 50.83
1377521333, 50.83
1377521338, 50.83
1377521343, 50.83
1377521348, 50.83
1377521353, 50.83
1377521358, 50.83
1377521363, 50.83
1377521368, 50.83
1377521373, 50.83
1377521378, 50.83
1377521383, 50.83
1377521388, 50.83
1377521393, 50.83
1377521398, 50.83
1377521403, 50.83
1377521408, 50.83
1377521413, 50.83
1377521418, 50.83
1377521423, 50.83
1377521428, 50.83
1377521433, 50.83
1377521438, 50.87
1377521443, 50.83
1377521448, 50.83
1377521453, 50.83
1377521458, 50.87
1377521463, 50.87
1377521468, 50.83
1377521473, 50.83
1377521478, 50.87
1377521483, 50.87
1377521488, 50.83
1377521493, 50.87
1377521498, 50.83
1377521503, 50.83
1377521508, 50.83
1377521513, 50.83
1377521518, 50.83
1377521523, 50.83
1377521528, 50.83
1377521533, 50.83
1377521538, 50.87
1377521543, 50.87
1377521548, 50.83
1377521553, 50.83
1377521558, 50.87
1377521563, 50.83
1377521568, 50.87
1377521573, 50.87
1377521578, 50.83
1377521583, 50.83
1377521588, 50.83
1377521593, 50.87
1377521598, 50.83
1377521603, 50.83
1377521608, 50.87
1377521613, 50.83
1377521618, 50.83
1377521623, 50.87
1377521628, 50.87
1377521633, 50.83
1377521638, 50.83
1377521643, 50.87
1377521648, 50.87
1377521653, 50.87
1377521658, 50.87
1377521663, 50.87
1377521668, 50.87
1377521673, 50.87
1377521678, 50.83
1377521683, 50.87
1377521688, 50.90
1377521693, 50.87
1377521698, 50.87
1377521703, 50.87
1377521708, 50.90
1377521713, 50.90
1377521718, 50.87
1377521723, 50.87
1377521728, 50.87
1377521733, 50.87
1377521738, 50.83
1377521743, 50.87
1377521748, 50.87
1377521753, 50.87
1377521758, 50.87
1377521763, 50.90
1377521768, 50.87
1377521773, 50.87
1377521778, 50.87
1377521783, 50.87
1377521788, 50.90
1377521793, 50.87
1377521798, 50.87
1377521803, 50.87
1377521808, 50.87
1377521813, 50.90
1377521818, 50.87
1377521823, 50.87
1377521828, 50.87
1377521833, 50.87
1377521838, 50.87
1377521843, 50.90
1377521848, 50.87
1377521853, 50.90
1377521858, 50.83
1377521863, 50.90
1377521868, 50.87
1377521873, 50.90
1377521878, 50.90
1377521883, 50.90
1377521888, 50.90
1377521893, 50.90
1377521898, 50.90
1377521903, 50.90
1377521908, 50.87
1377521913, 50.90
1377521918, 50.87
1377521923, 50.90
1377521928, 50.90
1377521933, 50.90
1377521938, 50.90
1377521943, 50.90
1377521948, 50.90
1377521953, 50.90
1377521958, 50.90
1377521963, 50.90
1377521968, 50.90
1377521973, 50.90
1377521978, 50.90
1377521983, 50.90
1377521988, 50.90
1377521993, 50.90
1377521998, 50.90
1377522003, 50.90
1377522008, 50.90
1377522013, 50.90
1377522018, 50.90
1377522023, 50.90
1377522028, 50.90
1377522033, 50.90
1377522038, 50.93
1377522043, 50.90
1377522048, 50.90
1377522053, 50.90
1377522058, 50.90
1377522063, 50.93
1377522068, 50.90
1377522073, 50.90
1377522078, 50.93
1377522083, 50.90
1377522088, 50.90
1377522093, 50.90
1377522098, 50.90
1377522103, 50.90
1377522108, 50.90
1377522113, 50.93
1377522118, 50.93
1377522123, 50.90
1377522128, 50.93
1377522133, 50.90
1377522138, 50.90
1377522143, 50.90
1377522148, 50.93
1377522153, 50.93
1377522158, 50.93
1377522163, 50.93
1377522168, 50.93
1377522173, 50.93
1377522178, 50.93
1377522183, 50.90
1377522188, 50.93
1377522193, 50.93
1377522198, 50.93
1377522203, 50.93
1377522208, 50.90
1377522213, 50.93
1377522218, 50.93
1377522223, 50.96
1377522228, 50.93
1377522233, 50.93
1377522238, 50.96
1377522243, 50.93
1377522248, 50.93
1377522253, 50.93
1377522258, 50.93
1377522263, 50.93
1377522268, 50.96
1377522273, 50.96
1377522278, 50.93
1377522283, 50.93
1377522288, 50.96
1377522293, 50.93
1377522298, 50.96
1377522303, 50.96
1377522308, 50.93
1377522313, 50.96
1377522318, 50.93
1377522323, 50.93
1377522328, 50.96
1377522333, 50.93
1377522338, 50.96
1377522343, 50.93
1377522348, 50.96
1377522353, 50.93
1377522358, 50.96
1377522363, 50.96
1377522368, 50.96
1377522373, 50.96
1377522378, 50.96
1377522383, 50.96
1377522391, 50.96
1377522393, 50.96
1377522398, 50.96
1377522403, 50.96
1377522408, 50.96
1377522413, 50.96
1377522418, 50.96
1377522423, 50.96
1377522428, 50.96
1377522433, 50.96
1377522438, 50.96
1377522443, 50.96
1377522448, 50.96
1377522453, 50.96
1377522458, 50.96
1377522463, 50.96
1377522468, 50.96
1377522473, 50.96
1377522478, 50.96
1377522483, 50.96
1377522488, 50.96
1377522493, 50.96
1377522498, 50.96
1377522503, 50.96
1377522508, 50.96
1377522513, 50.96
1377522518, 50.96
1377522523, 50.96
1377522528, 50.96
1377522533, 50.96
1377522538, 50.96
1377522543, 50.96
1377522548, 50.96
1377522553, 50.96
1377522558, 50.96
1377522563, 50.96
1377522568, 50.96
1377522573, 50.96
1377522578, 50.96
1377522583, 50.96
1377522588, 50.96
1377522593, 50.99
1377522598, 50.96
1377522603, 50.96
1377522608, 50.96
1377522613, 50.96
1377522618, 50.99
1377522623, 50.99
1377522628, 50.96
1377522633, 50.99
1377522638, 50.99
1377522643, 50.96
1377522648, 50.96
1377522653, 50.96
1377522658, 50.96
1377522663, 50.99
1377522668, 50.99
1377522673, 50.99
1377522678, 50.96
1377522683, 50.99
1377522688, 50.99
1377522693, 50.99
1377522698, 50.99
1377522703, 50.99
1377522708, 50.99
1377522713, 50.99
1377522718, 50.99
1377522723, 50.99
1377522728, 50.99
1377522733, 50.96
1377522738, 50.99
1377522743, 50.96
1377522748, 50.99
1377522753, 51.03
1377522758, 50.99
1377522763, 50.99
1377522768, 50.99
1377522773, 50.99
1377522778, 50.99
1377522783, 50.99
1377522788, 50.99
1377522793, 50.99
1377522798, 50.99
1377522803, 51.03
1377522808, 50.99
1377522813, 51.03
1377522818, 51.03
1377522823, 51.03
1377522828, 51.03
1377522833, 51.03
1377522838, 51.03
1377522843, 51.03
1377522848, 51.03
1377522853, 51.03
1377522858, 50.99
1377522863, 50.99
1377522868, 51.03
1377522873, 51.03
1377522878, 51.03
1377522883, 51.03
1377522888, 51.03
1377522893, 51.03
1377522898, 51.03
1377522903, 51.03
1377522908, 51.03
1377522913, 51.03
1377522918, 51.03
1377522923, 51.03
1377522928, 51.03
1377522933, 51.03
1377522938, 51.03
1377522943, 51.03
1377522948, 51.03
1377522953, 51.03
1377522958, 51.03
1377522963, 51.03
1377522968, 51.03
1377522973, 51.03
1377522978, 51.03
1377522983, 51.03
1377522988, 51.03
1377522993, 51.03
1377522998, 51.03
1377523003, 51.06
1377523008, 51.03
1377523013, 51.03
1377523018, 51.06
1377523023, 51.03
1377523028, 51.06
1377523033, 51.06
1377523038, 51.03
1377523043, 51.06
1377523048, 51.06
1377523053, 51.06
1377523058, 51.06
1377523063, 51.06
1377523068, 51.06
1377523073, 51.06
1377523078, 51.06
1377523083, 51.06
1377523088, 51.06
1377523093, 51.09
1377523098, 51.06
1377523103, 51.06
1377523108, 51.06
1377523113, 51.09
1377523118, 51.06
1377523123, 51.06
1377523128, 51.06
1377523133, 51.09
1377523138, 51.09
1377523143, 51.09
1377523148, 51.06
1377523153, 51.09
1377523158, 51.09
1377523163, 51.09
1377523168, 51.09
1377523173, 51.09
1377523178, 51.06
1377523183, 51.09
1377523188, 51.09
1377523193, 51.09
1377523198, 51.09
1377523203, 51.09
1377523208, 51.06
1377523213, 51.09
1377523218, 51.09
1377523223, 51.09
1377523228, 51.09
1377523233, 51.09
1377523238, 51.09
1377523243, 51.09
1377523248, 51.09
1377523253, 51.09
1377523258, 51.09
1377523263, 51.09
1377523268, 51.09
1377523273, 51.09
1377523278, 51.12
1377523283, 51.09
1377523288, 51.12
1377523293, 51.09
1377523298, 51.09
1377523303, 51.09
1377523308, 51.09
1377523313, 51.09
1377523318, 51.09
1377523323, 51.09
1377523328, 51.09
1377523333, 51.09
1377523338, 51.09
1377523343, 51.09
1377523348, 51.09
1377523353, 51.09
1377523360, 51.09
1377523363, 51.09
1377523368, 51.09
1377523373, 51.09
1377523378, 51.12
1377523383, 51.12
1377523388, 51.12
1377523393, 51.09
1377523398, 51.09
1377523403, 51.09
1377523408, 51.09
1377523413, 51.09
1377523418, 51.09
1377523423, 51.09
1377523428, 51.09
1377523433, 51.09
1377523438, 51.12
1377523443, 51.12
1377523448, 51.12
1377523453, 51.12
1377523458, 51.09
1377523463, 51.12
1377523468, 51.12
1377523473, 51.09
1377523478, 51.09
1377523483, 51.12
1377523488, 51.12
1377523493, 51.12
1377523498, 51.12
1377523503, 51.12
1377523508, 51.15
1377523513, 51.12
1377523518, 51.12
1377523523, 51.12
1377523528, 51.12
1377523533, 51.15
1377523538, 51.12
1377523543, 51.12
1377523548, 51.12
1377523553, 51.12
1377523558, 51.12
1377523563, 51.15
1377523568, 51.12
1377523573, 51.12
1377523578, 51.12
1377523583, 51.12
1377523588, 51.15
1377523593, 51.12
1377523598, 51.15
1377523603, 51.12
1377523608, 51.12
1377523613, 51.12
1377523618, 51.15
1377523623, 51.15
1377523628, 51.15
1377523633, 51.15
1377523638, 51.15
1377523643, 51.15
1377523648, 51.15
1377523653, 51.15
1377523658, 51.15
1377523663, 51.15
1377523668, 51.15
1377523673, 51.12
1377523678, 51.15
1377523683, 51.15
1377523688, 51.15
1377523693, 51.15
1377523698, 51.15
1377523703, 51.15
1377523708, 51.15
1377523713, 51.15
1377523718, 51.15
1377523723, 51.15
1377523728, 51.15
1377523733, 51.15
1377523738, 51.15
1377523743, 51.15
1377523748, 51.15
1377523753, 51.15
1377523758, 51.15
1377523763, 51.15
1377523768, 51.15
1377523773, 51.15
1377523778, 51.15
1377523783, 51.15
1377523788, 51.15
1377523793, 51.15
1377523798, 51.15
1377523803, 51.19
1377523808, 51.15
1377523813, 51.15
1377523818, 51.15
1377523823, 51.15
1377523828, 51.15
1377523833, 51.15
1377523838, 51.15
1377523843, 51.15
1377523848, 51.15
1377523853, 51.15
1377523858, 51.19
1377523863, 51.15
1377523868, 51.15
1377523873, 51.19
1377523878, 51.19
1377523883, 51.15
1377523888, 51.19
1377523893, 51.15
1377523898, 51.19
1377523903, 51.19
1377523908, 51.19
1377523913, 51.19
1377523918, 51.22
1377523923, 51.22
1377523928, 51.22
1377523933, 51.22
1377523938, 51.19
1377523943, 51.22
1377523948, 51.22
1377523953, 51.19
1377523958, 51.22
1377523963, 51.22
1377523968, 51.22
1377523973, 51.22
1377523978, 51.22
1377523983, 51.22
1377523988, 51.22
1377523993, 51.22
1377523998, 51.22
1377524003, 51.19
1377524008, 51.22
1377524013, 51.22
1377524018, 51.22
1377524023, 51.22
1377524028, 51.22
1377524033, 51.22
1377524038, 51.22
1377524043, 51.22
1377524048, 51.22
1377524053, 51.22
1377524058, 51.22
1377524063, 51.22
1377524068, 51.25
1377524073, 51.22
1377524078, 51.22
1377524083, 51.22
1377524088, 51.22
1377524093, 51.22
1377524098, 51.22
1377524103, 51.22
1377524108, 51.22
1377524113, 51.22
1377524118, 51.22
1377524123, 51.25
1377524128, 51.22
1377524133, 51.22
1377524138, 51.22
1377524143, 51.25
1377524148, 51.22
1377524153, 51.22
1377524158, 51.22
1377524163, 51.25
1377524168, 51.22
1377524173, 51.25
1377524178, 51.25
1377524183, 51.25
1377524188, 51.25
1377524193, 51.25
1377524198, 51.25
1377524203, 51.25
1377524208, 51.25
1377524215, 51.28
1377524218, 51.25
1377524223, 51.25
1377524228, 51.25
1377524233, 51.25
1377524238, 51.25
1377524243, 51.25
1377524248, 51.25
1377524253, 51.25
1377524258, 51.25
1377524263, 51.25
1377524268, 51.25
1377524273, 51.25
1377524278, 51.25
1377524283, 51.25
1377524288, 51.25
1377524293, 51.25
1377524298, 51.25
1377524303, 51.28
1377524308, 51.25
1377524313, 51.25
1377524318, 51.28
1377524323, 51.28
1377524328, 51.25
1377524333, 51.28
1377524338, 51.25
1377524344, 51.25
1377524348, 51.25
1377524353, 51.25
1377524358, 51.28
1377524363, 51.28
1377524368, 51.25
1377524373, 51.25
1377524378, 51.25
1377524383, 51.28
1377524388, 51.28
1377524393, 51.28
1377524398, 51.28
1377524403, 51.28
1377524408, 51.28
1377524413, 51.28
1377524418, 51.28
1377524423, 51.28
1377524428, 51.28
1377524433, 51.28
1377524438, 51.28
1377524443, 51.28
1377524448, 51.28
1377524453, 51.28
1377524458, 51.28
1377524463, 51.28
1377524468, 51.28
1377524473, 51.28
1377524478, 51.28
1377524483, 51.28
1377524488, 51.28
1377524493, 51.28
1377524498, 51.28
1377524503, 51.28
1377524508, 51.28
1377524513, 51.28
1377524518, 51.28
1377524523, 51.28
1377524528, 51.28
1377524533, 51.28
1377524538, 51.28
1377524543, 51.28
1377524548, 51.28
1377524553, 51.28
1377524558, 51.28
1377524563, 51.28
1377524568, 51.28
1377524573, 51.28
1377524578, 51.28
1377524583, 51.28
1377524588, 51.28
1377524593, 51.31
1377524598, 51.28
1377524603, 51.28
1377524608, 51.31
1377524613, 51.31
1377524618, 51.28
1377524623, 51.31
1377524628, 51.31
1377524633, 51.28
1377524638, 51.28
1377524643, 51.28
1377524648, 51.31
1377524653, 51.31
1377524658, 51.31
1377524663, 51.31
1377524668, 51.31
1377524673, 51.31
1377524678, 51.31
1377524683, 51.31
1377524688, 51.31
1377524693, 51.28
1377524698, 51.31
1377524703, 51.31
1377524708, 51.31
1377524713, 51.31
1377524718, 51.31
1377524723, 51.31
1377524728, 51.35
1377524733, 51.31
1377524738, 51.35
1377524743, 51.31
1377524748, 51.31
1377524753, 51.35
1377524758, 51.35
1377524763, 51.35
1377524768, 51.31
1377524773, 51.31
1377524778, 51.35
1377524783, 51.35
1377524788, 51.35
1377524793, 51.35
1377524798, 51.35
1377524803, 51.35
1377524808, 51.35
1377524813, 51.35
1377524818, 51.35
1377524823, 51.35
1377524828, 51.35
1377524833, 51.35
1377524838, 51.35
1377524843, 51.35
1377524848, 51.35
1377524853, 51.35
1377524858, 51.35
1377524863, 51.35
1377524868, 51.35
1377524873, 51.35
1377524878, 51.35
1377524883, 51.35
1377524888, 51.35
1377524893, 51.35
1377524898, 51.35
1377524903, 51.35
1377524908, 51.35
1377524913, 51.38
1377524918, 51.35
1377524923, 51.35
1377524928, 51.35
1377524933, 51.38
1377524938, 51.38
1377524943, 51.38
1377524948, 51.35
1377524953, 51.38
1377524958, 51.38
1377524963, 51.38
1377524968, 51.38
1377524973, 51.38
1377524978, 51.35
1377524983, 51.38
1377524988, 51.38
1377524993, 51.35
1377524998, 51.38
1377525003, 51.38
1377525011, 51.38
1377525013, 51.41
1377525018, 51.38
1377525023, 51.38
1377525028, 51.38
1377525033, 51.41
1377525038, 51.41
1377525043, 51.38
1377525048, 51.38
1377525053, 51.38
1377525058, 51.38
1377525063, 51.41
1377525068, 51.41
1377525073, 51.41
1377525078, 51.41
1377525083, 51.41
1377525088, 51.41
1377525093, 51.41
1377525098, 51.41
1377525103, 51.41
1377525108, 51.41
1377525113, 51.41
1377525118, 51.41
1377525123, 51.38
1377525128, 51.41
1377525133, 51.41
1377525138, 51.41
1377525143, 51.41
1377525148, 51.41
1377525153, 51.41
1377525158, 51.41
1377525163, 51.41
1377525168, 51.41
1377525173, 51.41
1377525178, 51.41
1377525183, 51.41
1377525188, 51.38
1377525193, 51.41
1377525198, 51.41
1377525203, 51.41
1377525208, 51.41
1377525213, 51.41
1377525218, 51.41
1377525223, 51.41
1377525228, 51.41
1377525233, 51.41
1377525238, 51.41
1377525243, 51.41
1377525248, 51.41
1377525253, 51.41
1377525258, 51.41
1377525263, 51.41
1377525268, 51.41
1377525273, 51.41
1377525278, 51.41
1377525283, 51.41
1377525288, 51.41
1377525293, 51.41
1377525298, 51.41
1377525303, 51.41
1377525308, 51.41
1377525313, 51.44
1377525318, 51.44
1377525323, 51.41
1377525328, 51.44
1377525333, 51.41
1377525338, 51.41
1377525343, 51.41
1377525348, 51.41
1377525353, 51.41
1377525358, 51.41
1377525363, 51.41
1377525368, 51.41
1377525373, 51.41
1377525378, 51.41
1377525383, 51.41
1377525388, 51.41
1377525393, 51.41
1377525398, 51.41
1377525403, 51.41
1377525408, 51.41
1377525413, 51.44
1377525418, 51.41
1377525423, 51.41
1377525428, 51.41
1377525433, 51.41
1377525438, 51.41
1377525443, 51.41
1377525448, 51.41
1377525453, 51.41
1377525458, 51.41
1377525463, 51.44
1377525468, 51.41
1377525473, 51.41
1377525478, 51.44
1377525483, 51.41
1377525488, 51.41
1377525493, 51.44
1377525498, 51.41
1377525503, 51.41
1377525508, 51.41
1377525513, 51.44
1377525518, 51.41
1377525523, 51.41
1377525528, 51.41
1377525533, 51.41
1377525538, 51.41
1377525543, 51.41
1377525548, 51.41
1377525553, 51.41
1377525558, 51.41
1377525563, 51.41
1377525568, 51.41
1377525573, 51.41
1377525578, 51.41
1377525583, 51.41
1377525588, 51.41
1377525593, 51.41
1377525598, 51.41
1377525603, 51.41
1377525608, 51.41
1377525613, 51.44
1377525618, 51.44
1377525623, 51.41
1377525628, 51.41
1377525633, 51.41
1377525638, 51.41
1377525643, 51.41
1377525648, 51.41
1377525653, 51.41
1377525658, 51.41
1377525663, 51.41
1377525668, 51.41
1377525673, 51.41
1377525678, 51.41
1377525683, 51.41
1377525688, 51.41
1377525693, 51.41
1377525698, 51.41
1377525703, 51.41
1377525708, 51.41
1377525713, 51.41
1377525718, 51.41
1377525723, 51.41
1377525728, 51.41
1377525733, 51.41
1377525738, 51.41
1377525743, 51.41
1377525748, 51.41
1377525753, 51.41
1377525758, 51.41
1377525763, 51.41
1377525768, 51.41
1377525773, 51.41
1377525778, 51.41
1377525783, 51.41
1377525788, 51.41
1377525793, 51.41
1377525798, 51.41
1377525803, 51.41
1377525808, 51.41
1377525813, 51.41
1377525818, 51.41
1377525826, 51.41
1377525828, 51.41
1377525833, 51.41
1377525838, 51.41
1377525843, 51.41
1377525848, 51.41
1377525853, 51.41
1377525858, 51.44
1377525863, 51.41
1377525868, 51.41
1377525873, 51.41
1377525878, 51.41
1377525883, 51.41
1377525888, 51.41
1377525893, 51.41
1377525898, 51.44
1377525903, 51.41
1377525908, 51.44
1377525913, 51.41
1377525918, 51.41
1377525923, 51.41
1377525928, 51.41
1377525933, 51.41
1377525938, 51.41
1377525943, 51.41
1377525948, 51.41
1377525953, 51.41
1377525958, 51.41
1377525963, 51.41
1377525968, 51.44
1377525973, 51.41
1377525978, 51.41
1377525983, 51.44
1377525988, 51.44
1377525993, 51.44
1377525998, 51.44
1377526003, 51.44
1377526008, 51.41
1377526013, 51.41
1377526018, 51.44
1377526023, 51.44
1377526028, 51.41
1377526033, 51.44
1377526038, 51.44
1377526043, 51.44
1377526048, 51.41
1377526053, 51.44
1377526058, 51.44
1377526063, 51.44
1377526068, 51.44
1377526073, 51.44
1377526078, 51.44
1377526083, 51.44
1377526088, 51.44
1377526093, 51.41
1377526098, 51.44
1377526103, 51.41
1377526108, 51.41
1377526113, 51.44
1377526118, 51.44
1377526123, 51.44
1377526128, 51.44
1377526133, 51.44
1377526138, 51.44
1377526143, 51.44
1377526148, 51.41
1377526153, 51.44
1377526158, 51.44
1377526163, 51.41
1377526168, 51.44
1377526173, 51.44
1377526178, 51.44
1377526183, 51.41
1377526188, 51.41
1377526193, 51.41
1377526198, 51.44
1377526203, 51.44
1377526208, 51.41
1377526213, 51.44
1377526218, 51.44
1377526223, 51.41
1377526228, 51.44
1377526233, 51.44
1377526238, 51.41
1377526243, 51.44
1377526248, 51.44
1377526253, 51.41
1377526258, 51.41
1377526263, 51.44
1377526268, 51.44
1377526273, 51.44
1377526278, 51.41
1377526283, 51.44
1377526288, 51.44
1377526293, 51.44
1377526298, 51.41
1377526303, 51.44
1377526308, 51.44
1377526313, 51.44
1377526318, 51.44
1377526323, 51.44
1377526328, 51.44
1377526333, 51.44
1377526338, 51.41
1377526343, 51.44
1377526348, 51.41
1377526353, 51.44
1377526358, 51.41
1377526363, 51.44
1377526368, 51.41
1377526373, 51.44
1377526378, 51.41
1377526383, 51.44
1377526388, 51.41
1377526393, 51.44
1377526398, 51.41
1377526403, 51.41
1377526408, 51.47
1377526413, 51.41
1377526418, 51.41
1377526423, 51.44
1377526428, 51.44
1377526433, 51.41
1377526438, 51.44
1377526443, 51.44
1377526448, 51.41
1377526453, 51.41
1377526458, 51.44
1377526463, 51.41
1377526468, 51.41
1377526473, 51.44
1377526478, 51.41
1377526483, 51.44
1377526488, 51.41
1377526493, 51.44
1377526498, 51.41
1377526503, 51.44
1377526508, 51.41
1377526513, 51.41
1377526518, 51.41
1377526523, 51.41
1377526528, 51.44
1377526533, 51.41
1377526538, 51.41
1377526543, 51.41
1377526548, 51.41
1377526553, 51.41
1377526558, 51.41
1377526563, 51.41
1377526568, 51.41
1377526573, 51.41
1377526578, 51.41
1377526583, 51.41
1377526588, 51.41
1377526593, 51.44
1377526598, 51.41
1377526603, 51.41
1377526608, 51.41
1377526613, 51.41
1377526618, 51.41
1377526623, 51.41
1377526628, 51.41
1377526633, 51.41
1377526638, 51.41
1377526643, 51.41
1377526648, 51.41
1377526653, 51.41
1377526658, 51.41
1377526663, 51.41
1377526670, 51.41
1377526673, 51.41
1377526678, 51.41
1377526683, 51.41
1377526688, 51.41
1377526693, 51.41
1377526698, 51.41
1377526703, 51.41
1377526708, 51.44
1377526713, 51.41
1377526718, 51.41
1377526723, 51.41
1377526728, 51.41
1377526733, 51.41
1377526738, 51.41
1377526743, 51.41
1377526748, 51.41
1377526753, 51.44
1377526758, 51.44
1377526763, 51.41
1377526768, 51.41
1377526773, 51.41
1377526778, 51.41
1377526783, 51.41
1377526788, 51.41
1377526793, 51.41
1377526798, 51.41
1377526803, 51.41
1377526808, 51.41
1377526813, 51.41
1377526818, 51.41
1377526823, 51.41
1377526828, 51.41
1377526833, 51.41
1377526838, 51.41
1377526843, 51.41
1377526848, 51.41
1377526853, 51.44
1377526858, 51.41
1377526863, 51.41
1377526868, 51.41
1377526873, 51.41
1377526878, 51.41
1377526883, 51.41
1377526888, 51.41
1377526893, 51.41
1377526898, 51.41
1377526903, 51.41
1377526908, 51.41
1377526913, 51.41
1377526918, 51.41
1377526923, 51.41
1377526928, 51.41
1377526933, 51.41
1377526938, 51.41
1377526943, 51.38
1377526948, 51.41
1377526953, 51.41
1377526958, 51.41
1377526963, 51.41
1377526968, 51.41
1377526973, 51.41
1377526978, 51.41
1377526983, 51.41
1377526988, 51.41
1377526993, 51.41
1377526998, 51.41
1377527003, 51.41
1377527008, 51.41
1377527013, 51.41
1377527018, 51.41
1377527023, 51.41
1377527028, 51.41
1377527033, 51.41
1377527038, 51.41
1377527043, 51.41
1377527048, 51.41
1377527053, 51.41
1377527058, 51.41
1377527063, 51.41
1377527068, 51.41
1377527073, 51.41
1377527078, 51.41
1377527083, 51.41
1377527088, 51.41
1377527093, 51.41
1377527098, 51.41
1377527103, 51.41
1377527108, 51.41
1377527113, 51.41
1377527118, 51.41
1377527123, 51.38
1377527128, 51.41
1377527133, 51.41
1377527138, 51.41
1377527143, 51.41
1377527148, 51.41
1377527153, 51.41
1377527158, 51.41
1377527163, 51.41
1377527168, 51.41
1377527173, 51.41
1377527178, 51.41
1377527183, 51.41
1377527188, 51.41
1377527193, 51.41
1377527198, 51.41
1377527203, 51.41
1377527208, 51.41
1377527213, 51.41
1377527218, 51.41
1377527223, 51.41
1377527228, 51.41
1377527233, 51.41
1377527238, 51.41
1377527243, 51.41
1377527248, 51.41
1377527253, 51.41
1377527258, 51.41
1377527263, 51.41
1377527268, 51.41
1377527273, 51.41
1377527278, 51.41
1377527283, 51.38
1377527288, 51.41
1377527293, 51.41
1377527298, 51.41
1377527303, 51.41
1377527308, 51.41
1377527313, 51.41
1377527318, 51.41
1377527323, 51.41
1377527328, 51.41
1377527333, 51.41
1377527338, 51.41
1377527343, 51.38
1377527348, 51.41
1377527353, 51.41
1377527358, 51.41
1377527363, 51.41
1377527368, 51.41
1377527373, 51.41
1377527378, 51.38
1377527383, 51.41
1377527388, 51.41
1377527393, 51.41
1377527398, 51.41
1377527403, 51.38
1377527408, 51.41
1377527413, 51.41
1377527418, 51.38
1377527423, 51.41
1377527428, 51.41
1377527433, 51.41
1377527438, 51.38
1377527443, 51.38
1377527448, 51.41
1377527453, 51.38
1377527458, 51.41
1377527463, 51.38
1377527468, 51.38
1377527473, 51.38
1377527478, 51.38
1377527483, 51.38
1377527488, 51.38
1377527493, 51.35
1377527498, 51.38
1377527505, 51.38
1377527508, 51.38
1377527513, 51.38
1377527518, 51.38
1377527523, 51.38
1377527528, 51.35
1377527533, 51.38
1377527538, 51.38
1377527543, 51.38
1377527548, 51.38
1377527553, 51.38
1377527558, 51.38
1377527563, 51.35
1377527568, 51.38
1377527573, 51.35
1377527578, 51.38
1377527583, 51.38
1377527588, 51.38
1377527593, 51.35
1377527598, 51.35
1377527603, 51.38
1377527608, 51.35
1377527613, 51.38
1377527618, 51.35
1377527623, 51.35
1377527628, 51.35
1377527633, 51.35
1377527638, 51.35
1377527643, 51.35
1377527648, 51.35
1377527653, 51.35
1377527658, 51.35
1377527663, 51.35
1377527668, 51.35
1377527673, 51.35
1377527678, 51.35
1377527683, 51.35
1377527688, 51.35
1377527693, 51.35
1377527698, 51.35
1377527703, 51.35
1377527708, 51.35
1377527713, 51.35
1377527718, 51.35
1377527723, 51.35
1377527728, 51.35
1377527733, 51.35
1377527738, 51.31
1377527743, 51.35
1377527748, 51.35
1377527753, 51.35
1377527758, 51.31
1377527763, 51.35
1377527768, 51.31
1377527773, 51.31
1377527778, 51.31
1377527783, 51.28
1377527788, 51.35
1377527793, 51.35
1377527798, 51.31
1377527803, 51.35
1377527808, 51.35
1377527813, 51.31
1377527818, 51.35
1377527823, 51.31
1377527828, 51.31
1377527833, 51.35
1377527838, 51.31
1377527843, 51.28
1377527848, 51.31
1377527853, 51.31
1377527858, 51.31
1377527863, 51.31
1377527868, 51.28
1377527873, 51.31
1377527878, 51.31
1377527883, 51.31
1377527888, 51.31
1377527893, 51.31
1377527898, 51.28
1377527903, 51.28
1377527908, 51.31
1377527913, 51.31
1377527918, 51.31
1377527923, 51.28
1377527928, 51.28
1377527933, 51.28
1377527938, 51.31
1377527943, 51.31
1377527948, 51.31
1377527953, 51.28
1377527958, 51.28
1377527963, 51.28
1377527968, 51.31
1377527973, 51.31
1377527978, 51.28
1377527983, 51.28
1377527988, 51.28
1377527993, 51.28
1377527998, 51.28
1377528003, 51.31
1377528008, 51.28
1377528013, 51.28
1377528018, 51.28
1377528023, 51.28
1377528028, 51.28
1377528033, 51.28
1377528038, 51.28
1377528043, 51.28
1377528048, 51.28
1377528053, 51.28
1377528058, 51.28
1377528063, 51.28
1377528068, 51.31
1377528073, 51.28
1377528078, 51.28
1377528083, 51.28
1377528088, 51.28
1377528093, 51.28
1377528098, 51.28
1377528103, 51.28
1377528108, 51.28
1377528113, 51.28
1377528118, 51.28
1377528123, 51.28
1377528128, 51.28
1377528133, 51.28
1377528138, 51.28
1377528143, 51.28
1377528148, 51.28
1377528153, 51.28
1377528158, 51.28
1377528163, 51.28
1377528168, 51.28
1377528173, 51.28
1377528178, 51.28
1377528183, 51.28
1377528188, 51.28
1377528193, 51.28
1377528198, 51.25
1377528203, 51.25
1377528208, 51.25
1377528213, 51.25
1377528218, 51.28
1377528223, 51.28
1377528228, 51.28
1377528233, 51.25
1377528238, 51.28
1377528243, 51.25
1377528248, 51.25
1377528253, 51.28
1377528258, 51.25
1377528263, 51.25
1377528268, 51.28
1377528273, 51.25
1377528278, 51.25
1377528283, 51.25
1377528288, 51.25
1377528293, 51.25
1377528298, 51.22
1377528303, 51.25
1377528308, 51.25
1377528313, 51.25
1377528318, 51.22
1377528323, 51.25
1377528328, 51.25
1377528333, 51.25
1377528338, 51.25
1377528347, 51.25
1377528348, 51.25
1377528353, 51.25
1377528358, 51.25
1377528363, 51.25
1377528368, 51.22
1377528373, 51.25
1377528378, 51.22
1377528383, 51.22
1377528388, 51.22
1377528393, 51.22
1377528398, 51.22
1377528403, 51.22
1377528408, 51.22
1377528413, 51.22
1377528418, 51.22
1377528423, 51.22
1377528428, 51.22
1377528433, 51.22
1377528438, 51.22
1377528443, 51.22
1377528448, 51.22
1377528453, 51.22
1377528458, 51.22
1377528463, 51.22
1377528468, 51.22
1377528473, 51.22
1377528478, 51.22
1377528483, 51.22
1377528488, 51.22
1377528493, 51.19
1377528498, 51.22
1377528503, 51.22
1377528508, 51.22
1377528513, 51.22
1377528518, 51.22
1377528523, 51.19
1377528528, 51.22
1377528533, 51.15
1377528538, 51.19
1377528543, 51.22
1377528548, 51.22
1377528553, 51.19
1377528558, 51.22
1377528563, 51.19
1377528568, 51.19
1377528573, 51.19
1377528578, 51.19
1377528583, 51.19
1377528588, 51.19
1377528593, 51.19
1377528598, 51.19
1377528603, 51.15
1377528608, 51.19
1377528613, 51.15
1377528618, 51.19
1377528623, 51.19
1377528628, 51.15
1377528633, 51.15
1377528638, 51.19
1377528643, 51.15
1377528648, 51.19
1377528653, 51.15
1377528658, 51.19
1377528663, 51.15
1377528668, 51.19
1377528673, 51.19
1377528678, 51.15
1377528683, 51.15
1377528688, 51.15
1377528693, 51.15
1377528698, 51.19
1377528703, 51.15
1377528708, 51.15
1377528713, 51.15
1377528718, 51.15
1377528723, 51.15
1377528728, 51.15
1377528733, 51.15
1377528738, 51.15
1377528743, 51.15
1377528748, 51.15
1377528753, 51.15
1377528758, 51.15
1377528763, 51.15
1377528768, 51.15
1377528773, 51.15
1377528778, 51.15
1377528783, 51.15
1377528788, 51.15
1377528793, 51.15
1377528798, 51.15
1377528803, 51.15
1377528808, 51.15
1377528813, 51.15
1377528818, 51.15
1377528823, 51.15
1377528828, 51.15
1377528833, 51.15
1377528838, 51.15
1377528843, 51.15
1377528848, 51.15
1377528853, 51.15
1377528858, 51.15
1377528863, 51.12
1377528868, 51.12
1377528873, 51.12
1377528878, 51.15
1377528883, 51.12
1377528888, 51.15
1377528893, 51.12
1377528898, 51.12
1377528903, 51.15
1377528908, 51.12
1377528913, 51.12
1377528918, 51.12
1377528923, 51.15
1377528928, 51.15
1377528933, 51.12
1377528938, 51.12
1377528943, 51.12
1377528948, 51.12
1377528953, 51.12
1377528958, 51.15
1377528963, 51.12
1377528968, 51.12
1377528973, 51.12
1377528978, 51.12
1377528983, 51.12
1377528988, 51.15
1377528993, 51.12
1377528998, 51.12
1377529003, 51.12
1377529008, 51.12
1377529013, 51.12
1377529018, 51.12
1377529023, 51.09
1377529028, 51.09
1377529033, 51.12
1377529038, 51.12
1377529043, 51.12
1377529048, 51.12
1377529053, 51.09
1377529058, 51.09
1377529063, 51.12
1377529068, 51.12
1377529073, 51.12
1377529078, 51.12
1377529083, 51.12
1377529088, 51.12
1377529093, 51.09
1377529098, 51.09
1377529103, 51.09
1377529108, 51.12
1377529113, 51.09
1377529118, 51.09
1377529123, 51.12
1377529128, 51.12
1377529133, 51.09
1377529138, 51.09
1377529143, 51.12
1377529148, 51.09
1377529153, 51.09
1377529160, 51.09
1377529163, 51.09
1377529168, 51.09
1377529173, 51.12
1377529178, 51.09
1377529183, 51.09
1377529188, 51.09
1377529193, 51.09
1377529198, 51.09
1377529203, 51.09
1377529208, 51.09
1377529213, 51.09
1377529218, 51.09
1377529223, 51.09
1377529228, 51.09
1377529233, 51.09
1377529238, 51.09
1377529243, 51.09
1377529248, 51.09
1377529253, 51.09
1377529258, 51.09
1377529263, 51.09
1377529268, 51.09
1377529273, 51.09
1377529278, 51.09
1377529283, 51.09
1377529288, 51.06
1377529293, 51.09
1377529298, 51.09
1377529303, 51.09
1377529308, 51.09
1377529313, 51.09
1377529318, 51.09
1377529323, 51.09
1377529328, 51.06
1377529333, 51.06
1377529338, 51.09
1377529343, 51.06
1377529348, 51.09
1377529353, 51.06
1377529358, 51.09
1377529363, 51.09
1377529368, 51.09
1377529373, 51.06
1377529378, 51.06
1377529383, 51.06
1377529388, 51.06
1377529393, 51.06
1377529398, 51.06
1377529403, 51.06
1377529408, 51.06
1377529413, 51.03
1377529418, 51.06
1377529423, 51.03
1377529428, 51.06
1377529433, 51.06
1377529438, 51.06
1377529443, 51.06
1377529448, 51.06
1377529453, 51.06
1377529458, 51.06
1377529463, 51.03
1377529468, 51.03
1377529473, 51.06
1377529478, 51.06
1377529483, 51.03
1377529488, 51.03
1377529493, 51.03
1377529498, 51.03
1377529503, 51.03
1377529508, 51.03
1377529513, 51.03
1377529518, 51.03
1377529523, 51.03
1377529528, 51.03
1377529533, 51.03
1377529538, 51.03
1377529543, 51.03
1377529548, 51.03
1377529553, 51.03
1377529558, 51.03
1377529563, 51.03
1377529568, 51.03
1377529573, 51.03
1377529578, 51.03
1377529583, 51.03
1377529588, 51.03
1377529593, 50.99
1377529598, 51.03
1377529603, 51.03
1377529608, 51.03
1377529613, 51.03
1377529618, 51.03
1377529623, 51.03
1377529628, 51.03
1377529633, 51.03
1377529638, 51.03
1377529643, 51.03
1377529648, 50.99
1377529653, 51.03
1377529658, 50.99
1377529663, 50.99
1377529668, 50.99
1377529673, 51.03
1377529678, 51.03
1377529683, 50.99
1377529688, 50.99
1377529693, 50.99
1377529698, 50.99
1377529703, 50.99
1377529708, 50.99
1377529713, 50.99
1377529718, 50.99
1377529723, 50.99
1377529728, 51.03
1377529733, 50.99
1377529738, 50.99
1377529743, 50.99
1377529748, 50.99
1377529752, 50.99
1377529758, 50.99
1377529763, 50.99
1377529767, 50.99
1377529773, 50.96
1377529778, 50.96
1377529783, 50.96
1377529788, 50.96
1377529793, 50.96
1377529798, 50.96
1377529802, 50.96
1377529808, 50.96
1377529813, 50.96
1377529818, 50.96
1377529822, 50.96
1377529828, 50.96
1377529833, 50.96
1377529838, 50.96
1377529843, 50.96
1377529848, 50.96
1377529852, 50.96
1377529858, 50.96
1377529863, 50.96
1377529868, 50.96
1377529873, 50.96
1377529877, 50.96
1377529883, 50.96
1377529888, 50.96
1377529893, 50.96
1377529898, 50.96
1377529902, 50.96
1377529908, 50.96
1377529913, 50.96
1377529918, 50.96
1377529923, 50.93
1377529927, 50.93
1377529933, 50.96
1377529938, 50.96
1377529943, 50.96
1377529948, 50.96
1377529952, 50.96
1377529959, 50.93
1377529963, 50.93
1377529968, 50.93
1377529973, 50.96
1377529977, 50.96
1377529982, 50.93
1377529988, 50.93
1377529993, 50.93
1377529998, 50.93
1377530002, 50.96
1377530008, 50.93
1377530013, 50.90
1377530018, 50.93
1377530023, 50.90
1377530027, 50.90
1377530032, 50.90
1377530038, 50.90
1377530043, 50.90
1377530048, 50.93
1377530052, 50.90
1377530057, 50.93
1377530062, 50.93
1377530068, 50.90
1377530072, 50.93
1377530077, 50.90
1377530082, 50.90
1377530088, 50.90
1377530092, 50.90
1377530098, 50.90
1377530102, 50.93
1377530108, 50.90
1377530112, 50.93
1377530118, 50.90
1377530122, 50.90
1377530127, 50.90
1377530133, 50.90
1377530137, 50.90
1377530142, 50.90
1377530147, 50.90
1377530152, 50.90
1377530158, 50.90
1377530162, 50.90
1377530167, 50.90
1377530173, 50.90
1377530177, 50.90
1377530182, 50.90
1377530188, 50.90
1377530192, 50.90
1377530197, 50.90
1377530202, 50.90
1377530208, 50.90
1377530212, 50.90
1377530218, 50.90
1377530222, 50.90
1377530227, 50.90
1377530232, 50.90
1377530238, 50.90
1377530242, 50.87
1377530247, 50.90
1377530252, 50.87
1377530258, 50.90
1377530262, 50.90
1377530267, 50.87
1377530272, 50.90
1377530277, 50.87
1377530282, 50.90
1377530287, 50.87
1377530292, 50.90
1377530297, 50.90
1377530302, 50.87
1377530307, 50.87
1377530312, 50.87
1377530317, 50.87
1377530322, 50.87
1377530327, 50.83
1377530332, 50.87
1377530337, 50.87
1377530342, 50.83
1377530347, 50.87
1377530352, 50.83
1377530357, 50.87
1377530362, 50.87
1377530367, 50.83
1377530372, 50.83
1377530377, 50.83
1377530382, 50.83
1377530388, 50.83
1377530392, 50.83
1377530397, 50.83
1377530403, 50.83
1377530407, 50.83
1377530412, 50.83
1377530417, 50.83
1377530422, 50.83
1377530427, 50.83
1377530432, 50.83
1377530437, 50.83
1377530442, 50.83
1377530447, 50.83
1377530452, 50.83
1377530457, 50.83
1377530462, 50.83
1377530467, 50.83
1377530472, 50.83
1377530477, 50.83
1377530482, 50.83
1377530487, 50.80
1377530492, 50.80
1377530497, 50.80
1377530502, 50.80
1377530507, 50.80
1377530512, 50.83
1377530517, 50.80
1377530522, 50.83
1377530528, 50.80
1377530532, 50.80
1377530538, 50.80
1377530542, 50.80
1377530547, 50.80
1377530552, 50.80
1377530557, 50.80
1377530562, 50.80
1377530567, 50.80
1377530572, 50.80
1377530577, 50.77
1377530582, 50.80
1377530587, 50.77
1377530592, 50.77
1377530597, 50.80
1377530602, 50.77
1377530607, 50.80
1377530612, 50.77
1377530617, 50.77
1377530622, 50.80
1377530627, 50.77
1377530632, 50.77
1377530637, 50.77
1377530642, 50.77
1377530647, 50.77
1377530652, 50.77
1377530657, 50.77
1377530662, 50.77
1377530667, 50.77
1377530672, 50.77
1377530677, 50.77
1377530682, 50.77
1377530687, 50.77
1377530692, 50.77
1377530698, 50.77
1377530702, 50.77
1377530707, 50.77
1377530712, 50.77
1377530717, 50.77
1377530722, 50.77
1377530727, 50.77
1377530732, 50.77
1377530738, 50.77
1377530742, 50.77
1377530747, 50.74
1377530752, 50.77
1377530757, 50.74
1377530762, 50.77
1377530767, 50.77
1377530772, 50.77
1377530777, 50.77
1377530782, 50.74
1377530787, 50.77
1377530794, 50.77
1377530797, 50.74
1377530802, 50.77
1377530807, 50.77
1377530812, 50.77
1377530817, 50.74
1377530822, 50.74
1377530827, 50.74
1377530832, 50.74
1377530837, 50.74
1377530842, 50.74
1377530847, 50.74
1377530852, 50.74
1377530857, 50.74
1377530862, 50.74
1377530867, 50.74
1377530872, 50.74
1377530877, 50.74
1377530882, 50.74
1377530887, 50.71
1377530892, 50.74
1377530897, 50.74
1377530902, 50.71
1377530907, 50.74
1377530912, 50.74
1377530917, 50.74
1377530922, 50.74
1377530927, 50.74
1377530932, 50.71
1377530937, 50.74
1377530942, 50.71
1377530947, 50.71
1377530952, 50.71
1377530957, 50.71
1377530962, 50.71
1377530967, 50.74
1377530972, 50.71
1377530977, 50.74
1377530982, 50.71
1377530987, 50.74
1377530992, 50.71
1377530997, 50.71
1377531002, 50.74
1377531007, 50.71
1377531012, 50.71
1377531017, 50.71
1377531022, 50.71
1377531027, 50.71
1377531032, 50.74
1377531037, 50.71
1377531042, 50.71
1377531047, 50.71
1377531052, 50.71
1377531057, 50.71
1377531062, 50.71
1377531067, 50.71
1377531072, 50.71
1377531077, 50.71
1377531082, 50.71
1377531087, 50.71
1377531092, 50.71
1377531097, 50.71
1377531102, 50.71
1377531107, 50.71
1377531112, 50.71
1377531117, 50.71
1377531122, 50.71
1377531127, 50.71
1377531132, 50.71
1377531137, 50.71
1377531142, 50.71
1377531147, 50.71
1377531152, 50.71
1377531157, 50.71
1377531162, 50.71
1377531167, 50.71
1377531172, 50.71
1377531177, 50.71
1377531182, 50.71
1377531187, 50.67
1377531192, 50.71
1377531197, 50.71
1377531202, 50.71
1377531207, 50.67
1377531212, 50.67
1377531217, 50.71
1377531222, 50.71
1377531227, 50.67
1377531232, 50.71
1377531237, 50.67
1377531242, 50.67
1377531247, 50.67
1377531252, 50.67
1377531257, 50.67
1377531262, 50.67
1377531267, 50.67
1377531272, 50.67
1377531277, 50.67
1377531282, 50.64
1377531287, 50.67
1377531292, 50.67
1377531297, 50.67
1377531302, 50.64
1377531307, 50.67
1377531312, 50.67
1377531317, 50.67
1377531322, 50.64
1377531327, 50.64
1377531332, 50.64
1377531337, 50.64
1377531342, 50.64
1377531347, 50.67
1377531352, 50.64
1377531357, 50.64
1377531362, 50.64
1377531367, 50.67
1377531372, 50.64
1377531377, 50.67
1377531382, 50.64
1377531387, 50.67
1377531393, 50.64
1377531397, 50.64
1377531402, 50.64
1377531407, 50.64
1377531412, 50.64
1377531417, 50.64
1377531422, 50.64
1377531427, 50.64
1377531432, 50.64
1377531437, 50.64
1377531442, 50.64
1377531447, 50.64
1377531452, 50.64
1377531457, 50.64
1377531462, 50.64
1377531467, 50.64
1377531472, 50.64
1377531477, 50.64
1377531482, 50.64
1377531487, 50.64
1377531492, 50.64
1377531497, 50.64
1377531502, 50.64
1377531507, 50.61
1377531512, 50.64
1377531517, 50.64
1377531522, 50.64
1377531527, 50.61
1377531532, 50.64
1377531537, 50.64
1377531542, 50.64
1377531547, 50.64
1377531552, 50.64
1377531557, 50.64
1377531562, 50.61
1377531567, 50.64
1377531572, 50.64
1377531577, 50.64
1377531582, 50.61
1377531587, 50.64
1377531592, 50.64
1377531597, 50.61
1377531602, 50.61
1377531607, 50.61
1377531612, 50.61
1377531617, 50.61
1377531622, 50.61
1377531627, 50.61
1377531632, 50.61
1377531637, 50.61
1377531642, 50.64
1377531647, 50.61
1377531652, 50.61
1377531657, 50.61
1377531662, 50.58
1377531671, 50.58
1377531672, 50.61
1377531677, 50.58
1377531682, 50.58
1377531687, 50.61
1377531692, 50.61
1377531697, 50.61
1377531702, 50.58
1377531707, 50.58
1377531712, 50.61
1377531717, 50.58
1377531722, 50.61
1377531727, 50.58
1377531732, 50.58
1377531737, 50.58
1377531742, 50.58
1377531747, 50.58
1377531752, 50.58
1377531757, 50.58
1377531762, 50.61
1377531767, 50.58
1377531772, 50.58
1377531777, 50.58
1377531783, 50.58
1377531787, 50.58
1377531792, 50.58
1377531797, 50.58
1377531802, 50.58
1377531807, 50.58
1377531812, 50.58
1377531817, 50.58
1377531822, 50.58
1377531827, 50.58
1377531832, 50.58
1377531837, 50.58
1377531842, 50.58
1377531847, 50.58
1377531852, 50.58
1377531857, 50.58
1377531862, 50.58
1377531867, 50.58
1377531872, 50.58
1377531877, 50.58
1377531882, 50.58
1377531887, 50.58
1377531892, 50.58
1377531897, 50.58
1377531902, 50.58
1377531907, 50.58
1377531912, 50.58
1377531917, 50.58
1377531922, 50.58
1377531927, 50.58
1377531932, 50.58
1377531937, 50.58
1377531942, 50.58
1377531947, 50.58
1377531952, 50.58
1377531957, 50.55
1377531962, 50.58
1377531967, 50.55
1377531972, 50.55
1377531977, 50.58
1377531982, 50.55
1377531987, 50.55
1377531992, 50.55
1377531997, 50.58
1377532002, 50.55
1377532007, 50.58
1377532012, 50.55
1377532017, 50.55
1377532022, 50.55
1377532027, 50.55
1377532032, 50.55
1377532037, 50.55
1377532042, 50.55
1377532047, 50.55
1377532052, 50.55
1377532057, 50.51
1377532062, 50.55
1377532067, 50.55
1377532072, 50.51
1377532077, 50.55
1377532082, 50.51
1377532087, 50.51
1377532092, 50.55
1377532097, 50.55
1377532102, 50.51
1377532107, 50.51
1377532112, 50.55
1377532117, 50.51
1377532122, 50.55
1377532127, 50.51
1377532132, 50.51
1377532137, 50.51
1377532142, 50.51
1377532147, 50.51
1377532152, 50.51
1377532157, 50.51
1377532162, 50.51
1377532167, 50.51
1377532172, 50.55
1377532177, 50.51
1377532182, 50.51
1377532187, 50.51
1377532192, 50.51
1377532197, 50.51
1377532202, 50.55
1377532207, 50.51
1377532212, 50.51
1377532217, 50.51
1377532222, 50.48
1377532227, 50.51
1377532232, 50.51
1377532237, 50.51
1377532242, 50.51
1377532247, 50.51
1377532252, 50.51
1377532257, 50.48
1377532262, 50.51
1377532267, 50.51
1377532272, 50.51
1377532277, 50.51
1377532282, 50.51
1377532287, 50.51
1377532292, 50.51
1377532297, 50.48
1377532302, 50.51
1377532307, 50.51
1377532312, 50.51
1377532317, 50.51
1377532322, 50.51
1377532327, 50.51
1377532332, 50.51
1377532337, 50.51
1377532342, 50.51
1377532347, 50.51
1377532352, 50.51
1377532362, 50.51
1377532367, 50.51
1377532372, 50.51
1377532377, 50.48
1377532382, 50.51
1377532387, 50.51
1377532392, 50.48
1377532397, 50.51
1377532402, 50.51
1377532407, 50.51
1377532412, 50.51
1377532417, 50.48
1377532422, 50.51
1377532427, 50.51
1377532432, 50.48
1377532437, 50.48
1377532442, 50.48
1377532447, 50.48
1377532452, 50.48
1377532457, 50.51
1377532462, 50.48
1377532467, 50.48
1377532472, 50.48
1377532477, 50.48
1377532482, 50.48
1377532487, 50.48
1377532492, 50.51
1377532497, 50.48
1377532502, 50.48
1377532507, 50.48
1377532512, 50.48
1377532517, 50.45
1377532522, 50.48
1377532527, 50.51
1377532532, 50.48
1377532539, 50.48
1377532542, 50.48
1377532547, 50.45
1377532552, 50.45
1377532557, 50.45
1377532562, 50.48
1377532567, 50.48
1377532572, 50.48
1377532577, 50.48
1377532582, 50.48
1377532587, 50.48
1377532592, 50.48
1377532597, 50.48
1377532602, 50.48
1377532607, 50.48
1377532612, 50.48
1377532617, 50.48
1377532622, 50.45
1377532627, 50.51
1377532632, 50.48
1377532637, 50.45
1377532642, 50.48
1377532647, 50.48
1377532652, 50.48
1377532657, 50.45
1377532662, 50.48
1377532667, 50.48
1377532672, 50.48
1377532677, 50.48
1377532682, 50.48
1377532687, 50.48
1377532692, 50.48
1377532697, 50.48
1377532702, 50.48
1377532707, 50.45
1377532712, 50.48
1377532717, 50.48
1377532722, 50.45
1377532727, 50.45
1377532732, 50.45
1377532737, 50.48
1377532742, 50.48
1377532747, 50.45
1377532752, 50.48
1377532757, 50.48
1377532762, 50.48
1377532767, 50.48
1377532772, 50.48
1377532777, 50.45
1377532782, 50.48
1377532787, 50.45
1377532792, 50.48
1377532797, 50.45
1377532802, 50.45
1377532807, 50.48
1377532812, 50.45
1377532817, 50.48
1377532822, 50.48
1377532827, 50.48
1377532832, 50.45
1377532837, 50.48
1377532842, 50.48
1377532847, 50.48
1377532852, 50.45
1377532857, 50.45
1377532862, 50.45
1377532867, 50.48
1377532872, 50.45
1377532877, 50.48
1377532882, 50.48
1377532887, 50.48
1377532892, 50.48
1377532897, 50.48
1377532902, 50.48
1377532907, 50.48
1377532912, 50.45
1377532917, 50.48
1377532922, 50.48
1377532927, 50.45
1377532932, 50.45
1377532937, 50.45
1377532942, 50.45
1377532947, 50.45
1377532952, 50.48
1377532957, 50.48
1377532962, 50.48
1377532967, 50.48
1377532972, 50.48
1377532977, 50.45
1377532982, 50.45
1377532987, 50.48
1377532992, 50.45
1377532997, 50.45
1377533002, 50.48
1377533007, 50.45
1377533012, 50.45
1377533017, 50.48
1377533022, 50.45
1377533027, 50.45
1377533032, 50.48
1377533037, 50.45
1377533042, 50.48
1377533047, 50.45
1377533052, 50.45
1377533057, 50.45
1377533062, 50.48
1377533067, 50.45
1377533072, 50.45
1377533077, 50.48
1377533082, 50.48
1377533087, 50.48
1377533092, 50.45
1377533097, 50.45
1377533102, 50.48
1377533107, 50.45
1377533112, 50.45
1377533117, 50.45
1377533122, 50.45
1377533127, 50.48
1377533132, 50.45
1377533137, 50.45
1377533142, 50.48
1377533147, 50.48
1377533152, 50.45
1377533157, 50.45
1377533162, 50.45
1377533167, 50.45
1377533172, 50.48
1377533177, 50.45
1377533182, 50.45
1377533187, 50.45
1377533192, 50.45
1377533197, 50.45
1377533202, 50.45
1377533207, 50.45
1377533212, 50.45
1377533217, 50.48
1377533222, 50.45
1377533227, 50.45
1377533232, 50.45
1377533237, 50.45
1377533242, 50.45
1377533247, 50.45
1377533252, 50.45
1377533257, 50.45
1377533262, 50.45
1377533267, 50.45
1377533272, 50.45
1377533277, 50.45
1377533282, 50.45
1377533287, 50.45
1377533292, 50.45
1377533297, 50.48
1377533302, 50.45
1377533307, 50.45
1377533312, 50.45
1377533317, 50.45
1377533322, 50.45
1377533327, 50.48
1377533332, 50.45
1377533337, 50.45
1377533342, 50.45
1377533347, 50.45
1377533352, 50.45
1377533357, 50.45
1377533362, 50.45
1377533367, 50.45
1377533372, 50.45
1377533377, 50.45
1377533382, 50.45
1377533387, 50.45
1377533394, 50.45
1377533397, 50.45
1377533402, 50.45
1377533407, 50.45
1377533412, 50.45
1377533417, 50.45
1377533422, 50.45
1377533427, 50.45
1377533432, 50.45
1377533437, 50.45
1377533442, 50.45
1377533447, 50.45
1377533452, 50.45
1377533457, 50.45
1377533462, 50.45
1377533467, 50.45
1377533472, 50.45
1377533477, 50.48
1377533482, 50.45
1377533487, 50.45
1377533492, 50.45
1377533497, 50.45
1377533502, 50.45
1377533507, 50.45
1377533512, 50.48
1377533517, 50.45
1377533522, 50.45
1377533527, 50.45
1377533532, 50.45
1377533537, 50.45
1377533542, 50.45
1377533547, 50.45
1377533552, 50.45
1377533557, 50.45
1377533562, 50.45
1377533567, 50.45
1377533572, 50.45
1377533577, 50.45
1377533582, 50.45
1377533587, 50.45
1377533592, 50.45
1377533597, 50.45
1377533602, 50.45
1377533607, 50.45
1377533612, 50.45
1377533617, 50.45
1377533622, 50.45
1377533627, 50.45
1377533632, 50.45
1377533637, 50.45
1377533642, 50.45
1377533647, 50.45
1377533652, 50.45
1377533657, 50.45
1377533662, 50.45
1377533667, 50.45
1377533672, 50.45
1377533677, 50.45
1377533682, 50.45
1377533687, 50.45
1377533692, 50.45
1377533697, 50.45
1377533702, 50.45
1377533707, 50.45
1377533712, 50.42
1377533717, 50.45
1377533722, 50.45
1377533727, 50.45
1377533732, 50.45
1377533737, 50.42
1377533742, 50.45
1377533747, 50.45
1377533752, 50.45
1377533757, 50.45
1377533762, 50.45
1377533767, 50.42
1377533772, 50.45
1377533777, 50.42
1377533782, 50.45
1377533787, 50.45
1377533792, 50.45
1377533797, 50.45
1377533802, 50.45
1377533807, 50.45
1377533812, 50.45
1377533817, 50.45
1377533822, 50.45
1377533827, 50.45
1377533832, 50.45
1377533837, 50.45
1377533842, 50.45
1377533847, 50.42
1377533852, 50.45
1377533857, 50.45
1377533862, 50.45
1377533867, 50.45
1377533872, 50.45
1377533877, 50.42
1377533882, 50.42
1377533887, 50.45
1377533892, 50.45
1377533897, 50.45
1377533902, 50.42
1377533907, 50.45
1377533912, 50.45
1377533917, 50.45
1377533922, 50.45
1377533927, 50.45
1377533932, 50.45
1377533937, 50.42
1377533942, 50.45
1377533947, 50.42
1377533952, 50.45
1377533957, 50.42
1377533962, 50.42
1377533967, 50.45
1377533972, 50.45
1377533977, 50.45
1377533982, 50.45
1377533987, 50.45
1377533992, 50.45
1377533997, 50.45
1377534002, 50.45
1377534007, 50.42
1377534012, 50.42
1377534017, 50.45
1377534022, 50.42
1377534027, 50.42
1377534032, 50.45
1377534037, 50.42
1377534042, 50.42
1377534047, 50.45
1377534052, 50.42
1377534057, 50.42
1377534062, 50.45
1377534067, 50.42
1377534072, 50.42
1377534077, 50.45
1377534082, 50.42
1377534087, 50.45
1377534092, 50.45
1377534097, 50.45
1377534102, 50.42
1377534107, 50.42
1377534112, 50.45
1377534117, 50.42
1377534122, 50.42
1377534127, 50.42
1377534132, 50.42
1377534137, 50.45
1377534142, 50.45
1377534147, 50.42
1377534152, 50.45
1377534157, 50.42
1377534162, 50.45
1377534167, 50.42
1377534172, 50.45
1377534177, 50.45
1377534182, 50.42
1377534187, 50.45
1377534192, 50.42
1377534197, 50.42
1377534202, 50.42
1377534207, 50.45
1377534212, 50.42
1377534217, 50.42
1377534222, 50.42
1377534227, 50.45
1377534232, 50.45
1377534237, 50.42
1377534242, 50.42
1377534247, 50.45
1377534252, 50.42
1377534257, 50.42
1377534262, 50.42
1377534267, 50.42
1377534272, 50.42
1377534277, 50.42
1377534282, 50.42
1377534287, 50.42
1377534292, 50.42
1377534297, 50.39
1377534302, 50.45
1377534307, 50.42
1377534312, 50.42
1377534317, 50.42
1377534322, 50.42
1377534327, 50.42
1377534332, 50.42
1377534337, 50.42
1377534342, 50.42
1377534347, 50.42
1377534352, 50.42
1377534357, 50.42
1377534362, 50.42
1377534367, 50.42
1377534372, 50.42
1377534377, 50.42
1377534382, 50.42
1377534387, 50.39
1377534392, 50.42
1377534397, 50.42
1377534402, 50.42
1377534407, 50.42
1377534412, 50.42
1377534417, 50.42
1377534422, 50.39
1377534427, 50.39
1377534432, 50.42
1377534437, 50.42
1377534442, 50.39
1377534447, 50.42
1377534452, 50.45
1377534457, 50.42
1377534462, 50.42
1377534467, 50.42
1377534472, 50.42
1377534477, 50.42
1377534482, 50.42
1377534487, 50.42
1377534492, 50.42
1377534497, 50.42
1377534502, 50.39
1377534507, 50.42
1377534512, 50.39
1377534517, 50.42
1377534522, 50.42
1377534527, 50.42
1377534532, 50.42
1377534537, 50.42
1377534542, 50.42
1377534547, 50.42
1377534552, 50.42
1377534557, 50.42
1377534562, 50.42
1377534567, 50.39
1377534572, 50.42
1377534577, 50.42
1377534582, 50.42
1377534587, 50.42
1377534592, 50.42
1377534597, 50.39
1377534602, 50.42
1377534607, 50.42
1377534612, 50.39
1377534617, 50.42
1377534622, 50.42
1377534627, 50.42
1377534632, 50.39
1377534637, 50.39
1377534642, 50.42
1377534647, 50.39
1377534652, 50.39
1377534657, 50.42
1377534662, 50.42
1377534667, 50.39
1377534672, 50.39
1377534677, 50.42
1377534682, 50.42
1377534687, 50.39
1377534692, 50.39
1377534697, 50.39
1377534702, 50.42
1377534707, 50.39
1377534712, 50.39
1377534717, 50.42
1377534722, 50.39
1377534727, 50.39
1377534732, 50.42
1377534737, 50.39
1377534742, 50.39
1377534747, 50.39
1377534752, 50.39
1377534757, 50.39
1377534762, 50.42
1377534767, 50.39
1377534772, 50.39
1377534777, 50.42
1377534782, 50.39
1377534787, 50.39
1377534792, 50.39
1377534797, 50.39
1377534802, 50.39
1377534807, 50.39
1377534812, 50.39
1377534817, 50.39
1377534822, 50.39
1377534827, 50.39
1377534832, 50.39
1377534837, 50.39
1377534842, 50.39
1377534847, 50.42
1377534852, 50.39
1377534857, 50.39
1377534862, 50.39
1377534867, 50.39
1377534872, 50.39
1377534877, 50.39
1377534882, 50.39
1377534887, 50.39
1377534892, 50.39
1377534897, 50.39
1377534902, 50.39
1377534907, 50.39
1377534912, 50.39
1377534917, 50.39
1377534922, 50.39
1377534927, 50.39
1377534932, 50.39
1377534937, 50.39
1377534942, 50.39
1377534947, 50.39
1377534952, 50.39
1377534957, 50.39
1377534962, 50.39
1377534967, 50.39
1377534972, 50.39
1377534977, 50.39
1377534982, 50.39
1377534987, 50.39
1377534992, 50.39
1377534997, 50.39
1377535002, 50.39
1377535007, 50.39
1377535012, 50.39
1377535017, 50.39
1377535022, 50.39
1377535027, 50.39
1377535032, 50.39
1377535037, 50.39
1377535042, 50.39
1377535047, 50.39
1377535052, 50.39
1377535057, 50.39
1377535062, 50.39
1377535067, 50.39
1377535072, 50.39
1377535077, 50.35
1377535082, 50.39
1377535087, 50.39
1377535092, 50.39
1377535097, 50.39
1377535102, 50.39
1377535107, 50.39
1377535112, 50.39
1377535117, 50.39
1377535122, 50.39
1377535130, 50.39
1377535132, 50.39
1377535137, 50.39
1377535142, 50.39
1377535147, 50.39
1377535152, 50.39
1377535157, 50.39
1377535162, 50.39
1377535167, 50.39
1377535172, 50.39
1377535177, 50.39
1377535182, 50.39
1377535187, 50.39
1377535192, 50.39
1377535197, 50.39
1377535202, 50.39
1377535207, 50.39
1377535212, 50.39
1377535217, 50.39
1377535222, 50.39
1377535227, 50.39
1377535232, 50.39
1377535237, 50.39
1377535242, 50.39
1377535247, 50.39
1377535252, 50.39
1377535257, 50.39
1377535262, 50.39
1377535267, 50.39
1377535272, 50.39
1377535277, 50.39
1377535282, 50.39
1377535287, 50.39
1377535292, 50.39
1377535297, 50.39
1377535302, 50.39
1377535307, 50.39
1377535312, 50.42
1377535317, 50.39
1377535322, 50.39
1377535327, 50.39
1377535332, 50.39
1377535337, 50.39
1377535342, 50.39
1377535347, 50.39
1377535352, 50.39
1377535357, 50.39
1377535362, 50.39
1377535367, 50.39
1377535372, 50.39
1377535377, 50.39
1377535382, 50.39
1377535387, 50.39
1377535392, 50.39
1377535397, 50.39
1377535402, 50.39
1377535407, 50.39
1377535412, 50.39
1377535417, 50.39
1377535422, 50.39
1377535427, 50.39
1377535432, 50.39
1377535437, 50.39
1377535442, 50.39
1377535447, 50.39
1377535452, 50.39
1377535457, 50.39
1377535462, 50.39
1377535467, 50.39
1377535472, 50.39
1377535477, 50.39
1377535482, 50.39
1377535487, 50.39
1377535492, 50.39
1377535497, 50.39
1377535502, 50.39
1377535507, 50.42
1377535512, 50.39
1377535517, 50.39
1377535522, 50.39
1377535527, 50.39
1377535532, 50.39
1377535537, 50.39
1377535542, 50.39
1377535547, 50.39
1377535552, 50.39
1377535557, 50.39
1377535562, 50.39
1377535567, 50.39
1377535572, 50.39
1377535577, 50.39
1377535582, 50.39
1377535587, 50.39
1377535592, 50.39
1377535597, 50.39
1377535602, 50.39
1377535607, 50.39
1377535612, 50.39
1377535617, 50.39
1377535622, 50.39
1377535627, 50.39
1377535632, 50.39
1377535637, 50.39
1377535642, 50.39
1377535647, 50.39
1377535652, 50.39
1377535657, 50.39
1377535662, 50.39
1377535667, 50.35
1377535672, 50.39
1377535677, 50.39
1377535682, 50.39
1377535687, 50.39
1377535692, 50.39
1377535697, 50.39
1377535702, 50.35
1377535707, 50.39
1377535712, 50.39
1377535717, 50.35
1377535722, 50.39
1377535727, 50.39
1377535732, 50.39
1377535737, 50.39
1377535742, 50.39
1377535747, 50.35
1377535752, 50.39
1377535757, 50.39
1377535762, 50.39
1377535767, 50.39
1377535772, 50.39
1377535777, 50.35
1377535782, 50.39
1377535787, 50.35
1377535792, 50.39
1377535797, 50.39
1377535802, 50.39
1377535807, 50.39
1377535812, 50.39
1377535817, 50.39
1377535822, 50.39
1377535827, 50.39
1377535832, 50.39
1377535837, 50.39
1377535842, 50.39
1377535847, 50.39
1377535852, 50.39
1377535857, 50.39
1377535862, 50.39
1377535867, 50.35
1377535872, 50.39
1377535877, 50.39
1377535882, 50.35
1377535887, 50.35
1377535892, 50.39
1377535897, 50.35
1377535902, 50.35
1377535907, 50.39
1377535912, 50.39
1377535917, 50.39
1377535922, 50.39
1377535927, 50.39
1377535932, 50.39
1377535937, 50.39
1377535942, 50.35
1377535947, 50.39
1377535952, 50.39
1377535957, 50.39
1377535962, 50.39
1377535967, 50.35
1377535974, 50.39
1377535977, 50.35
1377535982, 50.35
1377535987, 50.35
1377535992, 50.35
1377535997, 50.39
1377536002, 50.35
1377536007, 50.35
1377536012, 50.39
1377536017, 50.39
1377536022, 50.39
1377536027, 50.35
1377536032, 50.35
1377536037, 50.39
1377536042, 50.35
1377536047, 50.39
1377536052, 50.39
1377536057, 50.39
1377536062, 50.39
1377536067, 50.39
1377536072, 50.35
1377536077, 50.39
1377536082, 50.35
1377536087, 50.39
1377536092, 50.35
1377536097, 50.35
1377536102, 50.39
1377536107, 50.35
1377536112, 50.39
1377536117, 50.39
1377536122, 50.35
1377536127, 50.35
1377536132, 50.35
1377536137, 50.39
1377536142, 50.35
1377536147, 50.35
1377536152, 50.35
1377536157, 50.35
1377536162, 50.35
1377536167, 50.35
1377536172, 50.39
1377536177, 50.35
1377536182, 50.39
1377536187, 50.35
1377536192, 50.39
1377536197, 50.35
1377536202, 50.35
1377536207, 50.35
1377536212, 50.39
1377536217, 50.35
1377536222, 50.35
1377536227, 50.35
1377536232, 50.35
1377536237, 50.35
1377536242, 50.35
1377536247, 50.35
1377536252, 50.35
1377536257, 50.35
1377536262, 50.35
1377536267, 50.32
1377536272, 50.35
1377536277, 50.32
1377536282, 50.35
1377536287, 50.35
1377536292, 50.32
1377536297, 50.32
1377536302, 50.32
1377536307, 50.35
1377536312, 50.32
1377536317, 50.35
1377536322, 50.32
1377536327, 50.32
1377536332, 50.32
1377536337, 50.32
1377536342, 50.32
1377536347, 50.32
1377536352, 50.32
1377536357, 50.32
1377536362, 50.32
1377536367, 50.32
1377536372, 50.32
1377536377, 50.32
1377536382, 50.32
1377536387, 50.32
1377536392, 50.32
1377536397, 50.32
1377536402, 50.32
1377536407, 50.32
1377536412, 50.32
1377536417, 50.32
1377536422, 50.32
1377536427, 50.32
1377536432, 50.32
1377536437, 50.32
1377536442, 50.32
1377536447, 50.32
1377536452, 50.32
1377536457, 50.32
1377536462, 50.32
1377536467, 50.32
1377536472, 50.32
1377536477, 50.32
1377536482, 50.32
1377536487, 50.29
1377536492, 50.32
1377536497, 50.32
1377536502, 50.32
1377536507, 50.29
1377536512, 50.32
1377536517, 50.32
1377536522, 50.32
1377536527, 50.29
1377536532, 50.29
1377536537, 50.29
1377536542, 50.32
1377536547, 50.29
1377536552, 50.29
1377536557, 50.32
1377536562, 50.29
1377536567, 50.32
1377536572, 50.29
1377536577, 50.32
1377536582, 50.29
1377536587, 50.29
1377536592, 50.29
1377536597, 50.29
1377536602, 50.29
1377536607, 50.29
1377536612, 50.29
1377536617, 50.29
1377536622, 50.29
1377536627, 50.29
1377536632, 50.29
1377536637, 50.29
1377536642, 50.29
1377536647, 50.29
1377536652, 50.29
1377536657, 50.29
1377536662, 50.29
1377536667, 50.26
1377536672, 50.26
1377536677, 50.29
1377536682, 50.26
1377536687, 50.29
1377536692, 50.26
1377536697, 50.29
1377536702, 50.29
1377536707, 50.26
1377536712, 50.26
1377536717, 50.29
1377536722, 50.26
1377536727, 50.26
1377536732, 50.26
1377536737, 50.26
1377536742, 50.29
1377536747, 50.26
1377536752, 50.26
1377536757, 50.26
1377536762, 50.26
1377536767, 50.26
1377536772, 50.26
1377536777, 50.26
1377536782, 50.26
1377536787, 50.26
1377536792, 50.26
1377536797, 50.26
1377536802, 50.26
1377536807, 50.26
1377536812, 50.26
1377536817, 50.26
1377536825, 50.26
1377536827, 50.26
1377536832, 50.26
1377536837, 50.26
1377536842, 50.26
1377536847, 50.26
1377536852, 50.26
1377536857, 50.26
1377536862, 50.26
1377536867, 50.26
1377536872, 50.26
1377536877, 50.26
1377536882, 50.26
1377536887, 50.26
1377536892, 50.26
1377536897, 50.26
1377536902, 50.26
1377536907, 50.26
1377536912, 50.26
1377536917, 50.23
1377536922, 50.26
1377536927, 50.26
1377536932, 50.26
1377536937, 50.26
1377536942, 50.26
1377536947, 50.26
1377536952, 50.26
1377536957, 50.26
1377536962, 50.26
1377536967, 50.26
1377536972, 50.26
1377536977, 50.26
1377536982, 50.26
1377536987, 50.26
1377536992, 50.26
1377536997, 50.26
1377537002, 50.26
1377537007, 50.26
1377537012, 50.26
1377537017, 50.26
1377537022, 50.26
1377537027, 50.26
1377537032, 50.26
1377537037, 50.26
1377537042, 50.23
1377537047, 50.23
1377537052, 50.26
1377537057, 50.26
1377537062, 50.26
1377537067, 50.26
1377537072, 50.26
1377537077, 50.23
1377537082, 50.23
1377537087, 50.23
1377537092, 50.23
1377537097, 50.23
1377537102, 50.23
1377537107, 50.23
1377537112, 50.26
1377537117, 50.23
1377537122, 50.19
1377537127, 50.23
1377537132, 50.23
1377537137, 50.23
1377537142, 50.23
1377537147, 50.23
1377537152, 50.23
1377537157, 50.23
1377537162, 50.23
1377537167, 50.23
1377537172, 50.26
1377537177, 50.23
1377537182, 50.23
1377537187, 50.23
1377537192, 50.23
1377537197, 50.23
1377537202, 50.26
1377537207, 50.23
1377537212, 50.26
1377537217, 50.19
1377537222, 50.19
1377537227, 50.19
1377537232, 50.23
1377537237, 50.19
1377537242, 50.23
1377537247, 50.23
1377537252, 50.19
1377537257, 50.23
1377537262, 50.19
1377537267, 50.23
1377537272, 50.23
1377537277, 50.23
1377537282, 50.19
1377537287, 50.19
1377537292, 50.19
1377537297, 50.19
1377537302, 50.19
1377537307, 50.23
1377537312, 50.19
1377537317, 50.23
1377537322, 50.19
1377537327, 50.19
1377537332, 50.23
1377537337, 50.19
1377537342, 50.19
1377537347, 50.19
1377537352, 50.19
1377537357, 50.19
1377537362, 50.19
1377537367, 50.19
1377537372, 50.19
1377537377, 50.19
1377537382, 50.19
1377537387, 50.19
1377537392, 50.19
1377537397, 50.19
1377537402, 50.19
1377537407, 50.19
1377537412, 50.19
1377537417, 50.19
1377537422, 50.19
1377537427, 50.19
1377537432, 50.19
1377537437, 50.19
1377537442, 50.19
1377537447, 50.19
1377537452, 50.19
1377537457, 50.19
1377537462, 50.19
1377537467, 50.19
1377537472, 50.19
1377537477, 50.19
1377537482, 50.19
1377537487, 50.19
1377537492, 50.19
1377537497, 50.19
1377537502, 50.19
1377537507, 50.19
1377537512, 50.19
1377537517, 50.19
1377537522, 50.19
1377537527, 50.19
1377537532, 50.19
1377537537, 50.19
1377537542, 50.19
1377537547, 50.19
1377537552, 50.19
1377537557, 50.19
1377537562, 50.16
1377537567, 50.19
1377537572, 50.19
1377537577, 50.19
1377537582, 50.19
1377537587, 50.19
1377537592, 50.16
1377537597, 50.19
1377537602, 50.19
1377537607, 50.19
1377537612, 50.19
1377537617, 50.19
1377537622, 50.19
1377537627, 50.19
1377537632, 50.19
1377537637, 50.19
1377537642, 50.19
1377537647, 50.19
1377537652, 50.19
1377537657, 50.19
1377537662, 50.19
1377537667, 50.19
1377537672, 50.19
1377537677, 50.19
1377537682, 50.19
1377537687, 50.19
1377537695, 50.19
1377537697, 50.19
1377537702, 50.19
1377537707, 50.19
1377537712, 50.19
1377537717, 50.19
1377537722, 50.19
1377537727, 50.19
1377537732, 50.19
1377537737, 50.19
1377537742, 50.19
1377537747, 50.19
1377537752, 50.19
1377537757, 50.19
1377537762, 50.19
1377537767, 50.19
1377537772, 50.19
1377537777, 50.16
1377537782, 50.19
1377537787, 50.19
1377537792, 50.19
1377537797, 50.19
1377537802, 50.19
1377537807, 50.19
1377537812, 50.19
1377537817, 50.16
1377537822, 50.19
1377537827, 50.19
1377537832, 50.19
1377537837, 50.19
1377537842, 50.19
1377537847, 50.19
1377537852, 50.19
1377537857, 50.19
1377537862, 50.19
1377537867, 50.19
1377537872, 50.19
1377537877, 50.16
1377537882, 50.19
1377537887, 50.19
1377537892, 50.19
1377537897, 50.19
1377537902, 50.19
1377537907, 50.16
1377537912, 50.19
1377537917, 50.19
1377537922, 50.16
1377537927, 50.19
1377537932, 50.19
1377537937, 50.19
1377537942, 50.19
1377537947, 50.19
1377537952, 50.19
1377537957, 50.19
1377537962, 50.19
1377537967, 50.19
1377537972, 50.19
1377537977, 50.19
1377537982, 50.16
1377537987, 50.19
1377537992, 50.19
1377537998, 50.19
1377538002, 50.19
1377538007, 50.19
1377538012, 50.19
1377538017, 50.19
1377538022, 50.19
1377538027, 50.19
1377538032, 50.19
1377538037, 50.16
1377538042, 50.16
1377538047, 50.19
1377538052, 50.19
1377538057, 50.16
1377538062, 50.19
1377538067, 50.19
1377538072, 50.16
1377538077, 50.19
1377538082, 50.16
1377538087, 50.16
1377538092, 50.19
1377538097, 50.19
1377538102, 50.19
1377538107, 50.19
1377538112, 50.19
1377538117, 50.16
1377538122, 50.19
1377538127, 50.16
1377538132, 50.16
1377538137, 50.16
1377538142, 50.16
1377538147, 50.16
1377538152, 50.16
1377538157, 50.16
1377538162, 50.16
1377538167, 50.16
1377538172, 50.19
1377538177, 50.16
1377538182, 50.16
1377538187, 50.19
1377538192, 50.19
1377538197, 50.16
1377538202, 50.16
1377538207, 50.16
1377538212, 50.19
1377538217, 50.16
1377538222, 50.19
1377538227, 50.16
1377538232, 50.19
1377538237, 50.16
1377538242, 50.16
1377538247, 50.16
1377538252, 50.16
1377538257, 50.16
1377538262, 50.16
1377538267, 50.16
1377538272, 50.16
1377538277, 50.13
1377538282, 50.16
1377538287, 50.13
1377538292, 50.19
1377538297, 50.16
1377538302, 50.16
1377538307, 50.16
1377538312, 50.13
1377538317, 50.16
1377538322, 50.16
1377538327, 50.16
1377538332, 50.16
1377538337, 50.16
1377538342, 50.16
1377538347, 50.16
1377538352, 50.16
1377538357, 50.13
1377538362, 50.16
1377538367, 50.13
1377538372, 50.13
1377538377, 50.16
1377538382, 50.16
1377538387, 50.13
1377538392, 50.13
1377538397, 50.16
1377538402, 50.13
1377538407, 50.13
1377538412, 50.16
1377538417, 50.16
1377538422, 50.16
1377538427, 50.16
1377538432, 50.16
1377538437, 50.13
1377538442, 50.16
1377538447, 50.16
1377538452, 50.13
1377538457, 50.13
1377538462, 50.13
1377538467, 50.13
1377538472, 50.16
1377538477, 50.16
1377538482, 50.13
1377538487, 50.13
1377538492, 50.16
1377538497, 50.13
1377538502, 50.13
1377538507, 50.13
1377538512, 50.16
1377538517, 50.13
1377538522, 50.16
1377538527, 50.16
1377538532, 50.13
1377538537, 50.13
1377538542, 50.16
1377538547, 50.16
1377538552, 50.13
1377538557, 50.16
1377538562, 50.13
1377538570, 50.13
1377538572, 50.13
1377538577, 50.16
1377538582, 50.13
1377538587, 50.13
1377538592, 50.13
1377538597, 50.13
1377538602, 50.13
1377538607, 50.13
1377538612, 50.13
1377538617, 50.13
1377538622, 50.16
1377538627, 50.13
1377538632, 50.13
1377538637, 50.13
1377538642, 50.13
1377538647, 50.13
1377538652, 50.13
1377538657, 50.13
1377538662, 50.13
1377538667, 50.13
1377538672, 50.13
1377538677, 50.13
1377538682, 50.13
1377538687, 50.13
1377538692, 50.13
1377538697, 50.13
1377538702, 50.13
1377538707, 50.13
1377538712, 50.16
1377538717, 50.13
1377538722, 50.13
1377538727, 50.13
1377538732, 50.13
1377538737, 50.13
1377538742, 50.13
1377538747, 50.13
1377538752, 50.13
1377538757, 50.13
1377538762, 50.13
1377538767, 50.13
1377538772, 50.13
1377538777, 50.13
1377538782, 50.13
1377538787, 50.13
1377538792, 50.13
1377538797, 50.13
1377538802, 50.13
1377538807, 50.13
1377538812, 50.13
1377538817, 50.13
1377538822, 50.10
1377538827, 50.13
1377538832, 50.10
1377538837, 50.13
1377538842, 50.13
1377538847, 50.10
1377538852, 50.10
1377538857, 50.13
1377538862, 50.10
1377538867, 50.13
1377538872, 50.13
1377538877, 50.13
1377538882, 50.13
1377538887, 50.13
1377538892, 50.13
1377538897, 50.13
1377538902, 50.13
1377538907, 50.13
1377538912, 50.13
1377538917, 50.13
1377538922, 50.13
1377538927, 50.10
1377538932, 50.13
1377538937, 50.13
1377538942, 50.10
1377538947, 50.10
1377538952, 50.13
1377538957, 50.13
1377538962, 50.10
1377538967, 50.13
1377538972, 50.10
1377538977, 50.13
1377538982, 50.13
1377538987, 50.10
1377538992, 50.10
1377538997, 50.13
1377539002, 50.10
1377539007, 50.10
1377539012, 50.10
1377539017, 50.10
1377539022, 50.10
1377539027, 50.13
1377539032, 50.06
1377539037, 50.10
1377539042, 50.10
1377539047, 50.10
1377539052, 50.10
1377539057, 50.10
1377539062, 50.10
1377539067, 50.10
1377539072, 50.06
1377539077, 50.10
1377539082, 50.10
1377539087, 50.10
1377539092, 50.10
1377539097, 50.06
1377539102, 50.10
1377539107, 50.06
1377539112, 50.06
1377539117, 50.06
1377539122, 50.06
1377539127, 50.06
1377539132, 50.06
1377539137, 50.06
1377539142, 50.06
1377539147, 50.10
1377539152, 50.06
1377539157, 50.06
1377539162, 50.06
1377539167, 50.06
1377539172, 50.06
1377539177, 50.06
1377539182, 50.06
1377539187, 50.06
1377539192, 50.06
1377539197, 50.06
1377539202, 50.06
1377539207, 50.06
1377539212, 50.06
1377539217, 50.06
1377539222, 50.06
1377539227, 50.06
1377539232, 50.06
1377539237, 50.03
1377539242, 50.06
1377539247, 50.06
1377539252, 50.06
1377539257, 50.06
1377539262, 50.06
1377539267, 50.06
1377539272, 50.06
1377539277, 50.06
1377539282, 50.03
1377539287, 50.06
1377539292, 50.06
1377539297, 50.03
1377539303, 50.06
1377539307, 50.06
1377539312, 50.06
1377539317, 50.06
1377539322, 50.06
1377539327, 50.06
1377539332, 50.06
1377539337, 50.03
1377539342, 50.03
1377539347, 50.06
1377539352, 50.03
1377539357, 50.06
1377539362, 50.06
1377539367, 50.06
1377539372, 50.06
1377539377, 50.06
1377539382, 50.06
1377539387, 50.06
1377539392, 50.03
1377539397, 50.06
1377539402, 50.06
1377539407, 50.03
1377539412, 50.03
1377539417, 50.06
1377539422, 50.06
1377539427, 50.06
1377539432, 50.03
1377539437, 50.03
1377539442, 50.03
1377539447, 50.06
1377539452, 50.06
1377539457, 50.03
1377539462, 50.03
1377539467, 50.03
1377539472, 50.03
1377539477, 50.06
1377539482, 50.03
1377539487, 50.06
1377539492, 50.03
1377539497, 50.03
1377539502, 50.06
1377539507, 50.06
1377539512, 50.06
1377539517, 50.03
1377539522, 50.06
1377539527, 50.03
1377539532, 50.03
1377539537, 50.06
1377539542, 50.06
1377539547, 50.06
1377539552, 50.03
1377539557, 50.03
1377539562, 50.03
1377539567, 50.06
1377539572, 50.06
1377539577, 50.03
1377539582, 50.06
1377539587, 50.03
1377539592, 50.03
1377539597, 50.06
1377539602, 50.03
1377539607, 50.06
1377539612, 50.06
1377539617, 50.03
1377539622, 50.06
1377539627, 50.06
1377539632, 50.03
1377539637, 50.06
1377539642, 50.06
1377539647, 50.03
1377539652, 50.03
1377539657, 50.03
1377539662, 50.03
1377539667, 50.03
1377539672, 50.06
1377539677, 50.06
1377539682, 50.06
1377539687, 50.03
1377539692, 50.06
1377539697, 50.06
1377539702, 50.06
1377539707, 50.06
1377539712, 50.03
1377539717, 50.06
1377539722, 50.06
1377539727, 50.03
1377539732, 50.06
1377539737, 50.06
1377539742, 50.03
1377539747, 50.03
1377539752, 50.03
1377539757, 50.03
1377539762, 50.03
1377539767, 50.03
1377539772, 50.06
1377539777, 50.03
1377539782, 50.06
1377539787, 50.06
1377539792, 50.03
1377539797, 50.06
1377539802, 50.03
1377539807, 50.03
1377539812, 50.03
1377539817, 50.06
1377539822, 50.06
1377539827, 50.06
1377539832, 50.03
1377539837, 50.03
1377539842, 50.03
1377539847, 50.03
1377539852, 50.03
1377539857, 50.03
1377539862, 50.03
1377539867, 50.03
1377539872, 50.00
1377539877, 50.03
1377539882, 50.03
1377539887, 50.00
1377539892, 50.03
1377539897, 50.03
1377539902, 50.03
1377539907, 50.03
1377539912, 50.03
1377539917, 50.03
1377539922, 50.03
1377539927, 50.03
1377539932, 50.00
1377539937, 50.03
1377539942, 50.03
1377539947, 50.03
1377539952, 50.03
1377539957, 50.00
1377539962, 50.00
1377539967, 50.03
1377539972, 50.00
1377539977, 50.03
1377539982, 50.03
1377539987, 50.03
1377539992, 50.00
1377539997, 50.03
1377540002, 50.03
1377540007, 50.03
1377540012, 50.00
1377540017, 50.00
1377540022, 50.03
1377540027, 50.03
1377540032, 50.00
1377540037, 50.00
1377540042, 50.00
1377540047, 50.00
1377540052, 50.00
1377540057, 50.03
1377540062, 50.00
1377540067, 50.03
1377540072, 50.03
1377540077, 50.00
1377540082, 50.00
1377540087, 50.00
1377540092, 50.00
1377540097, 50.00
1377540102, 50.03
1377540107, 50.00
1377540112, 50.00
1377540117, 50.03
1377540122, 50.00
1377540127, 50.00
1377540132, 50.00
1377540137, 50.00
1377540142, 50.03
1377540147, 50.00
1377540152, 50.00
1377540157, 50.00
1377540162, 50.00
1377540167, 50.00
1377540172, 50.00
1377540177, 50.03
1377540182, 50.00
1377540187, 50.00
1377540192, 50.00
1377540197, 50.00
1377540202, 50.00
1377540207, 50.00
1377540212, 50.00
1377540217, 50.00
1377540222, 50.00
1377540227, 50.00
1377540232, 50.00
1377540237, 50.00
1377540242, 50.00
1377540247, 50.00
1377540252, 50.00
1377540257, 50.00
1377540262, 50.00
1377540267, 50.00
1377540272, 50.00
1377540277, 50.00
1377540282, 50.00
1377540287, 50.00
1377540292, 50.00
1377540297, 50.00
1377540302, 50.00
1377540307, 50.00
1377540312, 50.00
1377540317, 50.00
1377540322, 50.00
1377540327, 50.00
1377540332, 50.00
1377540337, 50.00
1377540342, 50.00
1377540347, 50.00
1377540352, 50.00
1377540357, 50.00
1377540362, 50.00
1377540367, 50.00
1377540372, 50.00
1377540377, 50.00
1377540382, 50.00
1377540387, 50.00
1377540392, 50.00
1377540397, 49.97
1377540402, 50.00
1377540407, 50.00
1377540412, 50.00
1377540417, 50.00
1377540422, 50.00
1377540427, 49.97
1377540432, 50.00
1377540437, 49.97
1377540442, 50.00
1377540447, 50.00
1377540452, 50.00
1377540457, 49.97
1377540462, 50.00
1377540469, 50.00
1377540472, 50.00
1377540477, 50.00
1377540482, 50.00
1377540487, 50.00
1377540492, 49.97
1377540497, 49.97
1377540502, 50.00
1377540507, 49.97
1377540512, 49.97
1377540517, 49.97
1377540522, 49.97
1377540527, 49.97
1377540532, 50.00
1377540537, 49.97
1377540542, 50.00
1377540547, 49.97
1377540552, 49.97
1377540557, 49.97
1377540562, 50.00
1377540567, 49.94
1377540572, 49.97
1377540577, 49.97
1377540582, 50.00
1377540587, 49.97
1377540592, 49.97
1377540597, 49.97
1377540602, 49.97
1377540607, 49.97
1377540612, 49.97
1377540617, 49.97
1377540622, 49.97
1377540627, 49.97
1377540632, 49.97
1377540637, 49.94
1377540642, 49.97
1377540647, 49.97
1377540652, 49.97
1377540657, 49.97
1377540662, 49.94
1377540667, 49.94
1377540672, 49.94
1377540677, 49.94
1377540682, 49.94
1377540687, 49.97
1377540692, 49.94
1377540697, 49.94
1377540702, 49.97
1377540707, 49.97
1377540712, 49.97
1377540717, 49.97
1377540722, 49.97
1377540727, 49.94
1377540732, 49.97
1377540737, 49.97
1377540742, 49.94
1377540747, 49.94
1377540752, 49.94
1377540757, 49.94
1377540762, 49.94
1377540767, 49.97
1377540772, 49.94
1377540777, 49.94
1377540782, 49.94
1377540787, 49.94
1377540792, 49.94
1377540797, 49.94
1377540802, 49.94
1377540807, 49.97
1377540812, 49.94
1377540817, 49.94
1377540822, 49.94
1377540827, 49.94
1377540832, 49.94
1377540837, 49.97
1377540842, 49.94
1377540847, 49.97
1377540852, 49.97
1377540857, 49.94
1377540862, 49.94
1377540867, 49.97
1377540872, 49.97
1377540877, 49.94
1377540882, 49.94
1377540887, 49.94
1377540892, 49.94
1377540897, 49.94
1377540902, 49.94
1377540907, 49.94
1377540912, 49.94
1377540917, 49.97
1377540922, 49.94
1377540927, 49.94
1377540932, 49.97
1377540937, 49.94
1377540942, 49.94
1377540947, 49.94
1377540952, 49.94
1377540957, 49.94
1377540962, 49.94
1377540967, 49.94
1377540972, 49.94
1377540977, 49.94
1377540982, 49.94
1377540987, 49.94
1377540992, 49.94
1377540997, 49.94
1377541002, 49.94
1377541007, 49.94
1377541012, 49.94
1377541017, 49.94
1377541022, 49.94
1377541027, 49.94
1377541032, 49.94
1377541037, 49.94
1377541042, 49.94
1377541047, 49.94
1377541052, 49.94
1377541057, 49.94
1377541062, 49.94
1377541067, 49.94
1377541072, 49.94
1377541077, 49.94
1377541082, 49.94
1377541087, 49.94
1377541092, 49.94
1377541097, 49.94
1377541102, 49.94
1377541107, 49.94
1377541112, 49.94
1377541117, 49.94
1377541122, 49.94
1377541127, 49.94
1377541132, 49.94
1377541137, 49.90
1377541142, 49.94
1377541147, 49.94
1377541152, 49.94
1377541157, 49.94
1377541162, 49.94
1377541167, 49.94
1377541172, 49.94
1377541177, 49.94
1377541182, 49.94
1377541187, 49.90
1377541192, 49.94
1377541197, 49.94
1377541202, 49.94
1377541207, 49.90
1377541212, 49.94
1377541217, 49.90
1377541222, 49.94
1377541227, 49.94
1377541232, 49.94
1377541237, 49.94
1377541242, 49.90
1377541247, 49.94
1377541252, 49.94
1377541257, 49.94
1377541262, 49.90
1377541267, 49.94
1377541272, 49.90
1377541277, 49.94
1377541282, 49.94
1377541287, 49.90
1377541292, 49.90
1377541297, 49.94
1377541302, 49.94
1377541307, 49.90
1377541312, 49.90
1377541317, 49.90
1377541322, 49.90
1377541327, 49.90
1377541332, 49.90
1377541337, 49.90
1377541342, 49.90
1377541347, 49.90
1377541352, 49.90
1377541357, 49.90
1377541362, 49.90
1377541367, 49.94
1377541372, 49.90
1377541377, 49.90
1377541382, 49.94
1377541387, 49.90
1377541392, 49.90
1377541397, 49.94
1377541402, 49.90
1377541407, 49.90
1377541412, 49.90
1377541420, 49.90
1377541422, 49.94
1377541427, 49.90
1377541432, 49.94
1377541437, 49.90
1377541442, 49.87
1377541447, 49.94
1377541452, 49.90
1377541457, 49.90
1377541462, 49.90
1377541467, 49.90
1377541472, 49.90
1377541477, 49.90
1377541482, 49.90
1377541487, 49.90
1377541492, 49.94
1377541497, 49.90
1377541502, 49.94
1377541507, 49.90
1377541512, 49.90
1377541517, 49.90
1377541522, 49.90
1377541527, 49.90
1377541532, 49.94
1377541537, 49.94
1377541542, 49.90
1377541547, 49.90
1377541552, 49.94
1377541557, 49.94
1377541562, 49.90
1377541567, 49.90
1377541572, 49.94
1377541577, 49.90
1377541582, 49.90
1377541587, 49.94
1377541592, 49.90
1377541597, 49.94
1377541602, 49.90
1377541607, 49.90
1377541612, 49.94
1377541617, 49.90
1377541622, 49.90
1377541627, 49.90
1377541632, 49.94
1377541637, 49.90
1377541642, 49.94
1377541647, 49.94
1377541652, 49.90
1377541657, 49.90
1377541662, 49.90
1377541667, 49.90
1377541672, 49.94
1377541677, 49.90
1377541682, 49.90
1377541687, 49.94
1377541692, 49.94
1377541697, 49.90
1377541702, 49.94
1377541707, 49.90
1377541712, 49.90
1377541717, 49.90
1377541722, 49.90
1377541727, 49.94
1377541732, 49.90
1377541737, 49.90
1377541742, 49.94
1377541747, 49.94
1377541752, 49.94
1377541757, 49.94
1377541762, 49.94
1377541767, 49.90
1377541772, 49.94
1377541777, 49.94
1377541782, 49.94
1377541787, 49.94
1377541792, 49.94
1377541797, 49.94
1377541802, 49.94
1377541807, 49.94
1377541812, 49.94
1377541817, 49.94
1377541822, 49.90
1377541827, 49.94
1377541832, 49.94
1377541837, 49.94
1377541842, 49.90
1377541847, 49.94
1377541852, 49.90
1377541857, 49.94
1377541862, 49.94
1377541867, 49.94
1377541872, 49.94
1377541877, 49.94
1377541882, 49.94
1377541887, 49.90
1377541892, 49.94
1377541897, 49.94
1377541902, 49.94
1377541907, 49.94
1377541912, 49.94
1377541917, 49.94
1377541922, 49.94
1377541927, 49.94
1377541932, 49.94
1377541937, 49.90
1377541942, 49.94
1377541947, 49.94
1377541952, 49.94
1377541957, 49.94
1377541962, 49.94
1377541967, 49.94
1377541972, 49.90
1377541977, 49.94
1377541982, 49.94
1377541987, 49.90
1377541992, 49.94
1377541997, 49.94
1377542002, 49.94
1377542007, 49.90
1377542012, 49.94
1377542017, 49.94
1377542022, 49.90
1377542027, 49.94
1377542032, 49.94
1377542037, 49.94
1377542042, 49.94
1377542047, 49.94
1377542052, 49.94
1377542057, 49.94
1377542062, 49.90
1377542067, 49.94
1377542072, 49.94
1377542077, 49.94
1377542082, 49.94
1377542087, 49.94
1377542092, 49.94
1377542097, 49.94
1377542102, 49.94
1377542107, 49.94
1377542112, 49.94
1377542117, 49.94
1377542122, 49.94
1377542127, 49.94
1377542132, 49.94
1377542137, 49.94
1377542142, 49.94
1377542147, 49.94
1377542152, 49.94
1377542157, 49.94
1377542162, 49.94
1377542167, 49.94
1377542172, 49.94
1377542177, 49.94
1377542182, 49.94
1377542187, 49.94
1377542192, 49.94
1377542197, 49.94
1377542202, 49.94
1377542207, 49.94
1377542212, 49.94
1377542217, 49.94
1377542222, 49.97
1377542227, 49.94
1377542232, 49.94
1377542237, 49.94
1377542242, 49.94
1377542247, 49.94
1377542252, 49.94
1377542257, 49.94
1377542262, 49.94
1377542267, 49.94
1377542272, 49.94
1377542277, 49.94
1377542282, 49.94
1377542287, 49.94
1377542292, 49.97
1377542297, 49.94
1377542302, 49.94
1377542307, 49.94
1377542312, 49.94
1377542317, 49.94
1377542322, 49.94
1377542327, 49.94
1377542332, 49.94
1377542337, 49.94
1377542342, 49.94
1377542347, 49.94
1377542352, 49.94
1377542357, 49.94
1377542362, 49.94
1377542369, 49.94
1377542372, 49.94
1377542377, 49.94
1377542382, 49.94
1377542387, 49.94
1377542392, 49.94
1377542397, 49.94
1377542402, 49.94
1377542407, 49.94
1377542412, 49.94
1377542417, 49.94
1377542422, 49.94
1377542427, 49.94
1377542432, 49.94
1377542437, 49.94
1377542442, 49.97
1377542447, 49.94
1377542452, 49.94
1377542457, 49.94
1377542462, 49.94
1377542467, 49.94
1377542472, 49.94
1377542477, 49.94
1377542482, 49.94
1377542487, 49.97
1377542492, 49.94
1377542498, 49.94
1377542502, 49.94
1377542507, 49.94
1377542512, 49.94
1377542517, 49.94
1377542522, 49.94
1377542527, 49.94
1377542532, 49.94
1377542537, 49.94
1377542542, 49.94
1377542547, 49.94
1377542552, 49.94
1377542557, 49.94
1377542562, 49.94
1377542567, 49.94
1377542572, 49.94
1377542577, 49.94
1377542582, 49.94
1377542587, 49.94
1377542592, 49.94
1377542597, 49.94
1377542602, 49.94
1377542607, 49.94
1377542612, 49.94
1377542617, 49.94
1377542622, 49.94
1377542627, 49.94
1377542632, 49.94
1377542637, 49.97
1377542642, 49.94
1377542647, 49.94
1377542652, 49.94
1377542657, 49.94
1377542662, 49.94
1377542667, 49.94
1377542672, 49.94
1377542677, 49.94
1377542682, 49.94
1377542687, 49.94
1377542692, 49.94
1377542697, 49.94
1377542702, 49.94
1377542707, 49.94
1377542712, 49.94
1377542717, 49.94
1377542722, 49.94
1377542727, 49.94
1377542732, 49.94
1377542737, 49.94
1377542742, 49.94
1377542747, 49.94
1377542752, 49.94
1377542757, 49.94
1377542762, 49.94
1377542767, 49.94
1377542772, 49.94
1377542777, 49.94
1377542782, 49.94
1377542787, 49.94
1377542792, 49.94
1377542797, 49.94
1377542802, 49.94
1377542807, 49.94
1377542812, 49.97
1377542818, 49.94
1377542822, 49.94
1377542827, 49.94
1377542832, 49.97
1377542837, 49.94
1377542842, 49.97
1377542847, 49.94
1377542852, 49.94
1377542857, 49.94
1377542862, 49.94
1377542867, 49.94
1377542872, 49.94
1377542877, 49.94
1377542882, 49.94
1377542887, 49.94
1377542892, 49.94
1377542897, 49.97
1377542902, 49.97
1377542907, 49.94
1377542912, 49.94
1377542917, 49.94
1377542922, 49.97
1377542927, 49.94
1377542932, 49.94
1377542937, 49.94
1377542942, 49.94
1377542947, 49.94
1377542952, 49.94
1377542957, 49.94
1377542962, 49.94
1377542967, 49.94
1377542972, 49.94
1377542977, 49.94
1377542982, 49.94
1377542987, 49.94
1377542992, 49.94
1377542997, 49.94
1377543002, 49.97
1377543007, 49.94
1377543012, 49.94
1377543017, 49.94
1377543022, 49.94
1377543027, 49.97
1377543032, 49.94
1377543037, 49.94
1377543042, 49.94
1377543047, 49.94
1377543052, 49.94
1377543057, 49.94
1377543062, 49.94
1377543067, 49.94
1377543072, 49.94
1377543077, 49.97
1377543082, 49.94
1377543087, 49.97
1377543092, 49.94
1377543097, 49.94
1377543102, 49.94
1377543107, 49.94
1377543112, 49.94
1377543117, 49.94
1377543122, 49.94
1377543127, 49.94
1377543132, 49.94
1377543137, 49.94
1377543142, 49.94
1377543147, 49.94
1377543152, 49.97
1377543157, 49.97
1377543162, 49.97
1377543167, 49.94
1377543172, 49.94
1377543181, 49.94
1377543182, 49.94
1377543187, 49.94
1377543192, 49.94
1377543197, 49.94
1377543202, 49.94
1377543207, 49.94
1377543212, 49.97
1377543217, 49.94
1377543222, 49.94
1377543227, 49.94
1377543232, 49.94
1377543237, 49.94
1377543242, 49.94
1377543247, 49.94
1377543252, 49.94
1377543257, 49.94
1377543262, 49.94
1377543267, 49.94
1377543272, 49.94
1377543277, 49.94
1377543282, 49.94
1377543287, 49.94
1377543292, 49.94
1377543297, 49.94
1377543302, 49.94
1377543307, 49.94
1377543312, 49.94
1377543317, 49.94
1377543322, 49.94
1377543327, 49.94
1377543332, 49.94
1377543337, 49.94
1377543342, 49.94
1377543347, 49.90
1377543352, 49.94
1377543357, 49.94
1377543362, 49.94
1377543367, 49.94
1377543372, 49.94
1377543377, 49.94
1377543382, 49.94
1377543387, 49.94
1377543392, 49.94
1377543397, 49.94
1377543402, 49.94
1377543407, 49.94
1377543412, 49.94
1377543417, 49.94
1377543422, 49.94
1377543427, 49.94
1377543432, 49.94
1377543437, 49.94
1377543442, 49.94
1377543447, 49.94
1377543452, 49.94
1377543457, 49.94
1377543462, 49.94
1377543467, 49.94
1377543472, 49.94
1377543477, 49.94
1377543482, 49.94
1377543487, 49.94
1377543492, 49.94
1377543497, 49.94
1377543502, 49.94
1377543507, 49.94
1377543512, 49.94
1377543517, 49.94
1377543522, 49.94
1377543527, 49.94
1377543532, 49.94
1377543537, 49.94
1377543542, 49.94
1377543547, 49.94
1377543552, 49.94
1377543557, 49.94
1377543562, 49.94
1377543567, 49.94
1377543572, 49.94
1377543577, 49.94
1377543582, 49.94
1377543587, 49.94
1377543592, 49.94
1377543597, 49.94
1377543602, 49.94
1377543607, 49.94
1377543612, 49.90
1377543617, 49.94
1377543622, 49.94
1377543627, 49.94
1377543632, 49.94
1377543637, 49.94
1377543642, 49.94
1377543647, 49.94
1377543652, 49.94
1377543657, 49.94
1377543662, 49.94
1377543667, 49.94
1377543672, 49.94
1377543677, 49.94
1377543682, 49.94
1377543687, 49.94
1377543692, 49.94
1377543697, 49.94
1377543702, 49.94
1377543707, 49.94
1377543712, 49.90
1377543717, 49.94
1377543722, 49.94
1377543727, 49.94
1377543732, 49.90
1377543737, 49.94
1377543742, 49.94
1377543747, 49.94
1377543752, 49.90
1377543757, 49.90
1377543762, 49.94
1377543767, 49.94
1377543772, 49.94
1377543777, 49.94
1377543782, 49.94
1377543787, 49.94
1377543792, 49.90
1377543797, 49.94
1377543802, 49.90
1377543807, 49.90
1377543812, 49.94
1377543817, 49.94
1377543822, 49.94
1377543827, 49.90
1377543832, 49.94
1377543837, 49.94
1377543842, 49.94
1377543847, 49.94
1377543852, 49.94
1377543857, 49.94
1377543862, 49.94
1377543867, 49.94
1377543872, 49.94
1377543877, 49.94
1377543882, 49.94
1377543887, 49.94
1377543892, 49.94
1377543897, 49.94
1377543902, 49.94
1377543907, 49.90
1377543912, 49.94
1377543917, 49.94
1377543922, 49.90
1377543927, 49.90
1377543932, 49.94
1377543937, 49.94
1377543942, 49.94
1377543947, 49.94
1377543952, 49.90
1377543957, 49.90
1377543962, 49.94
1377543967, 49.90
1377543974, 49.94
1377543977, 49.94
1377543982, 49.94
1377543987, 49.94
1377543992, 49.94
1377543997, 49.90
1377544002, 49.94
1377544007, 49.94
1377544012, 49.94
1377544017, 49.94
1377544022, 49.94
1377544027, 49.94
1377544032, 49.94
1377544037, 49.94
1377544042, 49.94
1377544047, 49.90
1377544052, 49.94
1377544057, 49.94
1377544062, 49.94
1377544067, 49.94
1377544072, 49.94
1377544077, 49.94
1377544082, 49.94
1377544087, 49.94
1377544092, 49.94
1377544097, 49.94
1377544102, 49.94
1377544107, 49.94
1377544112, 49.94
1377544117, 49.94
1377544122, 49.94
1377544127, 49.94
1377544132, 49.94
1377544137, 49.94
1377544142, 49.94
1377544147, 49.94
1377544152, 49.94
1377544157, 49.94
1377544162, 49.94
1377544167, 49.94
1377544172, 49.94
1377544177, 49.94
1377544182, 49.94
1377544187, 49.94
1377544192, 49.94
1377544197, 49.94
1377544202, 49.94
1377544207, 49.94
1377544212, 49.94
1377544217, 49.94
1377544222, 49.94
1377544227, 49.94
1377544232, 49.94
1377544237, 49.94
1377544242, 49.94
1377544247, 49.94
1377544252, 49.97
1377544257, 49.94
1377544262, 49.94
1377544267, 49.97
1377544272, 49.94
1377544277, 49.97
1377544282, 49.94
1377544287, 49.97
1377544292, 49.94
1377544297, 49.94
1377544302, 49.97
1377544307, 49.97
1377544312, 49.97
1377544317, 49.97
1377544322, 49.97
1377544327, 49.97
1377544332, 49.97
1377544337, 49.97
1377544342, 49.97
1377544347, 49.97
1377544352, 49.97
1377544357, 49.97
1377544362, 49.97
1377544367, 49.94
1377544372, 49.97
1377544377, 49.97
1377544382, 49.97
1377544387, 49.97
1377544392, 49.97
1377544397, 49.97
1377544402, 50.00
1377544407, 49.97
1377544412, 49.97
1377544417, 49.97
1377544422, 50.00
1377544427, 49.97
1377544432, 50.00
1377544437, 49.97
1377544442, 50.00
1377544447, 49.97
1377544452, 49.97
1377544457, 50.00
1377544462, 49.97
1377544467, 49.97
1377544472, 50.00
1377544477, 50.00
1377544482, 50.00
1377544487, 50.00
1377544492, 49.97
1377544497, 50.00
1377544502, 50.00
1377544507, 49.97
1377544512, 49.97
1377544517, 50.00
1377544522, 50.00
1377544527, 50.00
1377544532, 50.00
1377544537, 49.97
1377544542, 50.00
1377544547, 50.00
1377544552, 49.97
1377544557, 50.00
1377544562, 50.00
1377544567, 50.00
1377544572, 50.00
1377544577, 50.00
1377544582, 50.00
1377544587, 50.00
1377544592, 50.00
1377544597, 50.00
1377544602, 50.00
1377544607, 49.97
1377544612, 50.00
1377544617, 50.00
1377544622, 50.00
1377544627, 50.00
1377544632, 50.00
1377544637, 50.00
1377544642, 50.00
1377544647, 50.00
1377544652, 50.00
1377544657, 50.00
1377544662, 50.00
1377544667, 50.00
1377544672, 50.00
1377544677, 50.00
1377544682, 50.00
1377544687, 50.00
1377544692, 50.00
1377544697, 50.00
1377544702, 50.00
1377544707, 50.00
1377544712, 50.00
1377544717, 50.00
1377544722, 50.00
1377544727, 50.00
1377544732, 50.00
1377544737, 50.00
1377544742, 50.00
1377544747, 50.00
1377544752, 50.00
1377544757, 50.00
1377544762, 50.03
1377544767, 50.00
1377544774, 50.00
1377544777, 50.00
1377544782, 50.00
1377544787, 50.00
1377544792, 50.00
1377544797, 50.00
1377544802, 50.00
1377544807, 50.00
1377544812, 50.00
1377544817, 50.00
1377544822, 50.00
1377544827, 50.00
1377544832, 50.00
1377544837, 50.00
1377544842, 50.00
1377544847, 50.00
1377544852, 50.00
1377544857, 50.00
1377544862, 50.00
1377544867, 50.00
1377544872, 50.00
1377544877, 50.00
1377544882, 50.00
1377544887, 50.00
1377544892, 50.00
1377544897, 50.00
1377544902, 50.03
1377544907, 50.00
1377544912, 50.00
1377544917, 50.00
1377544922, 50.00
1377544927, 50.00
1377544932, 50.03
1377544937, 50.00
1377544942, 50.00
1377544947, 50.00
1377544952, 50.00
1377544957, 50.00
1377544962, 50.00
1377544967, 50.03
1377544972, 50.03
1377544977, 50.00
1377544982, 50.00
1377544987, 50.00
1377544992, 50.03
1377544997, 50.00
1377545002, 50.00
1377545007, 50.00
1377545012, 50.00
1377545017, 50.00
1377545022, 50.00
1377545027, 50.00
1377545032, 50.03
1377545037, 50.03
1377545042, 50.00
1377545047, 50.00
1377545052, 50.03
1377545057, 50.00
1377545062, 50.00
1377545067, 50.00
1377545072, 50.00
1377545077, 50.03
1377545082, 50.00
1377545087, 50.03
1377545092, 50.00
1377545097, 50.03
1377545102, 50.03
1377545107, 50.00
1377545112, 50.03
1377545117, 50.03
1377545122, 50.00
1377545127, 50.00
1377545132, 50.00
1377545137, 50.00
1377545142, 50.03
1377545147, 50.03
1377545152, 50.03
1377545157, 50.00
1377545162, 50.00
1377545167, 50.03
1377545172, 50.00
1377545177, 50.00
1377545182, 50.03
1377545187, 50.03
1377545192, 50.00
1377545197, 50.00
1377545202, 50.00
1377545207, 50.03
1377545212, 50.00
1377545217, 50.03
1377545222, 50.03
1377545227, 50.00
1377545232, 50.00
1377545237, 50.03
1377545242, 50.03
1377545247, 50.00
1377545252, 50.03
1377545257, 50.00
1377545262, 50.03
1377545267, 50.03
1377545272, 50.03
1377545277, 50.03
1377545282, 50.00
1377545287, 50.00
1377545292, 50.03
1377545297, 50.00
1377545302, 50.03
1377545307, 50.00
1377545312, 50.00
1377545317, 50.00
1377545322, 50.00
1377545327, 50.00
1377545332, 50.03
1377545337, 50.03
1377545342, 50.00
1377545347, 50.03
1377545352, 50.03
1377545357, 50.03
1377545362, 50.03
1377545367, 50.00
1377545372, 50.03
1377545377, 50.00
1377545382, 50.03
1377545387, 50.00
1377545392, 50.03
1377545397, 50.03
1377545402, 50.03
1377545407, 50.03
1377545412, 50.03
1377545417, 50.03
1377545422, 50.03
1377545427, 50.03
1377545432, 50.03
1377545437, 50.03
1377545442, 50.03
1377545447, 50.03
1377545452, 50.03
1377545457, 50.03
1377545462, 50.03
1377545467, 50.03
1377545472, 50.03
1377545477, 50.03
1377545482, 50.03
1377545487, 50.03
1377545492, 50.03
1377545497, 50.03
1377545502, 50.03
1377545507, 50.00
1377545512, 50.03
1377545517, 50.06
1377545522, 50.06
1377545527, 50.03
1377545532, 50.03
1377545537, 50.06
1377545542, 50.03
1377545547, 50.06
1377545552, 50.03
1377545557, 50.03
1377545562, 50.03
1377545567, 50.00
1377545572, 50.03
1377545577, 50.03
1377545586, 50.06
1377545587, 50.03
1377545592, 50.03
1377545597, 50.03
1377545602, 50.03
1377545607, 50.03
1377545612, 50.03
1377545617, 50.03
1377545622, 50.06
1377545627, 50.03
1377545632, 50.03
1377545637, 50.03
1377545642, 50.03
1377545647, 50.03
1377545652, 50.03
1377545657, 50.06
1377545662, 50.06
1377545667, 50.03
1377545672, 50.06
1377545677, 50.03
1377545682, 50.06
1377545687, 50.03
1377545692, 50.03
1377545697, 50.03
1377545702, 50.06
1377545707, 50.06
1377545712, 50.03
1377545717, 50.03
1377545722, 50.06
1377545727, 50.06
1377545732, 50.06
1377545737, 50.06
1377545742, 50.03
1377545747, 50.03
1377545752, 50.06
1377545757, 50.06
1377545762, 50.06
1377545767, 50.06
1377545772, 50.03
1377545777, 50.06
1377545782, 50.03
1377545787, 50.06
1377545792, 50.03
1377545797, 50.06
1377545802, 50.06
1377545807, 50.06
1377545812, 50.06
1377545817, 50.06
1377545822, 50.06
1377545827, 50.06
1377545832, 50.03
1377545837, 50.06
1377545842, 50.03
1377545847, 50.03
1377545852, 50.03
1377545857, 50.03
1377545862, 50.06
1377545867, 50.06
1377545872, 50.03
1377545877, 50.06
1377545882, 50.06
1377545887, 50.03
1377545892, 50.06
1377545897, 50.06
1377545902, 50.03
1377545907, 50.06
1377545912, 50.06
1377545917, 50.06
1377545922, 50.06
1377545927, 50.06
1377545932, 50.06
1377545937, 50.03
1377545942, 50.06
1377545947, 50.06
1377545952, 50.06
1377545957, 50.06
1377545962, 50.06
1377545967, 50.03
1377545972, 50.06
1377545977, 50.06
1377545982, 50.06
1377545987, 50.06
1377545992, 50.03
1377545997, 50.06
1377546002, 50.06
1377546007, 50.06
1377546012, 50.06
1377546017, 50.06
1377546022, 50.06
1377546027, 50.06
1377546032, 50.06
1377546037, 50.06
1377546042, 50.06
1377546047, 50.03
1377546052, 50.06
1377546057, 50.06
1377546062, 50.06
1377546067, 50.06
1377546072, 50.06
1377546077, 50.06
1377546082, 50.06
1377546087, 50.06
1377546092, 50.06
1377546097, 50.06
1377546102, 50.06
1377546107, 50.06
1377546112, 50.06
1377546117, 50.06
1377546122, 50.06
1377546127, 50.06
1377546132, 50.06
1377546137, 50.06
1377546142, 50.06
1377546147, 50.06
1377546152, 50.06
1377546157, 50.06
1377546162, 50.06
1377546167, 50.06
1377546172, 50.06
1377546177, 50.06
1377546182, 50.06
1377546187, 50.06
1377546192, 50.06
1377546197, 50.06
1377546202, 50.06
1377546207, 50.06
1377546212, 50.06
1377546217, 50.06
1377546222, 50.06
1377546227, 50.06
1377546232, 50.06
1377546237, 50.06
1377546242, 50.06
1377546247, 50.06
1377546252, 50.06
1377546257, 50.06
1377546262, 50.06
1377546267, 50.06
1377546272, 50.06
1377546277, 50.06
1377546282, 50.06
1377546287, 50.06
1377546292, 50.06
1377546297, 50.06
1377546302, 50.06
1377546307, 50.06
1377546312, 50.06
1377546317, 50.06
1377546322, 50.10
1377546327, 50.06
1377546332, 50.06
1377546337, 50.06
1377546342, 50.10
1377546347, 50.06
1377546352, 50.06
1377546357, 50.06
1377546362, 50.06
1377546367, 50.06
1377546372, 50.06
1377546377, 50.10
1377546382, 50.10
1377546387, 50.10
1377546392, 50.06
1377546397, 50.10
1377546402, 50.10
1377546407, 50.06
1377546412, 50.06
1377546417, 50.06
1377546422, 50.10
1377546427, 50.06
1377546432, 50.06
1377546437, 50.10
1377546442, 50.10
1377546447, 50.10
1377546454, 50.10
1377546457, 50.10
1377546462, 50.10
1377546467, 50.10
1377546472, 50.10
1377546477, 50.06
1377546482, 50.10
1377546487, 50.10
1377546492, 50.10
1377546497, 50.10
1377546503, 50.10
1377546507, 50.13
1377546512, 50.10
1377546517, 50.10
1377546522, 50.10
1377546527, 50.10
1377546532, 50.10
1377546537, 50.10
1377546542, 50.10
1377546547, 50.06
1377546552, 50.06
1377546557, 50.10
1377546563, 50.10
1377546567, 50.13
1377546572, 50.10
1377546577, 50.10
1377546582, 50.10
1377546587, 50.10
1377546592, 50.10
1377546597, 50.10
1377546602, 50.13
1377546607, 50.13
1377546612, 50.13
1377546617, 50.10
1377546622, 50.13
1377546627, 50.13
1377546632, 50.13
1377546637, 50.10
1377546642, 50.13
1377546647, 50.10
1377546652, 50.13
1377546657, 50.10
1377546662, 50.13
1377546667, 50.13
1377546672, 50.13
1377546677, 50.13
1377546682, 50.10
1377546687, 50.13
1377546692, 50.13
1377546697, 50.13
1377546702, 50.13
1377546707, 50.13
1377546712, 50.13
1377546717, 50.13
1377546722, 50.13
1377546727, 50.13
1377546732, 50.13
1377546737, 50.13
1377546742, 50.13
1377546747, 50.13
1377546752, 50.13
1377546757, 50.13
1377546762, 50.13
1377546767, 50.13
1377546772, 50.13
1377546777, 50.13
1377546782, 50.13
1377546787, 50.13
1377546792, 50.13
1377546797, 50.13
1377546802, 50.13
1377546807, 50.13
1377546812, 50.13
1377546817, 50.13
1377546822, 50.10
1377546827, 50.13
1377546832, 50.13
1377546837, 50.13
1377546842, 50.13
1377546847, 50.13
1377546852, 50.13
1377546857, 50.13
1377546862, 50.13
1377546867, 50.13
1377546872, 50.13
1377546877, 50.13
1377546882, 50.13
1377546887, 50.13
1377546892, 50.13
1377546897, 50.13
1377546902, 50.13
1377546907, 50.13
1377546912, 50.13
1377546917, 50.13
1377546922, 50.13
1377546927, 50.13
1377546932, 50.13
1377546937, 50.13
1377546942, 50.16
1377546947, 50.13
1377546952, 50.13
1377546957, 50.13
1377546962, 50.13
1377546967, 50.13
1377546972, 50.13
1377546977, 50.13
1377546982, 50.13
1377546987, 50.13
1377546992, 50.13
1377546997, 50.13
1377547002, 50.13
1377547007, 50.13
1377547012, 50.13
1377547017, 50.13
1377547022, 50.16
1377547027, 50.13
1377547032, 50.16
1377547037, 50.16
1377547042, 50.13
1377547047, 50.16
1377547052, 50.16
1377547057, 50.13
1377547062, 50.16
1377547067, 50.16
1377547072, 50.16
1377547077, 50.16
1377547082, 50.16
1377547087, 50.16
1377547092, 50.16
1377547097, 50.16
1377547102, 50.16
1377547107, 50.16
1377547112, 50.16
1377547117, 50.16
1377547122, 50.16
1377547127, 50.16
1377547132, 50.16
1377547137, 50.16
1377547142, 50.13
1377547147, 50.16
1377547152, 50.16
1377547157, 50.16
1377547162, 50.16
1377547167, 50.16
1377547172, 50.16
1377547177, 50.16
1377547182, 50.16
1377547187, 50.16
1377547192, 50.16
1377547197, 50.16
1377547202, 50.16
1377547207, 50.16
1377547212, 50.16
1377547217, 50.13
1377547222, 50.16
1377547227, 50.16
1377547232, 50.19
1377547237, 50.16
1377547242, 50.16
1377547247, 50.19
1377547252, 50.19
1377547257, 50.19
1377547262, 50.19
1377547267, 50.19
1377547272, 50.16
1377547277, 50.16
1377547282, 50.19
1377547287, 50.19
1377547292, 50.19
1377547297, 50.16
1377547302, 50.19
1377547307, 50.19
1377547312, 50.19
1377547317, 50.19
1377547322, 50.16
1377547327, 50.19
1377547332, 50.19
1377547337, 50.19
1377547342, 50.16
1377547347, 50.19
1377547352, 50.19
1377547357, 50.19
1377547362, 50.19
1377547367, 50.19
1377547372, 50.19
1377547377, 50.19
1377547386, 50.19
1377547387, 50.16
1377547392, 50.19
1377547397, 50.19
1377547402, 50.19
1377547407, 50.19
1377547412, 50.19
1377547417, 50.19
1377547422, 50.19
1377547427, 50.19
1377547432, 50.19
1377547437, 50.19
1377547442, 50.19
1377547447, 50.19
1377547452, 50.19
1377547457, 50.19
1377547462, 50.19
1377547467, 50.19
1377547472, 50.23
1377547477, 50.19
1377547482, 50.19
1377547487, 50.19
1377547492, 50.19
1377547497, 50.19
1377547502, 50.19
1377547507, 50.19
1377547512, 50.19
1377547517, 50.19
1377547522, 50.19
1377547527, 50.19
1377547532, 50.19
1377547537, 50.19
1377547542, 50.19
1377547547, 50.23
1377547552, 50.23
1377547557, 50.19
1377547562, 50.19
1377547567, 50.23
1377547572, 50.23
1377547577, 50.19
1377547582, 50.26
1377547587, 50.19
1377547592, 50.23
1377547597, 50.23
1377547602, 50.23
1377547607, 50.23
1377547612, 50.19
1377547617, 50.23
1377547622, 50.23
1377547627, 50.23
1377547632, 50.23
1377547637, 50.23
1377547642, 50.23
1377547647, 50.23
1377547652, 50.23
1377547657, 50.26
1377547662, 50.26
1377547667, 50.23
1377547672, 50.23
1377547677, 50.23
1377547682, 50.23
1377547687, 50.23
1377547692, 50.23
1377547697, 50.26
1377547702, 50.23
1377547707, 50.23
1377547712, 50.26
1377547717, 50.23
1377547722, 50.23
1377547727, 50.23
1377547732, 50.23
1377547737, 50.23
1377547742, 50.23
1377547747, 50.26
1377547752, 50.23
1377547757, 50.23
1377547762, 50.23
1377547767, 50.23
1377547772, 50.23
1377547777, 50.26
1377547782, 50.26
1377547787, 50.26
1377547792, 50.23
1377547797, 50.26
1377547802, 50.26
1377547807, 50.26
1377547812, 50.23
1377547817, 50.26
1377547822, 50.26
1377547827, 50.26
1377547832, 50.26
1377547837, 50.26
1377547842, 50.26
1377547847, 50.26
1377547852, 50.26
1377547857, 50.26
1377547862, 50.26
1377547867, 50.26
1377547872, 50.26
1377547877, 50.26
1377547882, 50.26
1377547887, 50.26
1377547892, 50.26
1377547897, 50.26
1377547902, 50.26
1377547907, 50.26
1377547912, 50.26
1377547917, 50.26
1377547922, 50.26
1377547927, 50.26
1377547932, 50.26
1377547937, 50.26
1377547942, 50.26
1377547947, 50.26
1377547952, 50.26
1377547957, 50.26
1377547962, 50.26
1377547967, 50.26
1377547972, 50.26
1377547977, 50.26
1377547982, 50.26
1377547987, 50.26
1377547992, 50.26
1377547997, 50.26
1377548002, 50.26
1377548007, 50.26
1377548012, 50.26
1377548017, 50.26
1377548022, 50.26
1377548027, 50.26
1377548032, 50.26
1377548037, 50.26
1377548042, 50.26
1377548047, 50.26
1377548052, 50.26
1377548057, 50.26
1377548062, 50.26
1377548067, 50.26
1377548072, 50.29
1377548077, 50.26
1377548082, 50.29
1377548087, 50.26
1377548092, 50.26
1377548097, 50.26
1377548102, 50.26
1377548107, 50.29
1377548112, 50.26
1377548117, 50.26
1377548122, 50.26
1377548127, 50.26
1377548132, 50.26
1377548137, 50.26
1377548142, 50.26
1377548147, 50.26
1377548152, 50.29
1377548157, 50.26
1377548162, 50.26
1377548167, 50.26
1377548172, 50.26
1377548177, 50.26
1377548182, 50.26
1377548187, 50.26
1377548192, 50.26
1377548197, 50.26
1377548202, 50.26
1377548207, 50.26
1377548212, 50.26
1377548217, 50.26
1377548222, 50.29
1377548228, 50.29
1377548232, 50.29
1377548237, 50.29
1377548242, 50.29
1377548247, 50.29
1377548252, 50.29
1377548257, 50.29
1377548262, 50.29
1377548267, 50.26
1377548272, 50.29
1377548277, 50.29
1377548282, 50.29
1377548287, 50.26
1377548292, 50.29
1377548297, 50.29
1377548302, 50.26
1377548307, 50.29
1377548312, 50.29
1377548317, 50.29
1377548322, 50.29
1377548327, 50.29
1377548332, 50.29
1377548337, 50.26
1377548342, 50.26
1377548347, 50.29
1377548352, 50.29
1377548357, 50.32
1377548362, 50.29
1377548367, 50.29
1377548372, 50.32
1377548377, 50.29
1377548382, 50.29
1377548387, 50.29
1377548392, 50.29
1377548397, 50.29
1377548402, 50.32
1377548407, 50.29
1377548412, 50.29
1377548417, 50.29
1377548422, 50.29
1377548427, 50.32
1377548432, 50.29
1377548437, 50.29
1377548442, 50.29
1377548447, 50.32
1377548452, 50.29
1377548457, 50.29
1377548462, 50.32
1377548467, 50.32
1377548472, 50.29
1377548477, 50.32
1377548482, 50.32
1377548487, 50.29
1377548492, 50.29
1377548497, 50.29
1377548502, 50.29
1377548507, 50.32
1377548512, 50.29
1377548517, 50.32
1377548522, 50.32
1377548527, 50.29
1377548532, 50.32
1377548537, 50.32
1377548542, 50.32
1377548547, 50.32
1377548552, 50.32
1377548557, 50.32
1377548562, 50.32
1377548567, 50.32
1377548572, 50.32
1377548577, 50.32
1377548582, 50.32
1377548587, 50.32
1377548592, 50.32
1377548597, 50.32
1377548602, 50.29
1377548607, 50.32
1377548612, 50.32
1377548617, 50.32
1377548622, 50.32
1377548627, 50.32
1377548632, 50.32
1377548637, 50.32
1377548642, 50.32
1377548647, 50.32
1377548652, 50.32
1377548657, 50.32
1377548662, 50.32
1377548667, 50.32
1377548672, 50.32
1377548677, 50.32
1377548682, 50.32
1377548687, 50.32
1377548692, 50.32
1377548697, 50.32
1377548702, 50.32
1377548707, 50.32
1377548712, 50.32
1377548717, 50.29
1377548722, 50.32
1377548727, 50.32
1377548732, 50.32
1377548737, 50.32
1377548742, 50.32
1377548747, 50.32
1377548752, 50.32
1377548757, 50.32
1377548762, 50.32
1377548767, 50.32
1377548772, 50.32
1377548777, 50.35
1377548782, 50.32
1377548787, 50.32
1377548792, 50.32
1377548797, 50.32
1377548802, 50.32
1377548807, 50.35
1377548812, 50.32
1377548817, 50.32
1377548822, 50.32
1377548827, 50.32
1377548832, 50.32
1377548837, 50.32
1377548842, 50.32
1377548847, 50.32
1377548852, 50.32
1377548857, 50.32
1377548862, 50.32
1377548867, 50.32
1377548872, 50.32
1377548877, 50.32
1377548882, 50.32
1377548887, 50.32
1377548892, 50.32
1377548897, 50.32
1377548902, 50.32
1377548907, 50.32
1377548912, 50.32
1377548917, 50.32
1377548922, 50.32
1377548927, 50.32
1377548932, 50.32
1377548937, 50.32
1377548942, 50.32
1377548947, 50.32
1377548952, 50.32
1377548957, 50.32
1377548962, 50.32
1377548967, 50.32
1377548972, 50.32
1377548977, 50.32
1377548982, 50.35
1377548987, 50.32
1377548992, 50.32
1377548997, 50.32
1377549002, 50.32
1377549007, 50.32
1377549012, 50.32
1377549017, 50.35
1377549022, 50.35
1377549027, 50.32
1377549032, 50.32
1377549037, 50.32
1377549042, 50.35
1377549047, 50.35
1377549052, 50.32
1377549057, 50.32
1377549062, 50.32
1377549067, 50.35
1377549072, 50.32
1377549077, 50.35
1377549082, 50.32
1377549087, 50.32
1377549092, 50.35
1377549097, 50.35
1377549102, 50.32
1377549110, 50.32
1377549112, 50.35
1377549117, 50.32
1377549122, 50.32
1377549127, 50.32
1377549132, 50.35
1377549137, 50.32
1377549142, 50.32
1377549147, 50.32
1377549152, 50.32
1377549157, 50.32
1377549162, 50.32
1377549167, 50.32
1377549172, 50.32
1377549177, 50.35
1377549182, 50.35
1377549187, 50.35
1377549192, 50.32
1377549197, 50.32
1377549202, 50.32
1377549207, 50.35
1377549212, 50.35
1377549217, 50.35
1377549222, 50.35
1377549227, 50.35
1377549232, 50.35
1377549237, 50.35
1377549242, 50.35
1377549247, 50.35
1377549252, 50.32
1377549257, 50.35
1377549262, 50.39
1377549267, 50.39
1377549272, 50.35
1377549277, 50.35
1377549282, 50.35
1377549287, 50.35
1377549292, 50.35
1377549297, 50.32
1377549302, 50.35
1377549307, 50.35
1377549312, 50.35
1377549317, 50.35
1377549322, 50.35
1377549327, 50.35
1377549332, 50.39
1377549337, 50.35
1377549342, 50.39
1377549347, 50.35
1377549352, 50.35
1377549357, 50.35
1377549362, 50.35
1377549367, 50.35
1377549372, 50.35
1377549377, 50.39
1377549382, 50.39
1377549387, 50.39
1377549392, 50.39
1377549397, 50.35
1377549402, 50.39
1377549407, 50.35
1377549412, 50.35
1377549417, 50.35
1377549422, 50.39
1377549427, 50.35
1377549432, 50.39
1377549437, 50.39
1377549442, 50.35
1377549447, 50.39
1377549452, 50.39
1377549457, 50.39
1377549462, 50.39
1377549467, 50.39
1377549472, 50.39
1377549477, 50.35
1377549482, 50.39
1377549487, 50.39
1377549492, 50.39
1377549497, 50.39
1377549502, 50.39
1377549507, 50.39
1377549512, 50.39
1377549517, 50.39
1377549522, 50.39
1377549527, 50.39
1377549532, 50.39
1377549537, 50.39
1377549542, 50.39
1377549547, 50.39
1377549552, 50.39
1377549557, 50.35
1377549562, 50.39
1377549567, 50.39
1377549572, 50.39
1377549577, 50.39
1377549582, 50.39
1377549587, 50.39
1377549592, 50.39
1377549597, 50.39
1377549602, 50.39
1377549607, 50.39
1377549612, 50.39
1377549617, 50.39
1377549622, 50.39
1377549627, 50.39
1377549632, 50.35
1377549637, 50.42
1377549642, 50.39
1377549647, 50.39
1377549652, 50.39
1377549657, 50.39
1377549662, 50.39
1377549667, 50.39
1377549672, 50.39
1377549677, 50.39
1377549682, 50.39
1377549687, 50.39
1377549692, 50.39
1377549697, 50.39
1377549702, 50.39
1377549707, 50.39
1377549712, 50.39
1377549717, 50.39
1377549722, 50.39
1377549727, 50.39
1377549732, 50.39
1377549737, 50.39
1377549742, 50.39
1377549747, 50.39
1377549752, 50.42
1377549757, 50.39
1377549762, 50.42
1377549767, 50.39
1377549772, 50.42
1377549777, 50.39
1377549782, 50.42
1377549787, 50.42
1377549792, 50.39
1377549797, 50.39
1377549802, 50.39
1377549807, 50.39
1377549812, 50.39
1377549817, 50.39
1377549822, 50.42
1377549827, 50.39
1377549832, 50.39
1377549837, 50.42
1377549842, 50.42
1377549847, 50.42
1377549852, 50.39
1377549857, 50.39
1377549862, 50.42
1377549867, 50.39
1377549872, 50.39
1377549877, 50.39
1377549882, 50.39
1377549887, 50.42
1377549892, 50.42
1377549897, 50.42
1377549902, 50.39
1377549907, 50.42
1377549912, 50.39
1377549917, 50.39
1377549922, 50.39
1377549927, 50.42
1377549932, 50.39
1377549937, 50.39
1377549942, 50.42
1377549947, 50.42
1377549952, 50.39
1377549957, 50.42
1377549962, 50.42
1377549968, 50.39
1377549972, 50.42
1377549977, 50.42
1377549982, 50.39
1377549987, 50.39
1377549992, 50.39
1377549997, 50.42
1377550002, 50.42
1377550007, 50.42
1377550012, 50.42
1377550017, 50.42
1377550022, 50.45
1377550027, 50.42
1377550032, 50.42
1377550037, 50.42
1377550042, 50.42
1377550047, 50.42
1377550052, 50.42
1377550057, 50.42
1377550062, 50.42
1377550067, 50.39
1377550072, 50.42
1377550077, 50.42
1377550082, 50.39
1377550087, 50.39
1377550092, 50.42
1377550097, 50.42
1377550102, 50.42
1377550107, 50.42
1377550112, 50.39
1377550117, 50.42
1377550122, 50.42
1377550127, 50.42
1377550132, 50.42
1377550137, 50.42
1377550142, 50.39
1377550147, 50.42
1377550152, 50.42
1377550157, 50.42
1377550162, 50.42
1377550167, 50.45
1377550172, 50.42
1377550177, 50.42
1377550182, 50.42
1377550187, 50.42
1377550192, 50.39
1377550197, 50.45
1377550202, 50.42
1377550207, 50.42
1377550212, 50.42
1377550217, 50.42
1377550222, 50.42
1377550227, 50.42
1377550232, 50.39
1377550237, 50.42
1377550242, 50.42
1377550247, 50.42
1377550252, 50.42
1377550257, 50.42
1377550262, 50.42
1377550267, 50.42
1377550272, 50.42
1377550277, 50.42
1377550282, 50.42
1377550287, 50.42
1377550292, 50.42
1377550297, 50.39
1377550302, 50.42
1377550307, 50.42
1377550312, 50.42
1377550317, 50.42
1377550322, 50.45
1377550327, 50.42
1377550332, 50.45
1377550337, 50.42
1377550342, 50.42
1377550347, 50.42
1377550352, 50.42
1377550357, 50.45
1377550362, 50.45
1377550367, 50.42
1377550372, 50.42
1377550377, 50.45
1377550382, 50.42
1377550387, 50.45
1377550392, 50.42
1377550397, 50.42
1377550402, 50.45
1377550407, 50.45
1377550412, 50.42
1377550417, 50.42
1377550422, 50.42
1377550427, 50.42
1377550432, 50.42
1377550437, 50.42
1377550442, 50.42
1377550447, 50.42
1377550452, 50.42
1377550457, 50.45
1377550462, 50.42
1377550467, 50.42
1377550472, 50.42
1377550477, 50.42
1377550482, 50.42
1377550487, 50.45
1377550492, 50.42
1377550497, 50.42
1377550502, 50.42
1377550507, 50.42
1377550512, 50.45
1377550517, 50.45
1377550522, 50.42
1377550527, 50.42
1377550532, 50.42
1377550537, 50.42
1377550542, 50.42
1377550547, 50.45
1377550552, 50.42
1377550557, 50.45
1377550562, 50.42
1377550567, 50.42
1377550572, 50.42
1377550577, 50.42
1377550582, 50.45
1377550587, 50.42
1377550592, 50.42
1377550597, 50.42
1377550602, 50.42
1377550607, 50.42
1377550612, 50.42
1377550617, 50.45
1377550622, 50.42
1377550627, 50.42
1377550632, 50.42
1377550637, 50.42
1377550642, 50.42
1377550647, 50.39
1377550652, 50.42
1377550657, 50.42
1377550662, 50.42
1377550667, 50.42
1377550672, 50.42
1377550677, 50.42
1377550682, 50.42
1377550687, 50.42
1377550692, 50.45
1377550697, 50.42
1377550702, 50.42
1377550707, 50.45
1377550712, 50.42
1377550717, 50.42
1377550722, 50.42
1377550727, 50.42
1377550732, 50.42
1377550737, 50.42
1377550742, 50.42
1377550747, 50.39
1377550752, 50.42
1377550757, 50.42
1377550762, 50.42
1377550767, 50.42
1377550772, 50.42
1377550777, 50.42
1377550782, 50.42
1377550787, 50.39
1377550792, 50.42
1377550797, 50.42
1377550802, 50.42
1377550807, 50.42
1377550812, 50.42
1377550817, 50.42
1377550822, 50.42
1377550827, 50.42
1377550832, 50.42
1377550837, 50.42
1377550842, 50.42
1377550847, 50.42
1377550852, 50.42
1377550860, 50.42
1377550862, 50.45
1377550867, 50.42
1377550872, 50.42
1377550877, 50.42
1377550882, 50.42
1377550887, 50.42
1377550892, 50.42
1377550897, 50.42
1377550902, 50.42
1377550907, 50.45
1377550912, 50.42
1377550917, 50.42
1377550922, 50.42
1377550927, 50.42
1377550932, 50.42
1377550937, 50.42
1377550942, 50.45
1377550947, 50.39
1377550952, 50.45
1377550957, 50.42
1377550962, 50.42
1377550967, 50.45
1377550972, 50.42
1377550977, 50.45
1377550982, 50.42
1377550987, 50.42
1377550992, 50.45
1377550997, 50.42
1377551002, 50.42
1377551007, 50.45
1377551012, 50.42
1377551017, 50.42
1377551022, 50.42
1377551027, 50.42
1377551032, 50.42
1377551037, 50.42
1377551042, 50.42
1377551047, 50.45
1377551052, 50.42
1377551057, 50.42
1377551062, 50.39
1377551067, 50.42
1377551072, 50.42
1377551077, 50.42
1377551082, 50.42
1377551087, 50.42
1377551092, 50.42
1377551097, 50.42
1377551102, 50.42
1377551107, 50.45
1377551112, 50.39
1377551117, 50.42
1377551122, 50.42
1377551127, 50.42
1377551132, 50.39
1377551137, 50.42
1377551142, 50.42
1377551147, 50.42
1377551152, 50.42
1377551157, 50.42
1377551162, 50.42
1377551167, 50.42
1377551172, 50.42
1377551177, 50.42
1377551182, 50.42
1377551187, 50.42
1377551192, 50.39
1377551197, 50.42
1377551202, 50.42
1377551207, 50.42
1377551212, 50.39
1377551217, 50.42
1377551222, 50.42
1377551227, 50.42
1377551232, 50.42
1377551237, 50.42
1377551242, 50.42
1377551247, 50.42
1377551252, 50.42
1377551257, 50.42
1377551262, 50.42
1377551267, 50.42
1377551272, 50.39
1377551277, 50.42
1377551282, 50.42
1377551287, 50.42
1377551292, 50.42
1377551297, 50.42
1377551302, 50.42
1377551307, 50.42
1377551312, 50.42
1377551317, 50.42
1377551322, 50.39
1377551327, 50.42
1377551332, 50.42
1377551337, 50.42
1377551342, 50.42
1377551347, 50.42
1377551352, 50.42
1377551357, 50.42
1377551362, 50.42
1377551367, 50.42
1377551372, 50.42
1377551377, 50.42
1377551382, 50.42
1377551387, 50.39
1377551392, 50.42
1377551397, 50.42
1377551402, 50.39
1377551407, 50.42
1377551412, 50.42
1377551417, 50.42
1377551422, 50.42
1377551427, 50.45
1377551432, 50.42
1377551437, 50.45
1377551442, 50.45
1377551447, 50.42
1377551452, 50.39
1377551457, 50.42
1377551462, 50.42
1377551467, 50.42
1377551472, 50.42
1377551477, 50.42
1377551482, 50.42
1377551487, 50.45
1377551492, 50.45
1377551497, 50.42
1377551502, 50.42
1377551507, 50.42
1377551512, 50.39
1377551517, 50.42
1377551522, 50.42
1377551527, 50.42
1377551532, 50.42
1377551537, 50.42
1377551542, 50.45
1377551547, 50.42
1377551552, 50.42
1377551557, 50.42
1377551562, 50.39
1377551567, 50.39
1377551572, 50.42
1377551577, 50.42
1377551582, 50.42
1377551587, 50.42
1377551592, 50.42
1377551597, 50.42
1377551602, 50.42
1377551607, 50.42
1377551612, 50.39
1377551617, 50.42
1377551622, 50.39
1377551627, 50.42
1377551632, 50.42
1377551637, 50.42
1377551642, 50.42
1377551647, 50.42
1377551652, 50.42
1377551657, 50.39
1377551662, 50.42
1377551667, 50.42
1377551672, 50.42
1377551677, 50.42
1377551682, 50.42
1377551687, 50.42
1377551692, 50.42
1377551697, 50.42
1377551702, 50.42
1377551707, 50.42
1377551712, 50.42
1377551717, 50.42
1377551722, 50.42
1377551727, 50.42
1377551732, 50.42
1377551737, 50.42
1377551742, 50.39
1377551747, 50.42
1377551752, 50.42
1377551757, 50.42
1377551762, 50.39
1377551767, 50.39
1377551772, 50.42
1377551777, 50.42
1377551782, 50.39
1377551787, 50.39
1377551792, 50.39
1377551797, 50.42
1377551802, 50.42
1377551807, 50.42
1377551812, 50.39
1377551817, 50.42
1377551822, 50.39
1377551827, 50.39
1377551832, 50.42
1377551837, 50.42
1377551842, 50.39
1377551847, 50.42
1377551852, 50.39
1377551857, 50.45
1377551862, 50.42
1377551867, 50.39
1377551872, 50.39
1377551877, 50.39
1377551882, 50.39
1377551887, 50.39
1377551892, 50.39
1377551897, 50.39
1377551902, 50.39
1377551907, 50.42
1377551912, 50.39
1377551917, 50.42
1377551922, 50.39
1377551927, 50.39
1377551932, 50.42
1377551937, 50.39
1377551942, 50.39
1377551947, 50.39
1377551952, 50.39
1377551957, 50.39
1377551962, 50.39
1377551967, 50.42
1377551972, 50.39
1377551977, 50.39
1377551982, 50.42
1377551987, 50.39
1377551992, 50.42
1377551997, 50.39
1377552002, 50.39
1377552007, 50.39
1377552012, 50.39
1377552017, 50.39
1377552022, 50.39
1377552027, 50.39
1377552032, 50.39
1377552037, 50.39
1377552042, 50.39
1377552047, 50.39
1377552052, 50.39
1377552057, 50.39
1377552062, 50.39
1377552067, 50.39
1377552072, 50.39
1377552077, 50.39
1377552082, 50.39
1377552087, 50.39
1377552092, 50.39
1377552097, 50.39
1377552102, 50.39
1377552107, 50.39
1377552112, 50.39
1377552117, 50.39
1377552122, 50.39
1377552127, 50.39
1377552132, 50.39
1377552137, 50.39
1377552142, 50.39
1377552147, 50.39
1377552152, 50.39
1377552157, 50.39
1377552162, 50.39
1377552167, 50.39
1377552172, 50.39
1377552177, 50.39
1377552182, 50.39
1377552187, 50.39
1377552192, 50.39
1377552197, 50.39
1377552202, 50.39
1377552207, 50.39
1377552212, 50.39
1377552217, 50.39
1377552222, 50.39
1377552227, 50.39
1377552232, 50.39
1377552237, 50.39
1377552242, 50.39
1377552247, 50.39
1377552252, 50.39
1377552257, 50.39
1377552262, 50.39
1377552267, 50.39
1377552272, 50.39
1377552277, 50.39
1377552282, 50.39
1377552287, 50.39
1377552292, 50.39
1377552297, 50.39
1377552302, 50.39
1377552307, 50.39
1377552312, 50.39
1377552317, 50.39
1377552322, 50.39
1377552327, 50.39
1377552332, 50.39
1377552337, 50.39
1377552342, 50.39
1377552347, 50.39
1377552352, 50.39
1377552357, 50.39
1377552362, 50.39
1377552367, 50.39
1377552372, 50.39
1377552377, 50.39
1377552382, 50.39
1377552387, 50.39
1377552392, 50.39
1377552397, 50.39
1377552402, 50.39
1377552407, 50.39
1377552412, 50.39
1377552417, 50.39
1377552422, 50.39
1377552427, 50.39
1377552432, 50.39
1377552437, 50.39
1377552442, 50.39
1377552447, 50.35
1377552452, 50.39
1377552457, 50.35
1377552462, 50.35
1377552467, 50.39
1377552472, 50.39
1377552477, 50.35
1377552482, 50.39
1377552487, 50.39
1377552492, 50.35
1377552497, 50.35
1377552502, 50.35
1377552507, 50.39
1377552512, 50.39
1377552517, 50.35
1377552522, 50.35
1377552527, 50.35
1377552532, 50.39
1377552537, 50.35
1377552542, 50.35
1377552547, 50.35
1377552552, 50.39
1377552561, 50.35
1377552562, 50.35
1377552567, 50.35
1377552572, 50.35
1377552577, 50.35
1377552582, 50.35
1377552587, 50.35
1377552592, 50.35
1377552597, 50.35
1377552602, 50.35
1377552607, 50.35
1377552612, 50.35
1377552617, 50.35
1377552622, 50.35
1377552627, 50.35
1377552632, 50.35
1377552637, 50.35
1377552642, 50.35
1377552647, 50.35
1377552652, 50.35
1377552657, 50.35
1377552662, 50.35
1377552667, 50.35
1377552672, 50.32
1377552677, 50.32
1377552682, 50.35
1377552687, 50.32
1377552692, 50.32
1377552697, 50.32
1377552702, 50.32
1377552707, 50.35
1377552712, 50.32
1377552717, 50.32
1377552722, 50.32
1377552727, 50.32
1377552732, 50.32
1377552737, 50.32
1377552742, 50.32
1377552747, 50.32
1377552752, 50.32
1377552757, 50.32
1377552762, 50.35
1377552767, 50.32
1377552772, 50.32
1377552777, 50.32
1377552782, 50.32
1377552787, 50.35
1377552792, 50.32
1377552797, 50.32
1377552802, 50.32
1377552807, 50.32
1377552812, 50.32
1377552817, 50.32
1377552822, 50.32
1377552827, 50.32
1377552832, 50.32
1377552837, 50.32
1377552842, 50.32
1377552847, 50.32
1377552852, 50.32
1377552857, 50.32
1377552862, 50.32
1377552867, 50.32
1377552872, 50.32
1377552877, 50.32
1377552882, 50.32
1377552887, 50.32
1377552892, 50.32
1377552897, 50.32
1377552902, 50.32
1377552907, 50.32
1377552912, 50.32
1377552917, 50.32
1377552922, 50.32
1377552927, 50.32
1377552932, 50.32
1377552937, 50.32
1377552942, 50.32
1377552947, 50.32
1377552952, 50.32
1377552957, 50.32
1377552962, 50.32
1377552967, 50.29
1377552972, 50.32
1377552977, 50.32
1377552982, 50.29
1377552987, 50.29
1377552992, 50.32
1377552997, 50.32
1377553002, 50.32
1377553007, 50.32
1377553012, 50.29
1377553017, 50.29
1377553022, 50.32
1377553027, 50.32
1377553032, 50.29
1377553037, 50.32
1377553042, 50.32
1377553047, 50.32
1377553052, 50.32
1377553057, 50.29
1377553062, 50.29
1377553067, 50.32
1377553072, 50.32
1377553077, 50.29
1377553082, 50.29
1377553087, 50.32
1377553092, 50.29
1377553097, 50.29
1377553102, 50.29
1377553107, 50.32
1377553112, 50.29
1377553117, 50.32
1377553122, 50.32
1377553127, 50.29
1377553132, 50.32
1377553137, 50.29
1377553142, 50.32
1377553147, 50.29
1377553152, 50.29
1377553157, 50.32
1377553162, 50.29
1377553167, 50.32
1377553172, 50.29
1377553177, 50.29
1377553182, 50.29
1377553187, 50.29
1377553192, 50.29
1377553197, 50.29
1377553202, 50.32
1377553207, 50.29
1377553212, 50.29
1377553217, 50.29
1377553222, 50.29
1377553227, 50.29
1377553232, 50.29
1377553237, 50.29
1377553242, 50.29
1377553247, 50.29
1377553252, 50.29
1377553257, 50.26
1377553262, 50.29
1377553267, 50.29
1377553272, 50.29
1377553277, 50.29
1377553282, 50.29
1377553287, 50.29
1377553292, 50.32
1377553297, 50.29
1377553302, 50.29
1377553307, 50.29
1377553312, 50.29
1377553317, 50.29
1377553322, 50.29
1377553327, 50.26
1377553332, 50.29
1377553337, 50.29
1377553342, 50.29
1377553347, 50.26
1377553352, 50.29
1377553357, 50.29
1377553362, 50.29
1377553367, 50.29
1377553372, 50.29
1377553377, 50.29
1377553382, 50.29
1377553387, 50.26
1377553392, 50.29
1377553397, 50.29
1377553402, 50.26
1377553407, 50.29
1377553412, 50.26
1377553417, 50.29
1377553426, 50.26
1377553427, 50.26
1377553432, 50.26
1377553437, 50.26
1377553442, 50.29
1377553447, 50.29
1377553452, 50.26
1377553457, 50.29
1377553462, 50.26
1377553467, 50.26
1377553472, 50.26
1377553477, 50.29
1377553482, 50.29
1377553487, 50.29
1377553492, 50.26
1377553497, 50.26
1377553502, 50.26
1377553507, 50.29
1377553512, 50.29
1377553517, 50.26
1377553522, 50.26
1377553527, 50.29
1377553532, 50.26
1377553537, 50.26
1377553542, 50.29
1377553547, 50.26
1377553552, 50.26
1377553557, 50.26
1377553562, 50.26
1377553567, 50.26
1377553572, 50.29
1377553577, 50.26
1377553582, 50.29
1377553587, 50.26
1377553592, 50.26
1377553597, 50.26
1377553602, 50.26
1377553607, 50.26
1377553612, 50.26
1377553617, 50.29
1377553622, 50.26
1377553627, 50.26
1377553632, 50.26
1377553637, 50.29
1377553642, 50.26
1377553647, 50.29
1377553652, 50.26
1377553657, 50.29
1377553662, 50.29
1377553667, 50.26
1377553672, 50.26
1377553677, 50.26
1377553682, 50.26
1377553687, 50.26
1377553692, 50.26
1377553697, 50.26
1377553702, 50.26
1377553707, 50.26
1377553712, 50.26
1377553717, 50.29
1377553722, 50.26
1377553727, 50.26
1377553732, 50.26
1377553737, 50.26
1377553742, 50.26
1377553747, 50.26
1377553752, 50.26
1377553757, 50.26
1377553762, 50.26
1377553767, 50.26
1377553772, 50.26
1377553777, 50.26
1377553782, 50.26
1377553787, 50.26
1377553792, 50.26
1377553797, 50.26
1377553802, 50.26
1377553807, 50.26
1377553812, 50.26
1377553817, 50.26
1377553822, 50.26
1377553827, 50.26
1377553832, 50.26
1377553837, 50.26
1377553842, 50.26
1377553847, 50.26
1377553852, 50.26
1377553857, 50.26
1377553862, 50.26
1377553867, 50.26
1377553872, 50.26
1377553877, 50.26
1377553882, 50.26
1377553887, 50.26
1377553892, 50.26
1377553897, 50.26
1377553902, 50.26
1377553907, 50.26
1377553912, 50.26
1377553917, 50.26
1377553922, 50.26
1377553927, 50.26
1377553932, 50.26
1377553937, 50.26
1377553942, 50.23
1377553947, 50.26
1377553952, 50.26
1377553957, 50.26
1377553962, 50.26
1377553967, 50.26
1377553972, 50.26
1377553977, 50.26
1377553982, 50.26
1377553987, 50.26
1377553992, 50.26
1377553997, 50.26
1377554002, 50.26
1377554007, 50.26
1377554012, 50.26
1377554017, 50.23
1377554022, 50.23
1377554027, 50.26
1377554032, 50.23
1377554037, 50.26
1377554042, 50.26
1377554047, 50.26
1377554052, 50.23
1377554057, 50.23
1377554062, 50.26
1377554067, 50.26
1377554072, 50.26
1377554077, 50.26
1377554082, 50.26
1377554087, 50.26
1377554092, 50.26
1377554097, 50.23
1377554102, 50.23
1377554107, 50.23
1377554112, 50.26
1377554117, 50.26
1377554122, 50.23
1377554127, 50.26
1377554132, 50.23
1377554137, 50.26
1377554142, 50.23
1377554147, 50.26
1377554152, 50.23
1377554157, 50.26
1377554162, 50.26
1377554167, 50.23
1377554172, 50.23
1377554177, 50.23
1377554182, 50.26
1377554187, 50.23
1377554192, 50.26
1377554197, 50.23
1377554202, 50.23
1377554207, 50.26
1377554212, 50.23
1377554217, 50.26
1377554222, 50.23
1377554227, 50.23
1377554232, 50.23
1377554237, 50.26
1377554242, 50.26
1377554247, 50.23
1377554252, 50.23
1377554257, 50.23
1377554262, 50.23
1377554267, 50.23
1377554272, 50.23
1377554277, 50.23
1377554286, 50.23
1377554287, 50.23
1377554292, 50.23
1377554297, 50.19
1377554302, 50.23
1377554307, 50.23
1377554312, 50.26
1377554317, 50.26
1377554322, 50.19
1377554327, 50.23
1377554332, 50.23
1377554337, 50.23
1377554342, 50.23
1377554347, 50.23
1377554352, 50.23
1377554357, 50.23
1377554362, 50.19
1377554367, 50.23
1377554372, 50.23
1377554377, 50.23
1377554382, 50.23
1377554387, 50.19
1377554392, 50.23
1377554397, 50.19
1377554402, 50.19
1377554407, 50.19
1377554412, 50.23
1377554417, 50.23
1377554422, 50.23
1377554427, 50.19
1377554432, 50.23
1377554437, 50.19
1377554442, 50.19
1377554447, 50.23
1377554452, 50.23
1377554457, 50.23
1377554462, 50.19
1377554467, 50.23
1377554472, 50.19
1377554477, 50.19
1377554482, 50.19
1377554487, 50.19
1377554492, 50.19
1377554497, 50.19
1377554502, 50.19
1377554507, 50.19
1377554512, 50.19
1377554517, 50.23
1377554522, 50.19
1377554527, 50.19
1377554532, 50.19
1377554537, 50.19
1377554542, 50.19
1377554547, 50.19
1377554552, 50.19
1377554557, 50.19
1377554562, 50.19
1377554567, 50.19
1377554572, 50.19
1377554577, 50.19
1377554582, 50.19
1377554587, 50.19
1377554592, 50.19
1377554597, 50.19
1377554602, 50.19
1377554607, 50.19
1377554612, 50.19
1377554617, 50.19
1377554622, 50.19
1377554627, 50.19
1377554632, 50.19
1377554637, 50.19
1377554642, 50.19
1377554647, 50.19
1377554652, 50.19
1377554657, 50.19
1377554662, 50.19
1377554667, 50.19
1377554672, 50.19
1377554677, 50.19
1377554682, 50.19
1377554687, 50.19
1377554692, 50.19
1377554697, 50.19
1377554702, 50.19
1377554707, 50.19
1377554712, 50.19
1377554717, 50.19
1377554722, 50.19
1377554727, 50.19
1377554732, 50.19
1377554737, 50.19
1377554742, 50.19
1377554747, 50.19
1377554752, 50.19
1377554757, 50.19
1377554762, 50.19
1377554767, 50.19
1377554772, 50.19
1377554777, 50.19
1377554782, 50.19
1377554787, 50.16
1377554792, 50.19
1377554797, 50.19
1377554802, 50.19
1377554807, 50.19
1377554812, 50.19
1377554817, 50.19
1377554822, 50.16
1377554827, 50.16
1377554832, 50.19
1377554837, 50.19
1377554842, 50.16
1377554847, 50.16
1377554852, 50.19
1377554857, 50.19
1377554862, 50.19
1377554867, 50.19
1377554872, 50.19
1377554877, 50.19
1377554882, 50.16
1377554887, 50.16
1377554892, 50.16
1377554897, 50.19
1377554902, 50.16
1377554907, 50.19
1377554912, 50.19
1377554917, 50.19
1377554922, 50.19
1377554927, 50.19
1377554932, 50.19
1377554937, 50.16
1377554942, 50.16
1377554947, 50.19
1377554952, 50.19
1377554957, 50.16
1377554962, 50.16
1377554967, 50.16
1377554972, 50.16
1377554977, 50.16
1377554982, 50.16
1377554987, 50.16
1377554992, 50.19
1377554997, 50.16
1377555002, 50.16
1377555007, 50.16
1377555012, 50.16
1377555017, 50.19
1377555022, 50.19
1377555027, 50.16
1377555032, 50.16
1377555037, 50.16
1377555042, 50.19
1377555047, 50.16
1377555052, 50.19
1377555057, 50.16
1377555062, 50.16
1377555067, 50.16
1377555072, 50.16
1377555077, 50.16
1377555082, 50.16
1377555087, 50.16
1377555092, 50.16
1377555097, 50.16
1377555102, 50.16
1377555107, 50.13
1377555112, 50.13
1377555117, 50.13
1377555122, 50.13
1377555131, 50.13
1377555132, 50.13
1377555137, 50.13
1377555142, 50.13
1377555147, 50.13
1377555152, 50.16
1377555157, 50.16
1377555162, 50.16
1377555167, 50.16
1377555172, 50.16
1377555177, 50.13
1377555182, 50.16
1377555187, 50.16
1377555192, 50.13
1377555197, 50.16
1377555202, 50.16
1377555207, 50.16
1377555212, 50.16
1377555217, 50.13
1377555222, 50.13
1377555227, 50.13
1377555232, 50.16
1377555237, 50.13
1377555242, 50.13
1377555247, 50.13
1377555252, 50.16
1377555257, 50.13
1377555262, 50.16
1377555267, 50.13
1377555272, 50.16
1377555277, 50.13
1377555282, 50.16
1377555287, 50.16
1377555292, 50.16
1377555297, 50.13
1377555302, 50.13
1377555307, 50.13
1377555312, 50.16
1377555317, 50.13
1377555322, 50.13
1377555327, 50.16
1377555332, 50.13
1377555337, 50.13
1377555342, 50.13
1377555347, 50.13
1377555352, 50.13
1377555357, 50.13
1377555362, 50.13
1377555367, 50.13
1377555372, 50.13
1377555377, 50.16
1377555382, 50.13
1377555387, 50.13
1377555392, 50.13
1377555397, 50.13
1377555402, 50.13
1377555407, 50.13
1377555412, 50.13
1377555417, 50.16
1377555422, 50.13
1377555427, 50.13
1377555432, 50.13
1377555437, 50.13
1377555442, 50.13
1377555447, 50.13
1377555452, 50.13
1377555457, 50.13
1377555462, 50.13
1377555467, 50.13
1377555472, 50.13
1377555477, 50.13
1377555482, 50.13
1377555487, 50.13
1377555492, 50.13
1377555497, 50.13
1377555502, 50.13
1377555507, 50.13
1377555512, 50.13
1377555517, 50.13
1377555522, 50.13
1377555527, 50.13
1377555532, 50.13
1377555537, 50.13
1377555542, 50.13
1377555547, 50.13
1377555552, 50.13
1377555557, 50.13
1377555562, 50.13
1377555567, 50.13
1377555572, 50.13
1377555577, 50.13
1377555582, 50.13
1377555587, 50.13
1377555592, 50.13
1377555597, 50.13
1377555602, 50.13
1377555607, 50.13
1377555612, 50.13
1377555617, 50.13
1377555622, 50.16
1377555627, 50.13
1377555632, 50.13
1377555637, 50.13
1377555642, 50.13
1377555647, 50.13
1377555652, 50.13
1377555657, 50.13
1377555662, 50.13
1377555667, 50.13
1377555672, 50.13
1377555677, 50.13
1377555682, 50.13
1377555687, 50.13
1377555692, 50.13
1377555697, 50.13
1377555702, 50.13
1377555706, 50.13
1377555712, 50.13
1377555717, 50.13
1377555722, 50.13
1377555727, 50.13
1377555732, 50.13
1377555737, 50.13
1377555742, 50.13
1377555747, 50.13
1377555752, 50.13
1377555757, 50.13
1377555762, 50.13
1377555767, 50.13
1377555772, 50.13
1377555777, 50.13
1377555782, 50.13
1377555787, 50.13
1377555792, 50.13
1377555797, 50.13
1377555802, 50.13
1377555807, 50.13
1377555812, 50.13
1377555817, 50.13
1377555822, 50.13
1377555827, 50.13
1377555832, 50.13
1377555837, 50.13
1377555842, 50.13
1377555847, 50.13
1377555852, 50.13
1377555856, 50.13
1377555862, 50.13
1377555867, 50.13
1377555872, 50.13
1377555877, 50.13
1377555882, 50.13
1377555886, 50.13
1377555892, 50.13
1377555897, 50.13
1377555902, 50.13
1377555907, 50.13
1377555911, 50.13
1377555917, 50.13
1377555922, 50.13
1377555927, 50.13
1377555932, 50.13
1377555936, 50.13
1377555941, 50.13
1377555947, 50.13
1377555952, 50.13
1377555957, 50.13
1377555962, 50.10
1377555966, 50.13
1377555972, 50.13
1377555977, 50.13
1377555982, 50.13
1377555988, 50.13
1377555991, 50.13
1377555996, 50.13
1377556001, 50.13
1377556007, 50.13
1377556012, 50.13
1377556017, 50.13
1377556021, 50.13
1377556027, 50.13
1377556032, 50.13
1377556037, 50.13
1377556042, 50.13
1377556046, 50.16
1377556051, 50.13
1377556057, 50.13
1377556062, 50.13
1377556067, 50.13
1377556072, 50.13
1377556076, 50.13
1377556081, 50.13
1377556087, 50.13
1377556092, 50.10
1377556097, 50.13
1377556102, 50.13
1377556107, 50.13
1377556112, 50.13
1377556116, 50.13
1377556122, 50.13
1377556126, 50.10
1377556132, 50.13
1377556137, 50.13
1377556142, 50.13
1377556146, 50.13
1377556151, 50.13
1377556156, 50.13
1377556162, 50.13
1377556167, 50.13
1377556171, 50.13
1377556176, 50.13
1377556181, 50.13
1377556186, 50.13
1377556192, 50.13
1377556196, 50.13
1377556202, 50.13
1377556206, 50.13
1377556211, 50.13
1377556216, 50.13
1377556222, 50.13
1377556227, 50.10
1377556232, 50.13
1377556236, 50.13
1377556241, 50.13
1377556246, 50.13
1377556251, 50.13
1377556256, 50.13
1377556262, 50.13
1377556266, 50.13
1377556271, 50.10
1377556276, 50.13
1377556281, 50.13
1377556286, 50.13
1377556291, 50.13
1377556296, 50.13
1377556301, 50.13
1377556306, 50.13
1377556311, 50.13
1377556316, 50.10
1377556321, 50.13
1377556326, 50.13
1377556331, 50.13
1377556336, 50.13
1377556341, 50.13
1377556346, 50.13
1377556351, 50.13
1377556357, 50.13
1377556362, 50.10
1377556366, 50.13
1377556371, 50.13
1377556376, 50.13
1377556381, 50.13
1377556386, 50.13
1377556391, 50.13
1377556396, 50.13
1377556401, 50.13
1377556407, 50.13
1377556412, 50.13
1377556416, 50.13
1377556421, 50.13
1377556426, 50.13
1377556431, 50.13
1377556436, 50.13
1377556441, 50.13
1377556446, 50.13
1377556451, 50.13
1377556456, 50.10
1377556461, 50.10
1377556466, 50.13
1377556471, 50.13
1377556477, 50.13
1377556481, 50.13
1377556486, 50.13
1377556491, 50.13
1377556496, 50.13
1377556502, 50.10
1377556507, 50.13
1377556511, 50.13
1377556516, 50.13
1377556522, 50.13
1377556526, 50.10
1377556531, 50.13
1377556536, 50.13
1377556541, 50.13
1377556547, 50.13
1377556551, 50.13
1377556556, 50.10
1377556561, 50.13
1377556567, 50.13
1377556571, 50.13
1377556576, 50.13
1377556581, 50.13
1377556586, 50.13
1377556591, 50.13
1377556596, 50.13
1377556601, 50.13
1377556606, 50.13
1377556611, 50.13
1377556616, 50.10
1377556621, 50.13
1377556626, 50.13
1377556631, 50.10
1377556636, 50.10
1377556642, 50.13
1377556646, 50.10
1377556651, 50.13
1377556656, 50.10
1377556661, 50.13
1377556666, 50.13
1377556671, 50.13
1377556676, 50.13
1377556681, 50.13
1377556687, 50.13
1377556691, 50.10
1377556696, 50.13
1377556701, 50.10
1377556706, 50.10
1377556711, 50.13
1377556716, 50.13
1377556721, 50.10
1377556726, 50.13
1377556731, 50.10
1377556736, 50.10
1377556741, 50.13
1377556746, 50.10
1377556752, 50.10
1377556756, 50.10
1377556761, 50.13
1377556766, 50.10
1377556771, 50.10
1377556776, 50.10
1377556781, 50.10
1377556786, 50.10
1377556791, 50.10
1377556796, 50.13
1377556801, 50.10
1377556806, 50.10
1377556811, 50.13
1377556816, 50.10
1377556826, 50.10
1377556831, 50.13
1377556836, 50.10
1377556841, 50.10
1377556846, 50.10
1377556851, 50.10
1377556856, 50.06
1377556861, 50.10
1377556866, 50.10
1377556871, 50.10
1377556876, 50.10
1377556881, 50.10
1377556886, 50.10
1377556891, 50.10
1377556896, 50.10
1377556901, 50.13
1377556906, 50.10
1377556911, 50.10
1377556916, 50.06
1377556921, 50.10
1377556926, 50.10
1377556931, 50.10
1377556936, 50.06
1377556941, 50.10
1377556946, 50.06
1377556951, 50.06
1377556956, 50.06
1377556961, 50.10
1377556966, 50.10
1377556971, 50.10
1377556976, 50.10
1377556981, 50.10
1377556986, 50.10
1377556991, 50.10
1377556996, 50.06
1377557001, 50.10
1377557006, 50.10
1377557012, 50.10
1377557016, 50.10
1377557021, 50.06
1377557026, 50.06
1377557031, 50.06
1377557036, 50.10
1377557041, 50.06
1377557046, 50.06
1377557051, 50.06
1377557056, 50.06
1377557061, 50.06
1377557066, 50.06
1377557071, 50.06
1377557076, 50.06
1377557081, 50.06
1377557086, 50.06
1377557091, 50.06
1377557096, 50.06
1377557101, 50.06
1377557106, 50.06
1377557111, 50.06
1377557116, 50.06
1377557121, 50.06
1377557126, 50.06
1377557131, 50.06
1377557136, 50.06
1377557141, 50.06
1377557146, 50.06
1377557151, 50.06
1377557156, 50.06
1377557161, 50.06
1377557166, 50.06
1377557171, 50.06
1377557176, 50.06
1377557181, 50.06
1377557186, 50.06
1377557191, 50.06
1377557196, 50.06
1377557201, 50.06
1377557206, 50.03
1377557211, 50.06
1377557216, 50.06
1377557221, 50.06
1377557226, 50.06
1377557231, 50.06
1377557236, 50.06
1377557241, 50.06
1377557246, 50.06
1377557251, 50.06
1377557256, 50.03
1377557261, 50.03
1377557266, 50.06
1377557271, 50.06
1377557276, 50.06
1377557281, 50.06
1377557286, 50.06
1377557291, 50.06
1377557296, 50.06
1377557301, 50.06
1377557306, 50.03
1377557311, 50.03
1377557316, 50.03
1377557321, 50.06
1377557326, 50.03
1377557331, 50.06
1377557336, 50.03
1377557341, 50.06
1377557346, 50.06
1377557351, 50.03
1377557356, 50.03
1377557361, 50.03
1377557366, 50.03
1377557371, 50.03
1377557376, 50.03
1377557381, 50.03
1377557386, 50.06
1377557391, 50.03
1377557396, 50.06
1377557401, 50.03
1377557406, 50.03
1377557411, 50.06
1377557416, 50.00
1377557421, 50.03
1377557426, 50.06
1377557431, 50.03
1377557436, 50.06
1377557441, 50.06
1377557446, 50.03
1377557451, 50.03
1377557456, 50.03
1377557461, 50.03
1377557466, 50.03
1377557471, 50.03
1377557476, 50.03
1377557481, 50.03
1377557486, 50.03
1377557491, 50.03
1377557496, 50.03
1377557501, 50.03
1377557506, 50.03
1377557511, 50.03
1377557516, 50.03
1377557521, 50.03
1377557526, 50.00
1377557531, 50.03
1377557536, 50.03
1377557541, 50.03
1377557546, 50.00
1377557551, 50.00
1377557556, 50.00
1377557561, 50.03
1377557566, 50.00
1377557571, 50.03
1377557576, 50.03
1377557581, 50.00
1377557586, 50.00
1377557591, 50.00
1377557596, 50.00
1377557601, 50.03
1377557607, 50.00
1377557611, 50.00
1377557616, 50.03
1377557621, 50.00
1377557626, 50.03
1377557631, 50.00
1377557636, 50.00
1377557641, 50.00
1377557649, 50.03
1377557651, 50.00
1377557656, 50.00
1377557661, 50.00
1377557666, 50.00
1377557671, 50.00
1377557676, 50.00
1377557681, 50.00
1377557686, 50.00
1377557691, 50.00
1377557696, 50.00
1377557701, 50.00
1377557706, 50.00
1377557711, 50.00
1377557716, 50.00
1377557721, 50.00
1377557726, 50.00
1377557731, 50.00
1377557737, 50.00
1377557741, 50.00
1377557746, 50.00
1377557751, 49.97
1377557756, 50.00
1377557761, 50.00
1377557766, 50.00
1377557771, 50.00
1377557776, 50.00
1377557781, 50.00
1377557786, 50.00
1377557791, 50.00
1377557796, 50.00
1377557801, 50.00
1377557806, 50.00
1377557811, 50.00
1377557816, 50.00
1377557821, 50.00
1377557826, 50.00
1377557831, 49.97
1377557836, 49.97
1377557841, 50.00
1377557846, 50.00
1377557851, 50.00
1377557856, 50.00
1377557861, 50.00
1377557866, 50.00
1377557871, 50.00
1377557876, 50.00
1377557881, 50.00
1377557886, 50.00
1377557891, 50.00
1377557896, 50.00
1377557901, 49.97
1377557906, 50.00
1377557911, 49.97
1377557916, 49.97
1377557921, 49.97
1377557926, 50.00
1377557931, 49.97
1377557936, 49.97
1377557941, 49.97
1377557946, 50.00
1377557951, 49.97
1377557956, 50.00
1377557961, 49.97
1377557966, 49.97
1377557971, 49.97
1377557976, 49.97
1377557981, 49.97
1377557986, 49.97
1377557991, 49.97
1377557996, 49.97
1377558001, 50.00
1377558006, 49.97
1377558011, 50.00
1377558016, 49.97
1377558021, 49.97
1377558026, 50.00
1377558031, 50.00
1377558036, 49.97
1377558041, 49.97
1377558046, 49.97
1377558051, 49.97
1377558056, 49.97
1377558061, 49.97
1377558066, 49.97
1377558071, 49.97
1377558076, 49.97
1377558081, 49.97
1377558086, 49.97
1377558091, 49.97
1377558096, 49.97
1377558101, 50.00
1377558106, 49.94
1377558111, 49.97
1377558116, 49.97
1377558121, 49.97
1377558126, 49.97
1377558131, 49.97
1377558136, 49.94
1377558141, 49.97
1377558146, 49.97
1377558151, 49.97
1377558156, 49.97
1377558161, 49.94
1377558166, 49.97
1377558171, 49.97
1377558176, 49.97
1377558181, 49.97
1377558186, 49.94
1377558191, 49.97
1377558196, 49.94
1377558201, 49.94
1377558206, 49.94
1377558211, 49.97
1377558216, 49.97
1377558221, 49.94
1377558226, 49.97
1377558231, 49.97
1377558236, 49.97
1377558241, 49.94
1377558246, 49.97
1377558251, 49.94
1377558256, 49.94
1377558261, 49.94
1377558266, 49.94
1377558271, 49.97
1377558276, 49.94
1377558281, 49.94
1377558286, 49.94
1377558291, 49.94
1377558296, 49.94
1377558301, 49.94
1377558306, 49.94
1377558311, 49.94
1377558316, 49.94
1377558321, 49.94
1377558326, 49.94
1377558331, 49.94
1377558336, 49.94
1377558341, 49.94
1377558346, 49.94
1377558351, 49.94
1377558356, 49.94
1377558361, 49.94
1377558366, 49.94
1377558371, 49.94
1377558376, 49.94
1377558381, 49.94
1377558386, 49.94
1377558391, 49.94
1377558396, 49.94
1377558401, 49.94
1377558406, 49.94
1377558411, 49.94
1377558416, 49.94
1377558421, 49.94
1377558426, 49.94
1377558431, 49.94
1377558436, 49.94
1377558445, 49.94
1377558446, 49.94
1377558451, 49.94
1377558456, 49.94
1377558461, 49.94
1377558466, 49.94
1377558471, 49.94
1377558476, 49.94
1377558481, 49.94
1377558486, 49.94
1377558491, 49.94
1377558496, 49.94
1377558501, 49.94
1377558506, 49.94
1377558511, 49.94
1377558516, 49.90
1377558521, 49.94
1377558526, 49.90
1377558531, 49.94
1377558536, 49.90
1377558541, 49.90
1377558546, 49.94
1377558551, 49.90
1377558556, 49.94
1377558561, 49.94
1377558566, 49.94
1377558571, 49.94
1377558576, 49.94
1377558581, 49.90
1377558586, 49.94
1377558591, 49.90
1377558596, 49.90
1377558601, 49.90
1377558606, 49.94
1377558611, 49.94
1377558616, 49.90
1377558621, 49.90
1377558626, 49.94
1377558631, 49.90
1377558636, 49.90
1377558641, 49.90
1377558646, 49.90
1377558651, 49.90
1377558656, 49.90
1377558661, 49.90
1377558666, 49.90
1377558671, 49.90
1377558676, 49.90
1377558681, 49.87
1377558686, 49.90
1377558691, 49.90
1377558696, 49.87
1377558701, 49.90
1377558706, 49.90
1377558711, 49.90
1377558716, 49.90
1377558721, 49.87
1377558726, 49.90
1377558731, 49.87
1377558736, 49.87
1377558741, 49.87
1377558746, 49.90
1377558751, 49.90
1377558756, 49.90
1377558761, 49.90
1377558766, 49.90
1377558771, 49.90
1377558776, 49.87
1377558781, 49.90
1377558786, 49.90
1377558791, 49.87
1377558796, 49.90
1377558801, 49.87
1377558806, 49.87
1377558811, 49.87
1377558816, 49.90
1377558821, 49.87
1377558826, 49.87
1377558831, 49.87
1377558836, 49.87
1377558841, 49.87
1377558846, 49.87
1377558851, 49.90
1377558856, 49.87
1377558861, 49.87
1377558866, 49.87
1377558871, 49.87
1377558876, 49.87
1377558881, 49.87
1377558886, 49.87
1377558891, 49.87
1377558896, 49.87
1377558901, 49.87
1377558906, 49.87
1377558911, 49.87
1377558916, 49.87
1377558921, 49.87
1377558926, 49.87
1377558931, 49.87
1377558936, 49.87
1377558941, 49.87
1377558946, 49.87
1377558951, 49.87
1377558956, 49.87
1377558961, 49.87
1377558966, 49.87
1377558971, 49.87
1377558976, 49.84
1377558981, 49.87
1377558986, 49.87
1377558991, 49.87
1377558996, 49.87
1377559001, 49.87
1377559006, 49.87
1377559011, 49.87
1377559016, 49.87
1377559021, 49.87
1377559027, 49.87
1377559031, 49.87
1377559036, 49.87
1377559041, 49.87
1377559046, 49.87
1377559051, 49.87
1377559056, 49.84
1377559061, 49.84
1377559066, 49.84
1377559071, 49.87
1377559076, 49.87
1377559081, 49.87
1377559086, 49.87
1377559091, 49.87
1377559096, 49.84
1377559101, 49.87
1377559106, 49.84
1377559111, 49.84
1377559116, 49.87
1377559121, 49.84
1377559126, 49.87
1377559131, 49.81
1377559136, 49.84
1377559141, 49.84
1377559146, 49.87
1377559151, 49.84
1377559156, 49.84
1377559161, 49.84
1377559166, 49.84
1377559171, 49.84
1377559176, 49.84
1377559181, 49.84
1377559186, 49.84
1377559191, 49.84
1377559196, 49.84
1377559201, 49.84
1377559206, 49.84
1377559211, 49.84
1377559216, 49.84
1377559221, 49.84
1377559226, 49.84
1377559231, 49.84
1377559236, 49.81
1377559241, 49.81
1377559246, 49.84
1377559251, 49.84
1377559256, 49.84
1377559261, 49.84
1377559266, 49.84
1377559271, 49.81
1377559276, 49.81
1377559281, 49.84
1377559286, 49.81
1377559291, 49.81
1377559296, 49.84
1377559301, 49.84
1377559306, 49.81
1377559311, 49.84
1377559316, 49.81
1377559321, 49.84
1377559326, 49.81
1377559331, 49.84
1377559336, 49.81
1377559341, 49.84
1377559346, 49.81
1377559351, 49.84
1377559356, 49.81
1377559361, 49.81
1377559366, 49.81
1377559371, 49.81
1377559376, 49.84
1377559381, 49.81
1377559386, 49.81
1377559391, 49.84
1377559396, 49.84
1377559401, 49.84
1377559406, 49.81
1377559411, 49.81
1377559416, 49.81
1377559421, 49.81
1377559426, 49.81
1377559431, 49.81
1377559436, 49.84
1377559441, 49.81
1377559446, 49.84
1377559451, 49.81
1377559456, 49.81
1377559461, 49.84
1377559466, 49.81
1377559471, 49.81
1377559476, 49.81
1377559481, 49.81
1377559486, 49.81
1377559491, 49.81
1377559496, 49.81
1377559501, 49.81
1377559506, 49.81
1377559511, 49.81
1377559516, 49.81
1377559521, 49.81
1377559526, 49.84
1377559531, 49.81
1377559536, 49.81
1377559541, 49.81
1377559546, 49.81
1377559551, 49.81
1377559556, 49.81
1377559561, 49.81
1377559566, 49.81
1377559571, 49.81
1377559576, 49.81
1377559581, 49.81
1377559586, 49.81
1377559591, 49.81
1377559596, 49.81
1377559601, 49.81
1377559606, 49.81
1377559611, 49.81
1377559616, 49.81
1377559621, 49.81
1377559626, 49.81
1377559631, 49.81
1377559636, 49.81
1377559641, 49.81
1377559646, 49.81
1377559651, 49.81
1377559656, 49.81
1377559661, 49.81
1377559666, 49.81
1377559671, 49.81
1377559676, 49.81
1377559681, 49.81
1377559686, 49.81
1377559691, 49.81
1377559696, 49.81
1377559701, 49.81
1377559706, 49.81
1377559711, 49.81
1377559716, 49.81
1377559721, 49.81
1377559726, 49.81
1377559731, 49.81
1377559736, 49.81
1377559741, 49.81
1377559746, 49.77
1377559751, 49.81
1377559756, 49.81
1377559761, 49.81
1377559766, 49.81
1377559771, 49.81
1377559776, 49.81
1377559781, 49.81
1377559786, 49.81
1377559791, 49.81
1377559796, 49.81
1377559801, 49.81
1377559806, 49.81
1377559811, 49.81
1377559816, 49.81
1377559821, 49.77
1377559826, 49.81
1377559831, 49.81
1377559836, 49.81
1377559841, 49.81
1377559846, 49.77
1377559851, 49.81
1377559856, 49.81
1377559861, 49.81
1377559866, 49.81
1377559871, 49.81
1377559876, 49.81
1377559881, 49.77
1377559886, 49.81
1377559891, 49.77
1377559896, 49.81
1377559901, 49.81
1377559906, 49.77
1377559911, 49.81
1377559916, 49.81
1377559921, 49.81
1377559926, 49.81
1377559931, 49.81
1377559936, 49.81
1377559941, 49.77
1377559946, 49.77
1377559951, 49.81
1377559956, 49.77
1377559961, 49.81
1377559966, 49.77
1377559971, 49.77
1377559976, 49.81
1377559981, 49.77
1377559986, 49.81
1377559991, 49.81
1377559996, 49.81
1377560001, 49.77
1377560006, 49.77
1377560011, 49.81
1377560016, 49.81
1377560021, 49.77
1377560026, 49.81
1377560031, 49.77
1377560036, 49.81
1377560041, 49.77
1377560046, 49.81
1377560051, 49.77
1377560056, 49.81
1377560061, 49.77
1377560066, 49.77
1377560071, 49.77
1377560076, 49.77
1377560081, 49.81
1377560086, 49.77
1377560091, 49.77
1377560096, 49.81
1377560106, 49.77
1377560111, 49.77
1377560116, 49.77
1377560121, 49.77
1377560126, 49.77
1377560131, 49.77
1377560137, 49.77
1377560141, 49.77
1377560146, 49.77
1377560151, 49.77
1377560156, 49.77
1377560161, 49.77
1377560166, 49.77
1377560171, 49.77
1377560176, 49.77
1377560181, 49.77
1377560186, 49.77
1377560191, 49.77
1377560196, 49.74
1377560201, 49.74
1377560206, 49.77
1377560211, 49.77
1377560218, 49.77
1377560221, 49.77
1377560226, 49.81
1377560231, 49.77
1377560236, 49.74
1377560241, 49.77
1377560246, 49.77
1377560251, 49.77
1377560256, 49.77
1377560261, 49.74
1377560266, 49.77
1377560271, 49.77
1377560276, 49.74
1377560281, 49.77
1377560286, 49.74
1377560291, 49.77
1377560296, 49.77
1377560301, 49.74
1377560306, 49.77
1377560311, 49.74
1377560316, 49.74
1377560321, 49.74
1377560326, 49.74
1377560331, 49.74
1377560336, 49.77
1377560341, 49.77
1377560346, 49.74
1377560351, 49.74
1377560356, 49.74
1377560361, 49.74
1377560366, 49.74
1377560371, 49.77
1377560376, 49.74
1377560381, 49.77
1377560387, 49.74
1377560391, 49.74
1377560396, 49.74
1377560401, 49.74
1377560406, 49.74
1377560411, 49.74
1377560416, 49.74
1377560421, 49.74
1377560426, 49.74
1377560431, 49.74
1377560436, 49.74
1377560441, 49.74
1377560446, 49.74
1377560451, 49.74
1377560456, 49.74
1377560461, 49.74
1377560466, 49.74
1377560471, 49.74
1377560476, 49.74
1377560481, 49.74
1377560486, 49.74
1377560491, 49.74
1377560496, 49.74
1377560501, 49.74
1377560506, 49.74
1377560511, 49.74
1377560516, 49.74
1377560521, 49.74
1377560526, 49.74
1377560531, 49.74
1377560536, 49.71
1377560541, 49.74
1377560546, 49.74
1377560551, 49.74
1377560556, 49.74
1377560561, 49.74
1377560566, 49.74
1377560571, 49.71
1377560576, 49.74
1377560581, 49.74
1377560586, 49.74
1377560591, 49.74
1377560596, 49.74
1377560601, 49.74
1377560606, 49.74
1377560611, 49.74
1377560616, 49.74
1377560621, 49.74
1377560626, 49.74
1377560631, 49.71
1377560636, 49.74
1377560641, 49.74
1377560646, 49.71
1377560651, 49.74
1377560656, 49.74
1377560661, 49.74
1377560666, 49.74
1377560671, 49.71
1377560676, 49.74
1377560681, 49.74
1377560686, 49.74
1377560691, 49.74
1377560696, 49.74
1377560701, 49.74
1377560706, 49.74
1377560711, 49.74
1377560716, 49.74
1377560721, 49.74
1377560726, 49.74
1377560731, 49.74
1377560736, 49.74
1377560741, 49.74
1377560746, 49.71
1377560751, 49.71
1377560756, 49.74
1377560761, 49.74
1377560766, 49.74
1377560771, 49.74
1377560776, 49.74
1377560781, 49.71
1377560786, 49.71
1377560791, 49.71
1377560796, 49.71
1377560801, 49.71
1377560806, 49.71
1377560811, 49.71
1377560816, 49.71
1377560821, 49.71
1377560826, 49.71
1377560831, 49.71
1377560836, 49.71
1377560841, 49.71
1377560846, 49.74
1377560851, 49.71
1377560856, 49.71
1377560861, 49.71
1377560866, 49.74
1377560871, 49.71
1377560876, 49.74
1377560881, 49.71
1377560886, 49.74
1377560891, 49.71
1377560896, 49.71
1377560901, 49.71
1377560906, 49.71
1377560911, 49.71
1377560916, 49.74
1377560921, 49.71
1377560926, 49.71
1377560931, 49.71
1377560936, 49.71
1377560941, 49.71
1377560946, 49.71
1377560951, 49.71
1377560956, 49.71
1377560961, 49.71
1377560966, 49.68
1377560971, 49.71
1377560976, 49.71
1377560981, 49.68
1377560986, 49.71
1377560991, 49.71
1377560996, 49.71
1377561001, 49.71
1377561006, 49.71
1377561011, 49.71
1377561016, 49.71
1377561021, 49.71
1377561026, 49.71
1377561031, 49.71
1377561036, 49.71
1377561041, 49.71
1377561046, 49.71
1377561052, 49.71
1377561056, 49.71
1377561061, 49.71
1377561066, 49.71
1377561071, 49.68
1377561076, 49.71
1377561081, 49.68
1377561086, 49.71
1377561091, 49.71
1377561096, 49.71
1377561101, 49.71
1377561106, 49.71
1377561111, 49.71
1377561116, 49.71
1377561121, 49.71
1377561126, 49.71
1377561131, 49.68
1377561136, 49.68
1377561141, 49.68
1377561146, 49.71
1377561151, 49.71
1377561156, 49.71
1377561161, 49.71
1377561166, 49.71
1377561171, 49.71
1377561176, 49.71
1377561181, 49.71
1377561186, 49.68
1377561191, 49.68
1377561196, 49.68
1377561201, 49.68
1377561206, 49.68
1377561211, 49.71
1377561216, 49.68
1377561221, 49.68
1377561226, 49.68
1377561231, 49.68
1377561236, 49.68
1377561241, 49.68
1377561246, 49.71
1377561251, 49.68
1377561256, 49.71
1377561261, 49.71
1377561266, 49.71
1377561271, 49.71
1377561276, 49.68
1377561281, 49.68
1377561286, 49.68
1377561291, 49.68
1377561296, 49.71
1377561301, 49.68
1377561306, 49.68
1377561311, 49.68
1377561316, 49.68
1377561321, 49.68
1377561326, 49.71
1377561331, 49.68
1377561336, 49.68
1377561341, 49.68
1377561346, 49.68
1377561352, 49.68
1377561356, 49.68
1377561361, 49.68
1377561366, 49.68
1377561371, 49.68
1377561376, 49.68
1377561381, 49.68
1377561386, 49.68
1377561391, 49.68
1377561396, 49.71
1377561401, 49.68
1377561406, 49.68
1377561411, 49.68
1377561416, 49.68
1377561421, 49.68
1377561426, 49.68
1377561431, 49.68
1377561436, 49.68
1377561441, 49.68
1377561446, 49.68
1377561451, 49.68
1377561456, 49.68
1377561461, 49.68
1377561466, 49.68
1377561471, 49.68
1377561476, 49.68
1377561481, 49.68
1377561486, 49.68
1377561491, 49.68
1377561496, 49.68
1377561501, 49.68
1377561506, 49.68
1377561511, 49.68
1377561516, 49.68
1377561521, 49.68
1377561527, 49.68
1377561531, 49.68
1377561536, 49.68
1377561541, 49.68
1377561546, 49.68
1377561551, 49.68
1377561556, 49.68
1377561561, 49.68
1377561566, 49.68
1377561571, 49.68
1377561576, 49.68
1377561581, 49.68
1377561586, 49.68
1377561591, 49.68
1377561596, 49.68
1377561601, 49.68
1377561606, 49.68
1377561611, 49.68
1377561616, 49.68
1377561621, 49.68
1377561626, 49.68
1377561631, 49.68
1377561636, 49.68
1377561641, 49.68
1377561646, 49.68
1377561651, 49.68
1377561656, 49.68
1377561661, 49.68
1377561666, 49.68
1377561671, 49.68
1377561676, 49.68
1377561681, 49.68
1377561686, 49.65
1377561691, 49.68
1377561696, 49.68
1377561701, 49.68
1377561706, 49.68
1377561711, 49.68
1377561716, 49.68
1377561721, 49.68
1377561726, 49.68
1377561731, 49.68
1377561736, 49.68
1377561741, 49.68
1377561746, 49.68
1377561751, 49.68
1377561756, 49.68
1377561761, 49.68
1377561766, 49.68
1377561771, 49.68
1377561776, 49.68
1377561781, 49.68
1377561786, 49.68
1377561791, 49.68
1377561796, 49.65
1377561802, 49.68
1377561806, 49.68
1377561811, 49.68
1377561816, 49.68
1377561821, 49.68
1377561826, 49.68
1377561831, 49.65
1377561836, 49.68
1377561841, 49.68
1377561846, 49.65
1377561851, 49.65
1377561856, 49.65
1377561861, 49.65
1377561866, 49.68
1377561871, 49.65
1377561876, 49.68
1377561881, 49.65
1377561886, 49.68
1377561891, 49.68
1377561896, 49.65
1377561901, 49.65
1377561906, 49.65
1377561911, 49.68
1377561916, 49.61
1377561921, 49.68
1377561926, 49.68
1377561931, 49.65
1377561936, 49.68
1377561941, 49.65
1377561946, 49.68
1377561951, 49.65
1377561956, 49.68
1377561961, 49.65
1377561966, 49.68
1377561971, 49.65
1377561976, 49.65
1377561981, 49.65
1377561986, 49.65
1377561991, 49.65
1377561996, 49.65
1377562001, 49.65
1377562006, 49.68
1377562011, 49.65
1377562016, 49.65
1377562021, 49.65
1377562026, 49.65
1377562031, 49.65
1377562036, 49.68
1377562041, 49.65
1377562046, 49.65
1377562051, 49.65
1377562056, 49.65
1377562061, 49.65
1377562066, 49.61
1377562071, 49.65
1377562076, 49.65
1377562081, 49.65
1377562086, 49.65
1377562091, 49.65
1377562096, 49.61
1377562101, 49.61
1377562106, 49.65
1377562111, 49.65
1377562116, 49.65
1377562121, 49.65
1377562126, 49.65
1377562131, 49.68
1377562136, 49.65
1377562141, 49.65
1377562146, 49.65
1377562151, 49.61
1377562156, 49.65
1377562161, 49.65
1377562166, 49.65
1377562171, 49.65
1377562176, 49.65
1377562181, 49.65
1377562186, 49.61
1377562191, 49.65
1377562196, 49.61
1377562201, 49.65
1377562206, 49.65
1377562211, 49.61
1377562216, 49.65
1377562221, 49.61
1377562226, 49.65
1377562231, 49.65
1377562236, 49.65
1377562241, 49.65
1377562246, 49.61
1377562251, 49.61
1377562256, 49.61
1377562261, 49.61
1377562266, 49.65
1377562271, 49.61
1377562276, 49.61
1377562281, 49.65
1377562286, 49.65
1377562291, 49.61
1377562296, 49.61
1377562301, 49.61
1377562306, 49.61
1377562311, 49.61
1377562316, 49.61
1377562321, 49.61
1377562326, 49.65
1377562331, 49.61
1377562336, 49.61
1377562341, 49.61
1377562346, 49.61
1377562351, 49.61
1377562356, 49.61
1377562361, 49.61
1377562366, 49.61
1377562371, 49.61
1377562376, 49.61
1377562381, 49.61
1377562386, 49.61
1377562391, 49.61
1377562396, 49.61
1377562401, 49.61
1377562406, 49.61
1377562411, 49.61
1377562416, 49.61
1377562421, 49.61
1377562426, 49.61
1377562431, 49.61
1377562436, 49.61
1377562441, 49.61
1377562446, 49.61
1377562451, 49.61
1377562456, 49.61
1377562461, 49.61
1377562466, 49.61
1377562471, 49.61
1377562476, 49.61
1377562481, 49.61
1377562486, 49.61
1377562491, 49.61
1377562496, 49.61
1377562501, 49.61
1377562506, 49.61
1377562511, 49.61
1377562516, 49.61
1377562521, 49.61
1377562526, 49.61
1377562531, 49.61
1377562536, 49.61
1377562541, 49.61
1377562546, 49.61
1377562551, 49.61
1377562556, 49.61
1377562561, 49.61
1377562566, 49.61
1377562571, 49.61
1377562576, 49.61
1377562581, 49.61
1377562586, 49.61
1377562591, 49.61
1377562596, 49.61
1377562601, 49.61
1377562606, 49.61
1377562611, 49.61
1377562616, 49.61
1377562621, 49.61
1377562626, 49.61
1377562631, 49.61
1377562636, 49.58
1377562641, 49.61
1377562646, 49.58
1377562652, 49.61
1377562656, 49.61
1377562661, 49.61
1377562666, 49.61
1377562671, 49.61
1377562676, 49.61
1377562681, 49.58
1377562686, 49.61
1377562691, 49.58
1377562696, 49.61
1377562701, 49.61
1377562706, 49.58
1377562711, 49.58
1377562716, 49.58
1377562721, 49.58
1377562726, 49.58
1377562731, 49.58
1377562736, 49.61
1377562741, 49.58
1377562746, 49.58
1377562751, 49.58
1377562756, 49.58
1377562761, 49.58
1377562766, 49.58
1377562771, 49.58
1377562776, 49.58
1377562781, 49.58
1377562786, 49.58
1377562791, 49.58
1377562796, 49.58
1377562801, 49.58
1377562806, 49.58
1377562811, 49.58
1377562816, 49.58
1377562821, 49.58
1377562826, 49.58
1377562831, 49.55
1377562836, 49.58
1377562841, 49.58
1377562846, 49.58
1377562851, 49.55
1377562856, 49.58
1377562861, 49.58
1377562866, 49.58
1377562871, 49.61
1377562876, 49.58
1377562881, 49.58
1377562886, 49.58
1377562891, 49.58
1377562896, 49.61
1377562901, 49.55
1377562906, 49.58
1377562911, 49.58
1377562916, 49.58
1377562921, 49.58
1377562926, 49.58
1377562931, 49.58
1377562936, 49.58
1377562941, 49.58
1377562946, 49.58
1377562951, 49.58
1377562956, 49.58
1377562961, 49.55
1377562966, 49.58
1377562971, 49.58
1377562976, 49.55
1377562981, 49.58
1377562986, 49.55
1377562991, 49.58
1377562996, 49.58
1377563001, 49.55
1377563006, 49.58
1377563011, 49.55
1377563016, 49.58
1377563021, 49.58
1377563026, 49.58
1377563031, 49.58
1377563036, 49.58
1377563041, 49.58
1377563046, 49.58
1377563051, 49.55
1377563056, 49.58
1377563061, 49.58
1377563066, 49.58
1377563071, 49.55
1377563076, 49.55
1377563081, 49.55
1377563086, 49.55
1377563091, 49.55
1377563096, 49.55
1377563101, 49.55
1377563106, 49.55
1377563111, 49.55
1377563116, 49.55
1377563121, 49.55
1377563126, 49.58
1377563131, 49.55
1377563136, 49.55
1377563141, 49.55
1377563146, 49.55
1377563151, 49.55
1377563156, 49.55
1377563161, 49.58
1377563166, 49.55
1377563171, 49.55
1377563176, 49.55
1377563181, 49.55
1377563186, 49.55
1377563191, 49.55
1377563196, 49.55
1377563201, 49.55
1377563206, 49.55
1377563211, 49.55
1377563216, 49.55
1377563221, 49.55
1377563226, 49.55
1377563231, 49.55
1377563236, 49.55
1377563241, 49.55
1377563246, 49.55
1377563251, 49.55
1377563256, 49.55
1377563261, 49.55
1377563266, 49.55
1377563271, 49.55
1377563276, 49.55
1377563281, 49.55
1377563286, 49.55
1377563291, 49.55
1377563296, 49.55
1377563301, 49.55
1377563306, 49.55
1377563311, 49.55
1377563316, 49.55
1377563321, 49.55
1377563326, 49.55
1377563331, 49.55
1377563336, 49.55
1377563341, 49.55
1377563346, 49.55
1377563351, 49.55
1377563356, 49.55
1377563361, 49.55
1377563366, 49.55
1377563371, 49.58
1377563376, 49.55
1377563381, 49.55
1377563386, 49.55
1377563391, 49.55
1377563396, 49.55
1377563401, 49.55
1377563406, 49.55
1377563411, 49.55
1377563416, 49.55
1377563421, 49.55
1377563426, 49.55
1377563431, 49.55
1377563436, 49.55
1377563441, 49.55
1377563446, 49.55
1377563451, 49.55
1377563456, 49.55
1377563461, 49.55
1377563466, 49.55
1377563471, 49.55
1377563476, 49.55
1377563481, 49.55
1377563486, 49.55
1377563491, 49.55
1377563496, 49.55
1377563501, 49.52
1377563506, 49.55
1377563511, 49.55
1377563516, 49.55
1377563521, 49.52
1377563526, 49.55
1377563531, 49.55
1377563536, 49.52
1377563541, 49.55
1377563546, 49.55
1377563551, 49.55
1377563556, 49.52
1377563561, 49.52
1377563566, 49.55
1377563571, 49.55
1377563576, 49.55
1377563581, 49.52
1377563586, 49.52
1377563591, 49.55
1377563596, 49.52
1377563601, 49.55
1377563606, 49.55
1377563611, 49.52
1377563616, 49.52
1377563621, 49.55
1377563626, 49.55
1377563631, 49.55
1377563636, 49.55
1377563641, 49.55
1377563646, 49.52
1377563651, 49.55
1377563656, 49.55
1377563661, 49.52
1377563666, 49.52
1377563671, 49.52
1377563676, 49.55
1377563681, 49.55
1377563686, 49.52
1377563691, 49.52
1377563696, 49.52
1377563701, 49.52
1377563706, 49.55
1377563711, 49.52
1377563716, 49.52
1377563721, 49.52
1377563726, 49.52
1377563731, 49.52
1377563736, 49.52
1377563741, 49.55
1377563746, 49.55
1377563751, 49.52
1377563756, 49.52
1377563761, 49.55
1377563766, 49.55
1377563771, 49.52
1377563776, 49.52
1377563781, 49.52
1377563786, 49.55
1377563791, 49.52
1377563796, 49.52
1377563801, 49.52
1377563806, 49.52
1377563811, 49.52
1377563816, 49.48
1377563821, 49.55
1377563826, 49.52
1377563831, 49.52
1377563836, 49.52
1377563841, 49.52
1377563846, 49.52
1377563851, 49.52
1377563856, 49.52
1377563861, 49.52
1377563866, 49.55
1377563871, 49.55
1377563876, 49.52
1377563881, 49.48
1377563886, 49.52
1377563891, 49.52
1377563896, 49.52
1377563901, 49.55
1377563906, 49.52
1377563911, 49.52
1377563916, 49.52
1377563921, 49.52
1377563926, 49.52
1377563931, 49.52
1377563936, 49.52
1377563941, 49.52
1377563946, 49.52
1377563951, 49.52
1377563956, 49.52
1377563961, 49.52
1377563966, 49.48
1377563971, 49.52
1377563976, 49.52
1377563981, 49.52
1377563986, 49.52
1377563991, 49.52
1377563996, 49.55
1377564001, 49.52
1377564006, 49.52
1377564011, 49.52
1377564016, 49.52
1377564021, 49.52
1377564026, 49.52
1377564031, 49.52
1377564036, 49.52
1377564041, 49.55
1377564046, 49.52
1377564051, 49.52
1377564056, 49.52
1377564061, 49.52
1377564066, 49.52
1377564071, 49.52
1377564076, 49.55
1377564081, 49.52
1377564086, 49.52
1377564091, 49.52
1377564096, 49.52
1377564101, 49.52
1377564106, 49.52
1377564111, 49.52
1377564116, 49.52
1377564121, 49.52
1377564126, 49.52
1377564131, 49.52
1377564136, 49.52
1377564141, 49.52
1377564146, 49.52
1377564151, 49.52
1377564156, 49.55
1377564161, 49.52
1377564166, 49.55
1377564171, 49.52
1377564176, 49.52
1377564181, 49.52
1377564186, 49.52
1377564191, 49.52
1377564196, 49.52
1377564201, 49.52
1377564206, 49.55
1377564211, 49.52
1377564216, 49.52
1377564221, 49.52
1377564226, 49.55
1377564231, 49.52
1377564236, 49.55
1377564241, 49.48
1377564246, 49.52
1377564251, 49.52
1377564256, 49.52
1377564261, 49.52
1377564266, 49.52
1377564271, 49.55
1377564276, 49.52
1377564281, 49.55
1377564289, 49.52
1377564291, 49.52
1377564296, 49.52
1377564301, 49.52
1377564306, 49.52
1377564311, 49.52
1377564316, 49.52
1377564321, 49.52
1377564326, 49.52
1377564331, 49.52
1377564336, 49.52
1377564341, 49.55
1377564346, 49.52
1377564351, 49.52
1377564356, 49.52
1377564361, 49.52
1377564366, 49.52
1377564371, 49.52
1377564376, 49.52
1377564381, 49.52
1377564386, 49.52
1377564391, 49.52
1377564396, 49.52
1377564401, 49.48
1377564406, 49.52
1377564411, 49.52
1377564416, 49.52
1377564421, 49.48
1377564426, 49.55
1377564431, 49.52
1377564436, 49.48
1377564441, 49.52
1377564446, 49.52
1377564451, 49.48
1377564456, 49.52
1377564461, 49.52
1377564466, 49.52
1377564471, 49.52
1377564476, 49.52
1377564481, 49.52
1377564486, 49.48
1377564491, 49.48
1377564496, 49.48
1377564501, 49.48
1377564506, 49.52
1377564511, 49.48
1377564516, 49.48
1377564521, 49.48
1377564526, 49.48
1377564531, 49.52
1377564536, 49.48
1377564541, 49.48
1377564546, 49.52
1377564551, 49.48
1377564556, 49.48
1377564561, 49.48
1377564566, 49.48
1377564571, 49.48
1377564576, 49.52
1377564581, 49.48
1377564586, 49.52
1377564591, 49.52
1377564596, 49.52
1377564601, 49.52
1377564606, 49.48
1377564611, 49.48
1377564616, 49.48
1377564621, 49.52
1377564626, 49.52
1377564631, 49.48
1377564636, 49.48
1377564641, 49.48
1377564646, 49.48
1377564651, 49.48
1377564656, 49.48
1377564661, 49.48
1377564666, 49.52
1377564671, 49.48
1377564676, 49.48
1377564681, 49.52
1377564686, 49.48
1377564691, 49.52
1377564696, 49.52
1377564701, 49.48
1377564706, 49.48
1377564711, 49.52
1377564716, 49.48
1377564721, 49.52
1377564726, 49.48
1377564731, 49.52
1377564736, 49.52
1377564741, 49.48
1377564746, 49.52
1377564751, 49.48
1377564756, 49.48
1377564761, 49.48
1377564766, 49.48
1377564771, 49.48
1377564776, 49.48
1377564781, 49.48
1377564786, 49.48
1377564791, 49.52
1377564796, 49.48
1377564801, 49.52
1377564806, 49.48
1377564811, 49.48
1377564816, 49.48
1377564821, 49.48
1377564826, 49.48
1377564831, 49.48
1377564836, 49.48
1377564841, 49.48
1377564846, 49.48
1377564851, 49.52
1377564856, 49.48
1377564861, 49.52
1377564866, 49.48
1377564871, 49.52
1377564876, 49.48
1377564881, 49.48
1377564886, 49.48
1377564891, 49.48
1377564896, 49.48
1377564901, 49.48
1377564906, 49.52
1377564911, 49.48
1377564916, 49.52
1377564921, 49.48
1377564926, 49.48
1377564931, 49.48
1377564936, 49.48
1377564941, 49.48
1377564946, 49.48
1377564951, 49.48
1377564956, 49.48
1377564961, 49.48
1377564966, 49.48
1377564971, 49.52
1377564976, 49.48
1377564981, 49.48
1377564986, 49.48
1377564991, 49.48
1377564996, 49.48
1377565001, 49.48
1377565006, 49.48
1377565011, 49.48
1377565016, 49.48
1377565021, 49.48
1377565026, 49.48
1377565031, 49.48
1377565036, 49.48
1377565041, 49.48
1377565046, 49.48
1377565051, 49.48
1377565056, 49.48
1377565061, 49.48
1377565066, 49.48
1377565071, 49.48
1377565076, 49.48
1377565081, 49.48
1377565086, 49.48
1377565091, 49.52
1377565096, 49.48
1377565101, 49.48
1377565106, 49.48
1377565111, 49.48
1377565116, 49.48
1377565121, 49.48
1377565126, 49.48
1377565131, 49.48
1377565136, 49.48
1377565141, 49.48
1377565146, 49.48
1377565151, 49.48
1377565156, 49.48
1377565161, 49.48
1377565166, 49.48
1377565171, 49.48
1377565176, 49.48
1377565181, 49.48
1377565186, 49.48
1377565191, 49.48
1377565196, 49.48
1377565201, 49.48
1377565206, 49.48
1377565211, 49.48
1377565216, 49.48
1377565221, 49.48
1377565226, 49.48
1377565231, 49.48
1377565236, 49.48
1377565241, 49.48
1377565246, 49.48
1377565251, 49.48
1377565256, 49.45
1377565261, 49.48
1377565266, 49.48
1377565271, 49.45
1377565276, 49.48
1377565281, 49.48
1377565286, 49.48
1377565291, 49.48
1377565296, 49.48
1377565301, 49.45
1377565306, 49.48
1377565311, 49.48
1377565316, 49.48
1377565321, 49.48
1377565326, 49.48
1377565331, 49.45
1377565336, 49.48
1377565341, 49.48
1377565346, 49.48
1377565351, 49.48
1377565356, 49.48
1377565361, 49.48
1377565366, 49.48
1377565371, 49.48
1377565376, 49.48
1377565381, 49.48
1377565386, 49.45
1377565391, 49.45
1377565396, 49.48
1377565401, 49.48
1377565406, 49.48
1377565411, 49.48
1377565416, 49.48
1377565421, 49.48
1377565426, 49.45
1377565431, 49.48
1377565436, 49.48
1377565441, 49.48
1377565446, 49.48
1377565451, 49.48
1377565456, 49.48
1377565461, 49.48
1377565466, 49.45
1377565471, 49.45
1377565476, 49.48
1377565481, 49.48
1377565486, 49.48
1377565491, 49.48
1377565496, 49.45
1377565501, 49.48
1377565506, 49.48
1377565511, 49.48
1377565516, 49.48
1377565521, 49.48
1377565526, 49.48
1377565531, 49.48
1377565536, 49.48
1377565541, 49.48
1377565546, 49.45
1377565551, 49.48
1377565556, 49.48
1377565561, 49.48
1377565566, 49.48
1377565571, 49.48
1377565576, 49.48
1377565581, 49.48
1377565586, 49.48
1377565591, 49.48
1377565596, 49.48
1377565601, 49.48
1377565606, 49.48
1377565611, 49.48
1377565616, 49.48
1377565621, 49.48
1377565626, 49.48
1377565631, 49.48
1377565636, 49.48
1377565641, 49.48
1377565646, 49.48
1377565651, 49.48
1377565656, 49.48
1377565661, 49.48
1377565666, 49.48
1377565671, 49.45
1377565676, 49.45
1377565681, 49.48
1377565686, 49.48
1377565691, 49.48
1377565696, 49.45
1377565701, 49.45
1377565706, 49.48
1377565711, 49.45
1377565716, 49.48
1377565721, 49.45
1377565726, 49.48
1377565731, 49.48
1377565736, 49.45
1377565741, 49.48
1377565746, 49.48
1377565751, 49.48
1377565756, 49.48
1377565761, 49.48
1377565766, 49.48
1377565771, 49.48
1377565776, 49.48
1377565781, 49.48
1377565786, 49.45
1377565791, 49.48
1377565796, 49.48
1377565801, 49.45
1377565806, 49.48
1377565811, 49.48
1377565816, 49.48
1377565821, 49.48
1377565826, 49.48
1377565831, 49.48
1377565836, 49.48
1377565841, 49.45
1377565846, 49.48
1377565851, 49.45
1377565856, 49.48
1377565861, 49.48
1377565866, 49.45
1377565871, 49.45
1377565876, 49.45
1377565881, 49.48
1377565886, 49.48
1377565891, 49.45
1377565896, 49.48
1377565901, 49.48
1377565906, 49.48
1377565911, 49.45
1377565916, 49.45
1377565921, 49.48
1377565926, 49.45
1377565933, 49.48
1377565936, 49.48
1377565941, 49.48
1377565946, 49.45
1377565951, 49.48
1377565956, 49.48
1377565961, 49.48
1377565966, 49.48
1377565971, 49.45
1377565976, 49.48
1377565981, 49.48
1377565986, 49.45
1377565991, 49.45
1377565996, 49.48
1377566001, 49.48
1377566006, 49.48
1377566011, 49.48
1377566016, 49.45
1377566021, 49.48
1377566026, 49.48
1377566031, 49.45
1377566036, 49.48
1377566041, 49.48
1377566046, 49.48
1377566051, 49.48
1377566056, 49.48
1377566061, 49.48
1377566066, 49.48
1377566071, 49.48
1377566076, 49.48
1377566081, 49.48
1377566086, 49.48
1377566091, 49.48
1377566096, 49.48
1377566101, 49.48
1377566106, 49.48
1377566111, 49.48
1377566116, 49.48
1377566121, 49.48
1377566126, 49.48
1377566131, 49.48
1377566136, 49.48
1377566141, 49.48
1377566146, 49.48
1377566151, 49.45
1377566156, 49.45
1377566161, 49.45
1377566166, 49.48
1377566171, 49.48
1377566176, 49.48
1377566181, 49.48
1377566186, 49.48
1377566191, 49.48
1377566196, 49.48
1377566201, 49.48
1377566206, 49.48
1377566211, 49.48
1377566216, 49.48
1377566221, 49.48
1377566226, 49.48
1377566231, 49.48
1377566236, 49.48
1377566241, 49.48
1377566246, 49.48
1377566251, 49.45
1377566256, 49.48
1377566261, 49.48
1377566266, 49.48
1377566271, 49.48
1377566276, 49.48
1377566281, 49.48
1377566286, 49.45
1377566291, 49.48
1377566296, 49.45
1377566301, 49.48
1377566306, 49.48
1377566311, 49.48
1377566316, 49.48
1377566321, 49.48
1377566326, 49.48
1377566331, 49.48
1377566336, 49.48
1377566341, 49.48
1377566346, 49.45
1377566351, 49.48
1377566356, 49.48
1377566361, 49.48
1377566366, 49.48
1377566371, 49.48
1377566376, 49.45
1377566381, 49.48
1377566386, 49.48
1377566391, 49.45
1377566396, 49.48
1377566401, 49.45
1377566406, 49.48
1377566411, 49.45
1377566416, 49.48
1377566421, 49.45
1377566426, 49.48
1377566431, 49.48
1377566436, 49.48
1377566441, 49.48
1377566446, 49.45
1377566451, 49.48
1377566456, 49.45
1377566461, 49.45
1377566466, 49.45
1377566471, 49.45
1377566476, 49.45
1377566481, 49.45
1377566486, 49.48
1377566491, 49.45
1377566496, 49.48
1377566501, 49.48
1377566506, 49.45
1377566511, 49.45
1377566516, 49.45
1377566521, 49.45
1377566526, 49.45
1377566531, 49.42
1377566536, 49.45
1377566541, 49.48
1377566546, 49.45
1377566551, 49.45
1377566556, 49.45
1377566561, 49.48
1377566566, 49.48
1377566571, 49.45
1377566576, 49.45
1377566581, 49.45
1377566586, 49.48
1377566591, 49.45
1377566596, 49.48
1377566601, 49.45
1377566606, 49.45
1377566611, 49.45
1377566616, 49.45
1377566621, 49.45
1377566626, 49.45
1377566631, 49.42
1377566636, 49.45
1377566641, 49.42
1377566646, 49.45
1377566651, 49.45
1377566656, 49.45
1377566661, 49.42
1377566666, 49.42
1377566671, 49.45
1377566676, 49.45
1377566681, 49.45
1377566686, 49.45
1377566691, 49.45
1377566696, 49.45
1377566701, 49.45
1377566706, 49.45
1377566711, 49.45
1377566716, 49.45
1377566721, 49.45
1377566726, 49.42
1377566731, 49.42
1377566736, 49.42
1377566741, 49.45
1377566749, 49.45
1377566751, 49.45
1377566756, 49.42
1377566761, 49.42
1377566766, 49.42
1377566771, 49.42
1377566776, 49.42
1377566781, 49.42
1377566786, 49.42
1377566791, 49.45
1377566796, 49.42
1377566801, 49.45
1377566806, 49.42
1377566811, 49.42
1377566816, 49.42
1377566821, 49.45
1377566826, 49.45
1377566831, 49.42
1377566836, 49.45
1377566841, 49.42
1377566846, 49.42
1377566851, 49.45
1377566856, 49.42
1377566861, 49.45
1377566866, 49.42
1377566871, 49.42
1377566876, 49.45
1377566881, 49.42
1377566886, 49.42
1377566891, 49.42
1377566896, 49.42
1377566901, 49.42
1377566906, 49.42
1377566911, 49.42
1377566916, 49.42
1377566921, 49.42
1377566926, 49.42
1377566931, 49.42
1377566936, 49.42
1377566941, 49.42
1377566946, 49.42
1377566951, 49.42
1377566956, 49.42
1377566961, 49.42
1377566966, 49.42
1377566971, 49.42
1377566976, 49.42
1377566981, 49.42
1377566986, 49.42
1377566991, 49.42
1377566996, 49.42
1377567001, 49.42
1377567006, 49.42
1377567011, 49.42
1377567016, 49.42
1377567021, 49.42
1377567026, 49.42
1377567031, 49.39
1377567036, 49.42
1377567041, 49.42
1377567046, 49.42
1377567051, 49.42
1377567056, 49.42
1377567061, 49.42
1377567066, 49.42
1377567071, 49.42
1377567076, 49.42
1377567081, 49.42
1377567086, 49.42
1377567091, 49.42
1377567096, 49.42
1377567101, 49.42
1377567106, 49.42
1377567111, 49.42
1377567116, 49.42
1377567121, 49.42
1377567126, 49.42
1377567131, 49.42
1377567136, 49.42
1377567141, 49.42
1377567146, 49.42
1377567151, 49.42
1377567156, 49.42
1377567161, 49.42
1377567166, 49.42
1377567171, 49.42
1377567176, 49.42
1377567181, 49.42
1377567186, 49.42
1377567191, 49.42
1377567196, 49.42
1377567201, 49.42
1377567206, 49.45
1377567211, 49.42
1377567216, 49.42
1377567221, 49.42
1377567226, 49.42
1377567231, 49.42
1377567236, 49.42
1377567241, 49.42
1377567246, 49.42
1377567251, 49.42
1377567256, 49.42
1377567261, 49.42
1377567266, 49.42
1377567271, 49.42
1377567276, 49.42
1377567281, 49.42
1377567286, 49.42
1377567291, 49.42
1377567296, 49.42
1377567301, 49.42
1377567306, 49.42
1377567311, 49.42
1377567316, 49.42
1377567321, 49.42
1377567326, 49.42
1377567331, 49.42
1377567336, 49.42
1377567341, 49.42
1377567346, 49.42
1377567351, 49.42
1377567356, 49.42
1377567361, 49.42
1377567366, 49.42
1377567371, 49.42
1377567376, 49.42
1377567381, 49.42
1377567386, 49.42
1377567391, 49.42
1377567396, 49.42
1377567401, 49.42
1377567406, 49.42
1377567411, 49.42
1377567416, 49.42
1377567421, 49.42
1377567426, 49.42
1377567431, 49.42
1377567436, 49.42
1377567441, 49.42
1377567446, 49.42
1377567451, 49.42
1377567456, 49.42
1377567461, 49.42
1377567466, 49.42
1377567471, 49.42
1377567476, 49.42
1377567481, 49.42
1377567486, 49.42
1377567491, 49.42
1377567496, 49.42
1377567501, 49.42
1377567506, 49.42
1377567511, 49.42
1377567516, 49.42
1377567521, 49.42
1377567526, 49.42
1377567531, 49.42
1377567536, 49.42
1377567541, 49.42
1377567546, 49.42
1377567551, 49.42
1377567556, 49.42
1377567561, 49.42
1377567566, 49.42
1377567571, 49.42
1377567576, 49.42
1377567581, 49.42
1377567586, 49.42
1377567591, 49.42
1377567596, 49.42
1377567601, 49.42
1377567607, 49.45
1377567611, 49.42
1377567616, 49.42
1377567621, 49.42
1377567626, 49.42
1377567631, 49.42
1377567636, 49.42
1377567641, 49.42
1377567646, 49.42
1377567651, 49.42
1377567656, 49.42
1377567661, 49.42
1377567666, 49.42
1377567671, 49.42
1377567676, 49.42
1377567681, 49.42
1377567686, 49.42
1377567691, 49.42
1377567696, 49.42
1377567701, 49.42
1377567706, 49.42
1377567711, 49.42
1377567716, 49.42
1377567721, 49.42
1377567726, 49.42
1377567731, 49.42
1377567736, 49.42
1377567741, 49.42
1377567746, 49.42
1377567751, 49.42
1377567756, 49.42
1377567761, 49.42
1377567766, 49.42
1377567771, 49.42
1377567776, 49.42
1377567781, 49.42
1377567786, 49.42
1377567791, 49.42
1377567796, 49.42
1377567801, 49.42
1377567806, 49.42
1377567811, 49.42
1377567816, 49.42
1377567821, 49.42
1377567826, 49.42
1377567831, 49.42
1377567836, 49.42
1377567841, 49.42
1377567846, 49.42
1377567851, 49.42
1377567856, 49.42
1377567861, 49.42
1377567866, 49.42
1377567871, 49.42
1377567876, 49.42
1377567881, 49.42
1377567886, 49.42
1377567891, 49.42
1377567896, 49.42
1377567901, 49.42
1377567906, 49.42
1377567911, 49.42
1377567916, 49.42
1377567921, 49.42
1377567926, 49.42
1377567931, 49.42
1377567936, 49.42
1377567941, 49.42
1377567946, 49.42
1377567951, 49.42
1377567956, 49.42
1377567961, 49.42
1377567966, 49.42
1377567971, 49.42
1377567976, 49.42
1377567981, 49.42
1377567986, 49.42
1377567991, 49.42
1377567996, 49.42
1377568001, 49.42
1377568006, 49.42
1377568011, 49.42
1377568016, 49.42
1377568021, 49.42
1377568026, 49.42
1377568031, 49.42
1377568036, 49.42
1377568041, 49.42
1377568046, 49.42
1377568051, 49.42
1377568056, 49.39
1377568061, 49.42
1377568066, 49.42
1377568071, 49.42
1377568076, 49.42
1377568081, 49.42
1377568086, 49.39
1377568091, 49.42
1377568096, 49.42
1377568101, 49.42
1377568106, 49.42
1377568111, 49.42
1377568116, 49.42
1377568121, 49.42
1377568126, 49.42
1377568131, 49.42
1377568136, 49.42
1377568141, 49.42
1377568146, 49.42
1377568151, 49.42
1377568156, 49.42
1377568161, 49.42
1377568166, 49.42
1377568171, 49.42
1377568176, 49.42
1377568181, 49.42
1377568186, 49.42
1377568191, 49.39
1377568196, 49.42
1377568201, 49.42
1377568206, 49.42
1377568211, 49.42
1377568216, 49.42
1377568221, 49.42
1377568226, 49.42
1377568231, 49.42
1377568236, 49.42
1377568241, 49.39
1377568246, 49.42
1377568251, 49.42
1377568256, 49.42
1377568261, 49.42
1377568266, 49.42
1377568271, 49.42
1377568276, 49.42
1377568281, 49.42
1377568286, 49.42
1377568291, 49.39
1377568296, 49.42
1377568301, 49.42
1377568306, 49.42
1377568311, 49.42
1377568316, 49.39
1377568321, 49.42
1377568326, 49.42
1377568331, 49.42
1377568336, 49.39
1377568341, 49.42
1377568346, 49.42
1377568351, 49.39
1377568356, 49.42
1377568361, 49.39
1377568366, 49.39
1377568371, 49.39
1377568376, 49.39
1377568381, 49.42
1377568386, 49.39
1377568391, 49.42
1377568396, 49.42
1377568401, 49.42
1377568406, 49.39
1377568411, 49.42
1377568416, 49.39
1377568425, 49.39
1377568426, 49.39
1377568431, 49.42
1377568436, 49.42
1377568441, 49.39
1377568446, 49.39
1377568451, 49.39
1377568456, 49.39
1377568461, 49.39
1377568466, 49.42
1377568471, 49.42
1377568476, 49.39
1377568481, 49.39
1377568486, 49.39
1377568491, 49.39
1377568496, 49.39
1377568501, 49.39
1377568506, 49.39
1377568511, 49.39
1377568516, 49.42
1377568521, 49.39
1377568526, 49.39
1377568531, 49.39
1377568536, 49.39
1377568541, 49.39
1377568546, 49.39
1377568551, 49.39
1377568556, 49.39
1377568561, 49.39
1377568566, 49.39
1377568571, 49.42
1377568576, 49.39
1377568581, 49.36
1377568586, 49.42
1377568591, 49.39
1377568596, 49.39
1377568601, 49.39
1377568606, 49.39
1377568611, 49.39
1377568616, 49.39
1377568621, 49.39
1377568626, 49.39
1377568631, 49.42
1377568636, 49.39
1377568641, 49.39
1377568646, 49.39
1377568651, 49.39
1377568656, 49.39
1377568661, 49.39
1377568666, 49.39
1377568671, 49.39
1377568676, 49.39
1377568681, 49.36
1377568686, 49.39
1377568691, 49.39
1377568696, 49.39
1377568701, 49.39
1377568706, 49.42
1377568711, 49.39
1377568716, 49.39
1377568721, 49.39
1377568726, 49.39
1377568731, 49.36
1377568736, 49.36
1377568741, 49.36
1377568746, 49.39
1377568751, 49.36
1377568756, 49.36
1377568761, 49.36
1377568766, 49.36
1377568771, 49.36
1377568776, 49.39
1377568781, 49.39
1377568786, 49.39
1377568791, 49.36
1377568796, 49.39
1377568801, 49.39
1377568806, 49.39
1377568811, 49.39
1377568816, 49.36
1377568821, 49.39
1377568826, 49.36
1377568831, 49.36
1377568836, 49.39
1377568841, 49.36
1377568846, 49.36
1377568851, 49.36
1377568856, 49.36
1377568861, 49.39
1377568866, 49.36
1377568871, 49.36
1377568876, 49.36
1377568881, 49.36
1377568886, 49.36
1377568891, 49.36
1377568896, 49.39
1377568901, 49.36
1377568906, 49.36
1377568911, 49.36
1377568916, 49.36
1377568921, 49.36
1377568926, 49.36
1377568931, 49.36
1377568936, 49.36
1377568941, 49.36
1377568946, 49.36
1377568951, 49.39
1377568956, 49.36
1377568961, 49.36
1377568966, 49.39
1377568971, 49.36
1377568976, 49.36
1377568981, 49.36
1377568986, 49.36
1377568991, 49.36
1377568996, 49.36
1377569001, 49.36
1377569006, 49.36
1377569011, 49.36
1377569016, 49.36
1377569021, 49.36
1377569026, 49.36
1377569031, 49.36
1377569036, 49.36
1377569041, 49.36
1377569046, 49.36
1377569051, 49.36
1377569056, 49.36
1377569061, 49.36
1377569066, 49.36
1377569071, 49.36
1377569076, 49.36
1377569081, 49.36
1377569086, 49.36
1377569091, 49.36
1377569096, 49.36
1377569101, 49.36
1377569106, 49.36
1377569111, 49.36
1377569116, 49.36
1377569121, 49.36
1377569126, 49.36
1377569131, 49.36
1377569136, 49.36
1377569141, 49.36
1377569146, 49.36
1377569151, 49.36
1377569156, 49.36
1377569161, 49.36
1377569166, 49.36
1377569171, 49.36
1377569176, 49.36
1377569181, 49.36
1377569186, 49.36
1377569191, 49.36
1377569196, 49.36
1377569201, 49.36
1377569206, 49.36
1377569211, 49.36
1377569216, 49.36
1377569221, 49.36
1377569226, 49.36
1377569232, 49.36
1377569236, 49.32
1377569241, 49.36
1377569246, 49.36
1377569251, 49.36
1377569256, 49.36
1377569261, 49.36
1377569266, 49.36
1377569271, 49.32
1377569276, 49.36
1377569281, 49.36
1377569286, 49.36
1377569291, 49.36
1377569296, 49.36
1377569301, 49.36
1377569306, 49.36
1377569311, 49.36
1377569316, 49.36
1377569321, 49.36
1377569326, 49.36
1377569331, 49.36
1377569336, 49.32
1377569341, 49.36
1377569346, 49.32
1377569351, 49.32
1377569356, 49.36
1377569361, 49.36
1377569366, 49.36
1377569371, 49.32
1377569376, 49.36
1377569381, 49.32
1377569386, 49.36
1377569391, 49.36
1377569396, 49.32
1377569401, 49.32
1377569406, 49.36
1377569411, 49.32
1377569416, 49.32
1377569421, 49.32
1377569426, 49.36
1377569431, 49.36
1377569436, 49.36
1377569441, 49.36
1377569446, 49.36
1377569451, 49.36
1377569456, 49.32
1377569461, 49.36
1377569466, 49.36
1377569471, 49.32
1377569476, 49.32
1377569481, 49.32
1377569486, 49.32
1377569491, 49.32
1377569496, 49.36
1377569501, 49.36
1377569506, 49.32
1377569511, 49.32
1377569516, 49.36
1377569521, 49.32
1377569526, 49.36
1377569531, 49.36
1377569536, 49.32
1377569541, 49.32
1377569546, 49.32
1377569551, 49.36
1377569556, 49.32
1377569561, 49.32
1377569566, 49.36
1377569571, 49.32
1377569576, 49.32
1377569581, 49.32
1377569586, 49.36
1377569591, 49.32
1377569596, 49.32
1377569601, 49.32
1377569606, 49.36
1377569611, 49.32
1377569616, 49.32
1377569621, 49.32
1377569626, 49.32
1377569631, 49.32
1377569636, 49.32
1377569641, 49.32
1377569646, 49.32
1377569651, 49.32
1377569656, 49.32
1377569661, 49.32
1377569666, 49.32
1377569671, 49.32
1377569676, 49.32
1377569681, 49.32
1377569686, 49.32
1377569691, 49.32
1377569696, 49.32
1377569701, 49.32
1377569706, 49.36
1377569711, 49.29
1377569716, 49.32
1377569721, 49.36
1377569726, 49.32
1377569731, 49.32
1377569736, 49.32
1377569741, 49.32
1377569746, 49.32
1377569751, 49.32
1377569756, 49.32
1377569761, 49.32
1377569766, 49.32
1377569771, 49.32
1377569776, 49.29
1377569781, 49.32
1377569786, 49.32
1377569791, 49.32
1377569796, 49.32
1377569801, 49.32
1377569806, 49.29
1377569811, 49.32
1377569816, 49.29
1377569821, 49.32
1377569826, 49.32
1377569831, 49.32
1377569836, 49.32
1377569841, 49.32
1377569846, 49.32
1377569851, 49.29
1377569856, 49.32
1377569861, 49.32
1377569866, 49.32
1377569871, 49.29
1377569876, 49.32
1377569881, 49.29
1377569886, 49.32
1377569891, 49.32
1377569896, 49.32
1377569901, 49.32
1377569906, 49.32
1377569911, 49.32
1377569916, 49.32
1377569921, 49.32
1377569926, 49.32
1377569931, 49.32
1377569936, 49.29
1377569941, 49.32
1377569946, 49.32
1377569951, 49.32
1377569956, 49.29
1377569961, 49.32
1377569966, 49.32
1377569971, 49.32
1377569976, 49.32
1377569981, 49.29
1377569986, 49.32
1377569991, 49.32
1377569996, 49.32
1377570001, 49.29
1377570006, 49.32
1377570011, 49.32
1377570016, 49.29
1377570021, 49.29
1377570026, 49.29
1377570031, 49.32
1377570036, 49.32
1377570041, 49.32
1377570046, 49.32
1377570051, 49.32
1377570056, 49.32
1377570061, 49.29
1377570066, 49.32
1377570071, 49.32
1377570076, 49.32
1377570081, 49.32
1377570086, 49.32
1377570091, 49.32
1377570100, 49.32
1377570101, 49.29
1377570106, 49.32
1377570111, 49.32
1377570116, 49.32
1377570121, 49.29
1377570126, 49.32
1377570131, 49.32
1377570136, 49.32
1377570141, 49.32
1377570146, 49.29
1377570151, 49.32
1377570156, 49.29
1377570161, 49.32
1377570166, 49.32
1377570171, 49.32
1377570176, 49.32
1377570181, 49.32
1377570186, 49.29
1377570191, 49.32
1377570196, 49.32
1377570201, 49.29
1377570206, 49.29
1377570211, 49.32
1377570216, 49.32
1377570221, 49.32
1377570226, 49.32
1377570231, 49.32
1377570236, 49.29
1377570241, 49.29
1377570246, 49.29
1377570251, 49.32
1377570256, 49.29
1377570261, 49.29
1377570266, 49.29
1377570271, 49.29
1377570276, 49.32
1377570281, 49.29
1377570286, 49.29
1377570291, 49.32
1377570296, 49.29
1377570301, 49.29
1377570306, 49.29
1377570311, 49.32
1377570316, 49.29
1377570321, 49.29
1377570326, 49.29
1377570331, 49.29
1377570336, 49.29
1377570341, 49.29
1377570346, 49.29
1377570351, 49.29
1377570356, 49.29
1377570361, 49.29
1377570366, 49.29
1377570371, 49.29
1377570376, 49.29
1377570381, 49.29
1377570386, 49.29
1377570391, 49.29
1377570396, 49.29
1377570401, 49.29
1377570406, 49.29
1377570411, 49.29
1377570416, 49.29
1377570421, 49.29
1377570426, 49.29
1377570431, 49.29
1377570436, 49.29
1377570441, 49.29
1377570446, 49.29
1377570451, 49.29
1377570456, 49.29
1377570461, 49.29
1377570466, 49.29
1377570471, 49.29
1377570476, 49.29
1377570481, 49.29
1377570486, 49.29
1377570491, 49.29
1377570496, 49.29
1377570501, 49.29
1377570506, 49.26
1377570511, 49.29
1377570516, 49.29
1377570521, 49.29
1377570526, 49.29
1377570531, 49.26
1377570536, 49.26
1377570541, 49.29
1377570546, 49.29
1377570551, 49.26
1377570556, 49.29
1377570561, 49.29
1377570566, 49.29
1377570571, 49.29
1377570576, 49.26
1377570581, 49.29
1377570586, 49.26
1377570591, 49.26
1377570596, 49.29
1377570601, 49.29
1377570606, 49.26
1377570611, 49.26
1377570616, 49.26
1377570621, 49.29
1377570626, 49.26
1377570631, 49.26
1377570636, 49.26
1377570641, 49.29
1377570646, 49.26
1377570651, 49.26
1377570656, 49.23
1377570661, 49.26
1377570666, 49.26
1377570671, 49.26
1377570676, 49.26
1377570681, 49.26
1377570686, 49.26
1377570691, 49.26
1377570696, 49.26
1377570701, 49.26
1377570706, 49.23
1377570711, 49.23
1377570716, 49.26
1377570721, 49.23
1377570726, 49.26
1377570731, 49.23
1377570736, 49.23
1377570741, 49.23
1377570746, 49.26
1377570751, 49.23
1377570756, 49.26
1377570761, 49.26
1377570766, 49.23
1377570771, 49.26
1377570776, 49.23
1377570781, 49.23
1377570786, 49.23
1377570791, 49.23
1377570796, 49.23
1377570801, 49.23
1377570806, 49.23
1377570811, 49.23
1377570816, 49.23
1377570821, 49.23
1377570826, 49.23
1377570831, 49.23
1377570836, 49.23
1377570841, 49.23
1377570846, 49.23
1377570851, 49.23
1377570856, 49.23
1377570861, 49.23
1377570866, 49.23
1377570871, 49.23
1377570876, 49.19
1377570881, 49.23
1377570886, 49.23
1377570891, 49.23
1377570896, 49.23
1377570901, 49.23
1377570906, 49.23
1377570911, 49.23
1377570916, 49.23
1377570921, 49.23
1377570926, 49.23
1377570931, 49.23
1377570936, 49.19
1377570941, 49.23
1377570946, 49.19
1377570951, 49.23
1377570956, 49.23
1377570961, 49.19
1377570966, 49.19
1377570971, 49.23
1377570980, 49.23
1377570981, 49.19
1377570986, 49.23
1377570991, 49.23
1377570996, 49.23
1377571001, 49.19
1377571006, 49.23
1377571011, 49.19
1377571016, 49.19
1377571021, 49.19
1377571026, 49.19
1377571031, 49.23
1377571036, 49.23
1377571041, 49.19
1377571046, 49.19
1377571051, 49.19
1377571056, 49.23
1377571061, 49.19
1377571066, 49.19
1377571071, 49.19
1377571076, 49.19
1377571081, 49.19
1377571086, 49.23
1377571091, 49.16
1377571096, 49.19
1377571101, 49.23
1377571106, 49.16
1377571111, 49.19
1377571116, 49.19
1377571121, 49.19
1377571126, 49.23
1377571131, 49.19
1377571136, 49.19
1377571141, 49.19
1377571146, 49.19
1377571151, 49.19
1377571156, 49.19
1377571161, 49.19
1377571166, 49.19
1377571171, 49.19
1377571176, 49.19
1377571181, 49.19
1377571186, 49.16
1377571191, 49.19
1377571196, 49.19
1377571201, 49.19
1377571206, 49.19
1377571211, 49.19
1377571216, 49.19
1377571221, 49.19
1377571226, 49.19
1377571231, 49.16
1377571236, 49.16
1377571241, 49.19
1377571246, 49.19
1377571251, 49.16
1377571256, 49.19
1377571261, 49.19
1377571266, 49.16
1377571271, 49.19
1377571276, 49.19
1377571281, 49.19
1377571286, 49.16
1377571291, 49.19
1377571296, 49.19
1377571301, 49.16
1377571306, 49.19
1377571311, 49.19
1377571316, 49.19
1377571321, 49.19
1377571326, 49.19
1377571331, 49.19
1377571336, 49.19
1377571341, 49.19
1377571346, 49.16
1377571351, 49.16
1377571356, 49.19
1377571361, 49.19
1377571366, 49.19
1377571371, 49.19
1377571376, 49.16
1377571381, 49.16
1377571386, 49.16
1377571391, 49.19
1377571396, 49.16
1377571401, 49.16
1377571406, 49.16
1377571411, 49.16
1377571416, 49.19
1377571421, 49.19
1377571426, 49.19
1377571431, 49.16
1377571436, 49.16
1377571441, 49.19
1377571446, 49.19
1377571451, 49.19
1377571456, 49.19
1377571461, 49.19
1377571466, 49.19
1377571471, 49.19
1377571476, 49.19
1377571481, 49.16
1377571486, 49.19
1377571491, 49.16
1377571496, 49.19
1377571501, 49.19
1377571506, 49.19
1377571511, 49.16
1377571516, 49.16
1377571521, 49.16
1377571526, 49.16
1377571531, 49.19
1377571536, 49.19
1377571541, 49.19
1377571546, 49.19
1377571551, 49.16
1377571556, 49.16
1377571561, 49.19
1377571566, 49.16
1377571571, 49.16
1377571576, 49.19
1377571581, 49.19
1377571586, 49.19
1377571591, 49.19
1377571596, 49.16
1377571601, 49.16
1377571606, 49.19
1377571611, 49.19
1377571616, 49.16
1377571621, 49.19
1377571626, 49.19
1377571631, 49.16
1377571636, 49.16
1377571641, 49.16
1377571646, 49.19
1377571651, 49.19
1377571656, 49.19
1377571661, 49.16
1377571666, 49.19
1377571671, 49.19
1377571676, 49.16
1377571681, 49.19
1377571686, 49.16
1377571691, 49.19
1377571696, 49.19
1377571701, 49.16
1377571706, 49.16
1377571711, 49.16
1377571716, 49.16
1377571721, 49.16
1377571726, 49.16
1377571731, 49.19
1377571736, 49.19
1377571741, 49.19
1377571746, 49.16
1377571751, 49.19
1377571756, 49.19
1377571761, 49.19
1377571766, 49.19
1377571771, 49.19
1377571776, 49.19
1377571781, 49.16
1377571786, 49.16
1377571791, 49.19
1377571796, 49.16
1377571801, 49.19
1377571806, 49.19
1377571811, 49.19
1377571816, 49.16
1377571821, 49.19
1377571831, 49.19
1377571836, 49.19
1377571841, 49.16
1377571846, 49.19
1377571851, 49.19
1377571856, 49.19
1377571861, 49.16
1377571866, 49.19
1377571871, 49.16
1377571876, 49.16
1377571881, 49.19
1377571886, 49.16
1377571891, 49.19
1377571896, 49.19
1377571901, 49.19
1377571906, 49.19
1377571911, 49.16
1377571916, 49.19
1377571921, 49.16
1377571926, 49.23
1377571931, 49.19
1377571936, 49.19
1377571941, 49.19
1377571946, 49.19
1377571951, 49.19
1377571956, 49.19
1377571961, 49.19
1377571966, 49.19
1377571971, 49.16
1377571976, 49.19
1377571981, 49.19
1377571986, 49.19
1377571991, 49.19
1377571996, 49.19
1377572001, 49.16
1377572006, 49.19
1377572011, 49.19
1377572016, 49.23
1377572021, 49.19
1377572026, 49.19
1377572031, 49.16
1377572036, 49.19
1377572041, 49.19
1377572046, 49.19
1377572051, 49.16
1377572056, 49.19
1377572061, 49.16
1377572066, 49.19
1377572071, 49.23
1377572076, 49.23
1377572081, 49.16
1377572086, 49.16
1377572091, 49.19
1377572096, 49.19
1377572101, 49.19
1377572106, 49.19
1377572111, 49.19
1377572116, 49.23
1377572121, 49.19
1377572126, 49.19
1377572131, 49.19
1377572136, 49.19
1377572141, 49.19
1377572146, 49.23
1377572151, 49.19
1377572156, 49.19
1377572161, 49.19
1377572166, 49.19
1377572171, 49.19
1377572176, 49.19
1377572181, 49.19
1377572186, 49.19
1377572191, 49.19
1377572196, 49.19
1377572201, 49.19
1377572206, 49.19
1377572211, 49.19
1377572216, 49.23
1377572221, 49.19
1377572226, 49.16
1377572231, 49.23
1377572236, 49.19
1377572241, 49.19
1377572246, 49.19
1377572251, 49.19
1377572256, 49.19
1377572261, 49.19
1377572266, 49.19
1377572271, 49.23
1377572276, 49.19
1377572281, 49.16
1377572286, 49.19
1377572291, 49.19
1377572296, 49.19
1377572301, 49.19
1377572306, 49.19
1377572311, 49.19
1377572316, 49.19
1377572321, 49.19
1377572326, 49.19
1377572331, 49.19
1377572336, 49.16
1377572341, 49.19
1377572346, 49.19
1377572351, 49.16
1377572356, 49.19
1377572361, 49.16
1377572366, 49.16
1377572371, 49.16
1377572376, 49.16
1377572381, 49.16
1377572386, 49.19
1377572391, 49.19
1377572396, 49.19
1377572401, 49.19
1377572406, 49.19
1377572411, 49.16
1377572416, 49.19
1377572421, 49.16
1377572426, 49.19
1377572431, 49.19
1377572436, 49.16
1377572441, 49.19
1377572446, 49.19
1377572451, 49.16
1377572456, 49.16
1377572461, 49.16
1377572466, 49.16
1377572471, 49.16
1377572476, 49.16
1377572481, 49.19
1377572486, 49.16
1377572491, 49.16
1377572496, 49.16
1377572501, 49.16
1377572506, 49.16
1377572511, 49.16
1377572516, 49.19
1377572521, 49.19
1377572526, 49.16
1377572531, 49.19
1377572536, 49.19
1377572541, 49.16
1377572546, 49.19
1377572551, 49.19
1377572556, 49.19
1377572561, 49.19
1377572566, 49.19
1377572571, 49.19
1377572576, 49.19
1377572581, 49.16
1377572586, 49.16
1377572591, 49.19
1377572596, 49.19
1377572601, 49.16
1377572606, 49.19
1377572611, 49.16
1377572616, 49.16
1377572621, 49.16
1377572626, 49.19
1377572631, 49.16
1377572636, 49.16
1377572641, 49.19
1377572646, 49.16
1377572651, 49.16
1377572656, 49.16
1377572661, 49.19
1377572666, 49.16
1377572671, 49.19
1377572676, 49.19
1377572681, 49.19
1377572686, 49.19
1377572691, 49.19
1377572696, 49.19
1377572701, 49.19
1377572706, 49.16
1377572711, 49.16
1377572716, 49.19
1377572721, 49.19
1377572728, 49.19
1377572731, 49.19
1377572736, 49.19
1377572741, 49.19
1377572746, 49.23
1377572751, 49.19
1377572756, 49.19
1377572761, 49.19
1377572766, 49.19
1377572771, 49.19
1377572776, 49.23
1377572781, 49.23
1377572786, 49.16
1377572791, 49.19
1377572796, 49.19
1377572801, 49.19
1377572806, 49.19
1377572811, 49.23
1377572816, 49.19
1377572821, 49.19
1377572826, 49.19
1377572831, 49.19
1377572836, 49.19
1377572841, 49.23
1377572846, 49.19
1377572851, 49.19
1377572856, 49.19
1377572861, 49.19
1377572866, 49.19
1377572871, 49.23
1377572876, 49.19
1377572881, 49.19
1377572886, 49.19
1377572891, 49.19
1377572896, 49.23
1377572901, 49.19
1377572906, 49.19
1377572911, 49.19
1377572916, 49.19
1377572921, 49.19
1377572926, 49.19
1377572931, 49.19
1377572936, 49.19
1377572941, 49.19
1377572946, 49.23
1377572951, 49.23
1377572956, 49.19
1377572961, 49.19
1377572966, 49.19
1377572971, 49.19
1377572976, 49.19
1377572981, 49.19
1377572986, 49.19
1377572991, 49.19
1377572996, 49.23
1377573001, 49.23
1377573006, 49.19
1377573011, 49.19
1377573016, 49.23
1377573021, 49.19
1377573026, 49.19
1377573031, 49.19
1377573036, 49.19
1377573041, 49.23
1377573046, 49.19
1377573051, 49.23
1377573056, 49.23
1377573061, 49.23
1377573066, 49.23
1377573071, 49.19
1377573076, 49.23
1377573081, 49.23
1377573086, 49.23
1377573091, 49.23
1377573096, 49.23
1377573101, 49.23
1377573106, 49.23
1377573111, 49.19
1377573116, 49.23
1377573121, 49.23
1377573126, 49.23
1377573131, 49.23
1377573136, 49.19
1377573141, 49.23
1377573146, 49.19
1377573151, 49.23
1377573156, 49.23
1377573161, 49.23
1377573166, 49.23
1377573171, 49.19
1377573176, 49.23
1377573181, 49.23
1377573186, 49.23
1377573191, 49.23
1377573196, 49.23
1377573201, 49.23
1377573206, 49.23
1377573211, 49.23
1377573216, 49.23
1377573221, 49.19
1377573226, 49.23
1377573231, 49.23
1377573236, 49.23
1377573241, 49.23
1377573246, 49.23
1377573251, 49.23
1377573256, 49.23
1377573261, 49.23
1377573266, 49.23
1377573271, 49.23
1377573276, 49.23
1377573281, 49.23
1377573286, 49.23
1377573291, 49.23
1377573296, 49.23
1377573301, 49.23
1377573306, 49.23
1377573311, 49.23
1377573316, 49.23
1377573321, 49.23
1377573326, 49.23
1377573331, 49.23
1377573336, 49.23
1377573341, 49.23
1377573346, 49.23
1377573351, 49.23
1377573356, 49.23
1377573361, 49.23
1377573366, 49.23
1377573371, 49.23
1377573376, 49.23
1377573381, 49.23
1377573386, 49.23
1377573391, 49.23
1377573396, 49.23
1377573401, 49.23
1377573406, 49.23
1377573411, 49.23
1377573416, 49.23
1377573421, 49.23
1377573426, 49.23
1377573431, 49.23
1377573436, 49.23
1377573441, 49.23
1377573446, 49.23
1377573451, 49.23
1377573456, 49.23
1377573461, 49.23
1377573466, 49.23
1377573471, 49.23
1377573476, 49.23
1377573481, 49.23
1377573486, 49.23
1377573491, 49.23
1377573496, 49.23
1377573501, 49.26
1377573506, 49.23
1377573511, 49.23
1377573516, 49.23
1377573521, 49.23
1377573526, 49.23
1377573531, 49.23
1377573536, 49.23
1377573541, 49.23
1377573546, 49.23
1377573551, 49.23
1377573559, 49.23
1377573561, 49.23
1377573566, 49.23
1377573571, 49.23
1377573576, 49.23
1377573581, 49.23
1377573586, 49.23
1377573591, 49.23
1377573596, 49.23
1377573601, 49.23
1377573606, 49.23
1377573611, 49.23
1377573616, 49.23
1377573621, 49.23
1377573626, 49.23
1377573631, 49.23
1377573636, 49.23
1377573641, 49.23
1377573646, 49.23
1377573651, 49.23
1377573656, 49.23
1377573661, 49.23
1377573666, 49.23
1377573671, 49.23
1377573676, 49.23
1377573681, 49.23
1377573686, 49.23
1377573691, 49.23
1377573696, 49.23
1377573701, 49.23
1377573706, 49.23
1377573711, 49.23
1377573716, 49.23
1377573721, 49.23
1377573726, 49.23
1377573731, 49.23
1377573736, 49.23
1377573741, 49.23
1377573746, 49.23
1377573751, 49.23
1377573756, 49.23
1377573761, 49.23
1377573766, 49.23
1377573771, 49.23
1377573776, 49.23
1377573781, 49.23
1377573786, 49.23
1377573791, 49.23
1377573796, 49.23
1377573801, 49.23
1377573806, 49.23
1377573811, 49.23
1377573816, 49.23
1377573821, 49.23
1377573826, 49.23
1377573831, 49.23
1377573836, 49.23
1377573841, 49.23
1377573846, 49.23
1377573851, 49.23
1377573856, 49.23
1377573861, 49.23
1377573866, 49.23
1377573871, 49.23
1377573876, 49.23
1377573881, 49.23
1377573886, 49.23
1377573891, 49.23
1377573896, 49.23
1377573901, 49.23
1377573906, 49.23
1377573911, 49.23
1377573916, 49.23
1377573921, 49.23
1377573926, 49.23
1377573931, 49.23
1377573936, 49.23
1377573941, 49.23
1377573946, 49.23
1377573951, 49.23
1377573956, 49.23
1377573961, 49.23
1377573966, 49.23
1377573971, 49.23
1377573976, 49.23
1377573981, 49.23
1377573986, 49.23
1377573991, 49.23
1377573996, 49.23
1377574001, 49.23
1377574006, 49.23
1377574011, 49.23
1377574016, 49.23
1377574021, 49.23
1377574026, 49.23
1377574031, 49.23
1377574036, 49.23
1377574041, 49.23
1377574046, 49.23
1377574051, 49.23
1377574056, 49.23
1377574061, 49.23
1377574066, 49.23
1377574071, 49.23
1377574076, 49.23
1377574081, 49.23
1377574086, 49.23
1377574091, 49.23
1377574096, 49.23
1377574101, 49.23
1377574106, 49.23
1377574111, 49.19
1377574116, 49.23
1377574121, 49.23
1377574126, 49.23
1377574131, 49.23
1377574136, 49.23
1377574141, 49.23
1377574146, 49.19
1377574151, 49.23
1377574156, 49.23
1377574161, 49.23
1377574166, 49.23
1377574171, 49.19
1377574176, 49.23
1377574181, 49.23
1377574186, 49.23
1377574191, 49.23
1377574196, 49.23
1377574201, 49.23
1377574206, 49.23
1377574211, 49.23
1377574216, 49.23
1377574221, 49.23
1377574226, 49.23
1377574231, 49.23
1377574236, 49.23
1377574241, 49.23
1377574246, 49.23
1377574251, 49.23
1377574256, 49.23
1377574261, 49.23
1377574266, 49.23
1377574271, 49.23
1377574276, 49.23
1377574281, 49.23
1377574286, 49.23
1377574291, 49.23
1377574296, 49.23
1377574301, 49.23
1377574306, 49.23
1377574311, 49.19
1377574316, 49.23
1377574321, 49.23
1377574326, 49.23
1377574331, 49.19
1377574336, 49.23
1377574341, 49.23
1377574346, 49.23
1377574351, 49.23
1377574356, 49.19
1377574361, 49.23
1377574366, 49.19
1377574371, 49.23
1377574380, 49.23
1377574381, 49.23
1377574386, 49.19
1377574391, 49.23
1377574396, 49.19
1377574401, 49.23
1377574406, 49.23
1377574411, 49.23
1377574416, 49.23
1377574421, 49.23
1377574426, 49.23
1377574431, 49.23
1377574436, 49.19
1377574441, 49.23
1377574446, 49.23
1377574451, 49.19
1377574456, 49.23
1377574461, 49.23
1377574466, 49.23
1377574471, 49.23
1377574476, 49.23
1377574481, 49.23
1377574486, 49.23
1377574491, 49.19
1377574496, 49.23
1377574501, 49.23
1377574506, 49.23
1377574511, 49.23
1377574516, 49.19
1377574521, 49.23
1377574526, 49.23
1377574531, 49.23
1377574536, 49.23
1377574541, 49.23
1377574546, 49.23
1377574551, 49.23
1377574556, 49.23
1377574561, 49.23
1377574566, 49.23
1377574571, 49.23
1377574576, 49.23
1377574581, 49.23
1377574586, 49.23
1377574591, 49.23
1377574596, 49.23
1377574601, 49.23
1377574606, 49.23
1377574611, 49.23
1377574616, 49.23
1377574621, 49.23
1377574626, 49.23
1377574631, 49.23
1377574636, 49.23
1377574641, 49.23
1377574646, 49.23
1377574651, 49.23
1377574656, 49.23
1377574661, 49.23
1377574666, 49.23
1377574671, 49.23
1377574676, 49.23
1377574681, 49.23
1377574686, 49.23
1377574691, 49.23
1377574696, 49.23
1377574701, 49.23
1377574706, 49.23
1377574711, 49.23
1377574716, 49.23
1377574721, 49.23
1377574726, 49.23
1377574731, 49.23
1377574736, 49.23
1377574741, 49.23
1377574746, 49.23
1377574751, 49.23
1377574756, 49.19
1377574761, 49.23
1377574766, 49.23
1377574771, 49.23
1377574776, 49.23
1377574781, 49.23
1377574786, 49.23
1377574791, 49.23
1377574796, 49.23
1377574801, 49.19
1377574806, 49.23
1377574811, 49.23
1377574816, 49.23
1377574821, 49.23
1377574826, 49.23
1377574831, 49.23
1377574836, 49.23
1377574841, 49.23
1377574846, 49.23
1377574851, 49.23
1377574856, 49.23
1377574861, 49.23
1377574866, 49.23
1377574871, 49.23
1377574876, 49.23
1377574881, 49.23
1377574886, 49.23
1377574891, 49.23
1377574896, 49.23
1377574901, 49.23
1377574906, 49.23
1377574911, 49.23
1377574916, 49.23
1377574921, 49.23
1377574926, 49.23
1377574931, 49.23
1377574936, 49.23
1377574941, 49.23
1377574946, 49.23
1377574951, 49.23
1377574956, 49.23
1377574961, 49.23
1377574966, 49.23
1377574971, 49.23
1377574976, 49.23
1377574981, 49.23
1377574986, 49.23
1377574991, 49.23
1377574996, 49.23
1377575001, 49.23
1377575006, 49.23
1377575011, 49.23
1377575016, 49.23
1377575021, 49.23
1377575026, 49.23
1377575031, 49.23
1377575036, 49.23
1377575041, 49.23
1377575046, 49.23
1377575051, 49.23
1377575056, 49.23
1377575061, 49.23
1377575066, 49.23
1377575071, 49.23
1377575076, 49.23
1377575081, 49.23
1377575086, 49.23
1377575091, 49.23
1377575096, 49.23
1377575101, 49.23
1377575106, 49.23
1377575111, 49.23
1377575116, 49.23
1377575121, 49.23
1377575126, 49.23
1377575131, 49.23
1377575136, 49.23
1377575141, 49.23
1377575146, 49.23
1377575151, 49.23
1377575156, 49.23
1377575161, 49.23
1377575166, 49.23
1377575171, 49.23
1377575176, 49.26
1377575181, 49.23
1377575186, 49.23
1377575194, 49.23
1377575196, 49.23
1377575201, 49.23
1377575206, 49.23
1377575211, 49.23
1377575216, 49.23
1377575221, 49.23
1377575226, 49.23
1377575231, 49.23
1377575236, 49.23
1377575241, 49.23
1377575246, 49.23
1377575251, 49.23
1377575256, 49.23
1377575261, 49.23
1377575266, 49.23
1377575271, 49.23
1377575276, 49.23
1377575281, 49.23
1377575286, 49.23
1377575291, 49.23
1377575296, 49.23
1377575301, 49.23
1377575306, 49.23
1377575311, 49.23
1377575316, 49.23
1377575321, 49.23
1377575326, 49.23
1377575331, 49.23
1377575336, 49.23
1377575341, 49.23
1377575346, 49.23
1377575351, 49.23
1377575356, 49.23
1377575361, 49.23
1377575366, 49.23
1377575371, 49.23
1377575376, 49.23
1377575381, 49.23
1377575386, 49.23
1377575391, 49.19
1377575396, 49.23
1377575401, 49.23
1377575406, 49.23
1377575411, 49.23
1377575416, 49.23
1377575421, 49.23
1377575426, 49.23
1377575431, 49.23
1377575436, 49.23
1377575441, 49.23
1377575446, 49.23
1377575451, 49.23
1377575456, 49.23
1377575461, 49.23
1377575466, 49.23
1377575471, 49.23
1377575476, 49.23
1377575481, 49.23
1377575486, 49.23
1377575491, 49.23
1377575496, 49.23
1377575501, 49.23
1377575506, 49.23
1377575511, 49.23
1377575516, 49.23
1377575521, 49.23
1377575526, 49.23
1377575531, 49.23
1377575536, 49.23
1377575541, 49.23
1377575546, 49.23
1377575551, 49.19
1377575556, 49.23
1377575561, 49.23
1377575566, 49.23
1377575571, 49.23
1377575576, 49.19
1377575581, 49.23
1377575586, 49.23
1377575591, 49.19
1377575596, 49.23
1377575601, 49.23
1377575606, 49.23
1377575611, 49.23
1377575616, 49.23
1377575621, 49.23
1377575626, 49.23
1377575631, 49.23
1377575636, 49.23
1377575641, 49.23
1377575646, 49.23
1377575651, 49.23
1377575656, 49.23
1377575661, 49.23
1377575666, 49.23
1377575671, 49.23
1377575676, 49.23
1377575681, 49.23
1377575686, 49.23
1377575691, 49.23
1377575696, 49.23
1377575701, 49.23
1377575706, 49.23
1377575711, 49.19
1377575716, 49.23
1377575721, 49.23
1377575726, 49.23
1377575731, 49.23
1377575736, 49.23
1377575741, 49.19
1377575746, 49.23
1377575751, 49.23
1377575756, 49.19
1377575761, 49.19
1377575766, 49.23
1377575771, 49.23
1377575776, 49.23
1377575781, 49.23
1377575786, 49.23
1377575791, 49.23
1377575796, 49.23
1377575801, 49.23
1377575806, 49.23
1377575811, 49.23
1377575816, 49.19
1377575821, 49.23
1377575826, 49.23
1377575831, 49.23
1377575836, 49.23
1377575841, 49.23
1377575846, 49.23
1377575851, 49.19
1377575856, 49.23
1377575861, 49.23
1377575866, 49.23
1377575871, 49.19
1377575876, 49.19
1377575881, 49.19
1377575886, 49.23
1377575891, 49.23
1377575896, 49.23
1377575901, 49.19
1377575906, 49.23
1377575911, 49.19
1377575916, 49.23
1377575921, 49.23
1377575926, 49.23
1377575931, 49.23
1377575936, 49.23
1377575941, 49.23
1377575946, 49.23
1377575951, 49.19
1377575956, 49.23
1377575961, 49.19
1377575966, 49.19
1377575971, 49.19
1377575976, 49.23
1377575981, 49.23
1377575986, 49.23
1377575991, 49.19
1377575996, 49.23
1377576001, 49.19
1377576006, 49.19
1377576011, 49.23
1377576016, 49.23
1377576025, 49.23
1377576026, 49.23
1377576031, 49.23
1377576036, 49.23
1377576041, 49.19
1377576046, 49.23
1377576051, 49.23
1377576056, 49.23
1377576061, 49.19
1377576066, 49.19
1377576071, 49.19
1377576076, 49.23
1377576081, 49.19
1377576086, 49.23
1377576091, 49.23
1377576096, 49.19
1377576101, 49.16
1377576106, 49.19
1377576111, 49.19
1377576116, 49.23
1377576121, 49.19
1377576126, 49.19
1377576131, 49.19
1377576136, 49.19
1377576141, 49.19
1377576146, 49.16
1377576151, 49.19
1377576156, 49.19
1377576161, 49.19
1377576166, 49.19
1377576171, 49.16
1377576176, 49.19
1377576181, 49.23
1377576186, 49.16
1377576191, 49.19
1377576196, 49.16
1377576201, 49.16
1377576206, 49.19
1377576211, 49.16
1377576216, 49.19
1377576221, 49.16
1377576226, 49.19
1377576231, 49.19
1377576236, 49.16
1377576241, 49.16
1377576246, 49.19
1377576251, 49.16
1377576256, 49.16
1377576261, 49.16
1377576266, 49.16
1377576271, 49.16
1377576276, 49.16
1377576281, 49.16
1377576286, 49.16
1377576291, 49.16
1377576296, 49.16
1377576301, 49.16
1377576306, 49.16
1377576311, 49.16
1377576316, 49.16
1377576321, 49.16
1377576326, 49.16
1377576331, 49.16
1377576336, 49.16
1377576341, 49.16
1377576346, 49.16
1377576351, 49.16
1377576356, 49.16
1377576361, 49.16
1377576366, 49.16
1377576371, 49.16
1377576376, 49.16
1377576381, 49.16
1377576386, 49.16
1377576391, 49.13
1377576396, 49.13
1377576401, 49.13
1377576406, 49.16
1377576411, 49.16
1377576416, 49.13
1377576421, 49.13
1377576426, 49.16
1377576431, 49.16
1377576436, 49.13
1377576441, 49.13
1377576446, 49.13
1377576451, 49.13
1377576456, 49.13
1377576461, 49.16
1377576466, 49.13
1377576471, 49.13
1377576476, 49.13
1377576481, 49.13
1377576486, 49.13
1377576491, 49.10
1377576496, 49.13
1377576501, 49.13
1377576506, 49.13
1377576511, 49.16
1377576516, 49.10
1377576521, 49.13
1377576526, 49.13
1377576531, 49.10
1377576536, 49.13
1377576541, 49.10
1377576546, 49.13
1377576551, 49.10
1377576556, 49.10
1377576561, 49.10
1377576566, 49.10
1377576571, 49.10
1377576576, 49.10
1377576581, 49.10
1377576586, 49.10
1377576591, 49.10
1377576596, 49.10
1377576601, 49.10
1377576606, 49.10
1377576611, 49.10
1377576616, 49.10
1377576621, 49.10
1377576626, 49.10
1377576631, 49.10
1377576636, 49.10
1377576641, 49.10
1377576646, 49.10
1377576651, 49.06
1377576656, 49.10
1377576661, 49.10
1377576666, 49.10
1377576671, 49.10
1377576676, 49.10
1377576681, 49.06
1377576686, 49.10
1377576691, 49.10
1377576696, 49.10
1377576701, 49.06
1377576706, 49.06
1377576711, 49.06
1377576716, 49.06
1377576721, 49.10
1377576726, 49.06
1377576731, 49.06
1377576736, 49.06
1377576741, 49.06
1377576746, 49.06
1377576751, 49.06
1377576756, 49.06
1377576761, 49.06
1377576766, 49.06
1377576771, 49.06
1377576776, 49.06
1377576781, 49.06
1377576786, 49.06
1377576791, 49.06
1377576796, 49.03
1377576801, 49.03
1377576806, 49.03
1377576811, 49.06
1377576816, 49.03
1377576821, 49.03
1377576826, 49.03
1377576831, 49.06
1377576836, 49.03
1377576841, 49.03
1377576846, 49.03
1377576851, 49.03
1377576856, 49.03
1377576861, 49.03
1377576866, 49.03
1377576871, 49.06
1377576876, 49.03
1377576881, 49.03
1377576886, 49.03
1377576891, 49.03
1377576898, 49.03
1377576901, 49.03
1377576906, 49.03
1377576911, 49.03
1377576916, 49.03
1377576921, 49.03
1377576926, 49.03
1377576931, 49.03
1377576936, 49.03
1377576941, 49.03
1377576946, 49.03
1377576951, 49.03
1377576956, 49.03
1377576961, 49.03
1377576966, 49.03
1377576971, 49.03
1377576976, 49.03
1377576981, 49.03
1377576986, 49.00
1377576991, 49.00
1377576996, 49.00
1377577001, 49.00
1377577006, 49.00
1377577011, 49.00
1377577016, 49.00
1377577021, 49.00
1377577026, 49.03
1377577031, 49.03
1377577036, 48.97
1377577041, 49.00
1377577046, 49.00
1377577051, 49.00
1377577056, 49.00
1377577061, 48.97
1377577066, 48.97
1377577071, 48.97
1377577076, 48.97
1377577081, 48.97
1377577086, 49.00
1377577091, 48.97
1377577096, 49.00
1377577101, 49.00
1377577106, 48.97
1377577111, 48.97
1377577116, 48.97
1377577121, 48.97
1377577126, 48.97
1377577131, 48.97
1377577136, 48.97
1377577141, 48.97
1377577146, 48.97
1377577151, 48.97
1377577156, 48.97
1377577161, 48.97
1377577166, 48.97
1377577171, 48.97
1377577176, 48.97
1377577181, 48.94
1377577186, 48.97
1377577191, 48.97
1377577196, 48.94
1377577201, 48.94
1377577206, 48.97
1377577211, 48.94
1377577216, 48.97
1377577221, 48.94
1377577226, 48.97
1377577231, 48.94
1377577236, 48.94
1377577241, 48.94
1377577246, 48.94
1377577251, 48.94
1377577256, 48.94
1377577261, 48.94
1377577266, 48.90
1377577271, 48.90
1377577276, 48.90
1377577281, 48.94
1377577286, 48.90
1377577291, 48.90
1377577296, 48.90
1377577301, 48.90
1377577306, 48.90
1377577311, 48.90
1377577316, 48.90
1377577321, 48.90
1377577326, 48.90
1377577331, 48.90
1377577336, 48.90
1377577341, 48.90
1377577346, 48.90
1377577351, 48.90
1377577356, 48.90
1377577361, 48.87
1377577366, 48.90
1377577371, 48.87
1377577376, 48.90
1377577381, 48.90
1377577386, 48.90
1377577391, 48.87
1377577396, 48.87
1377577401, 48.87
1377577406, 48.90
1377577411, 48.84
1377577416, 48.87
1377577421, 48.87
1377577426, 48.87
1377577431, 48.87
1377577436, 48.87
1377577441, 48.87
1377577446, 48.84
1377577451, 48.87
1377577456, 48.87
1377577461, 48.84
1377577466, 48.84
1377577471, 48.87
1377577476, 48.84
1377577481, 48.84
1377577486, 48.84
1377577491, 48.84
1377577496, 48.84
1377577501, 48.84
1377577506, 48.84
1377577511, 48.84
1377577516, 48.84
1377577521, 48.84
1377577526, 48.84
1377577531, 48.84
1377577536, 48.84
1377577541, 48.81
1377577546, 48.81
1377577551, 48.81
1377577556, 48.81
1377577561, 48.81
1377577566, 48.77
1377577571, 48.81
1377577576, 48.77
1377577581, 48.77
1377577586, 48.77
1377577591, 48.77
1377577596, 48.77
1377577601, 48.77
1377577606, 48.77
1377577611, 48.77
1377577616, 48.77
1377577621, 48.77
1377577626, 48.77
1377577631, 48.77
1377577636, 48.77
1377577641, 48.77
1377577646, 48.74
1377577651, 48.77
1377577656, 48.74
1377577661, 48.77
1377577666, 48.74
1377577671, 48.74
1377577676, 48.74
1377577681, 48.74
1377577686, 48.74
1377577691, 48.74
1377577696, 48.74
1377577701, 48.74
1377577706, 48.74
1377577711, 48.71
1377577716, 48.74
1377577721, 48.71
1377577726, 48.71
1377577731, 48.71
1377577736, 48.71
1377577741, 48.74
1377577746, 48.71
1377577751, 48.71
1377577759, 48.71
1377577761, 48.71
1377577766, 48.71
1377577771, 48.71
1377577776, 48.71
1377577781, 48.71
1377577786, 48.71
1377577791, 48.71
1377577796, 48.71
1377577801, 48.71
1377577806, 48.71
1377577811, 48.71
1377577816, 48.68
1377577821, 48.71
1377577826, 48.68
1377577831, 48.68
1377577836, 48.71
1377577841, 48.68
1377577846, 48.68
1377577851, 48.68
1377577856, 48.68
1377577861, 48.64
1377577866, 48.64
1377577871, 48.64
1377577876, 48.68
1377577881, 48.64
1377577886, 48.64
1377577891, 48.68
1377577896, 48.64
1377577901, 48.64
1377577906, 48.64
1377577911, 48.64
1377577916, 48.64
1377577921, 48.64
1377577926, 48.64
1377577931, 48.64
1377577936, 48.64
1377577941, 48.64
1377577946, 48.64
1377577951, 48.64
1377577956, 48.64
1377577961, 48.64
1377577966, 48.64
1377577971, 48.61
1377577976, 48.61
1377577981, 48.64
1377577986, 48.64
1377577991, 48.61
1377577996, 48.61
1377578001, 48.64
1377578006, 48.61
1377578011, 48.61
1377578016, 48.61
1377578021, 48.61
1377578026, 48.61
1377578031, 48.61
1377578036, 48.61
1377578041, 48.58
1377578046, 48.58
1377578051, 48.61
1377578056, 48.61
1377578061, 48.58
1377578066, 48.58
1377578071, 48.58
1377578076, 48.58
1377578081, 48.58
1377578086, 48.58
1377578091, 48.58
1377578096, 48.58
1377578101, 48.58
1377578106, 48.55
1377578111, 48.58
1377578116, 48.58
1377578121, 48.58
1377578126, 48.55
1377578131, 48.55
1377578136, 48.55
1377578141, 48.58
1377578146, 48.55
1377578151, 48.55
1377578156, 48.58
1377578161, 48.58
1377578166, 48.58
1377578171, 48.55
1377578176, 48.55
1377578181, 48.55
1377578186, 48.55
1377578191, 48.55
1377578196, 48.55
1377578201, 48.55
1377578206, 48.55
1377578211, 48.51
1377578216, 48.51
1377578221, 48.55
1377578226, 48.51
1377578231, 48.51
1377578236, 48.51
1377578241, 48.51
1377578246, 48.51
1377578251, 48.51
1377578256, 48.51
1377578261, 48.51
1377578266, 48.51
1377578271, 48.51
1377578276, 48.51
1377578281, 48.51
1377578286, 48.51
1377578291, 48.51
1377578296, 48.51
1377578301, 48.51
1377578306, 48.51
1377578311, 48.51
1377578316, 48.51
1377578321, 48.51
1377578326, 48.51
1377578331, 48.51
1377578336, 48.48
1377578341, 48.51
1377578346, 48.51
1377578351, 48.51
1377578356, 48.51
1377578361, 48.51
1377578366, 48.48
1377578371, 48.51
1377578376, 48.48
1377578381, 48.48
1377578386, 48.48
1377578391, 48.48
1377578396, 48.48
1377578401, 48.48
1377578406, 48.51
1377578411, 48.48
1377578416, 48.51
1377578421, 48.48
1377578426, 48.48
1377578431, 48.48
1377578436, 48.48
1377578441, 48.51
1377578446, 48.48
1377578451, 48.45
1377578456, 48.45
1377578461, 48.48
1377578466, 48.48
1377578471, 48.48
1377578476, 48.45
1377578481, 48.45
1377578486, 48.45
1377578491, 48.48
1377578496, 48.48
1377578501, 48.48
1377578506, 48.48
1377578511, 48.45
1377578516, 48.45
1377578521, 48.48
1377578526, 48.48
1377578531, 48.45
1377578536, 48.45
1377578541, 48.45
1377578546, 48.45
1377578551, 48.45
1377578556, 48.45
1377578561, 48.45
1377578566, 48.45
1377578571, 48.48
1377578576, 48.45
1377578581, 48.45
1377578586, 48.45
1377578591, 48.45
1377578599, 48.45
1377578601, 48.45
1377578606, 48.45
1377578611, 48.45
1377578616, 48.45
1377578621, 48.45
1377578626, 48.45
1377578631, 48.45
1377578636, 48.42
1377578641, 48.45
1377578646, 48.45
1377578651, 48.45
1377578656, 48.45
1377578661, 48.45
1377578666, 48.45
1377578671, 48.45
1377578676, 48.45
1377578681, 48.45
1377578686, 48.45
1377578691, 48.45
1377578696, 48.45
1377578701, 48.42
1377578706, 48.45
1377578711, 48.42
1377578716, 48.42
1377578721, 48.45
1377578726, 48.45
1377578731, 48.42
1377578736, 48.45
1377578741, 48.45
1377578746, 48.42
1377578751, 48.42
1377578756, 48.45
1377578761, 48.45
1377578766, 48.42
1377578771, 48.42
1377578776, 48.45
1377578781, 48.45
1377578786, 48.42
1377578791, 48.42
1377578796, 48.38
1377578801, 48.38
1377578806, 48.38
1377578811, 48.42
1377578816, 48.42
1377578821, 48.45
1377578826, 48.38
1377578831, 48.38
1377578836, 48.42
1377578841, 48.42
1377578846, 48.42
1377578851, 48.38
1377578856, 48.42
1377578861, 48.42
1377578866, 48.38
1377578871, 48.42
1377578876, 48.38
1377578881, 48.38
1377578886, 48.42
1377578891, 48.38
1377578896, 48.38
1377578901, 48.38
1377578906, 48.42
1377578911, 48.38
1377578916, 48.42
1377578921, 48.38
1377578926, 48.38
1377578931, 48.42
1377578936, 48.38
1377578941, 48.38
1377578946, 48.38
1377578951, 48.38
1377578956, 48.38
1377578961, 48.42
1377578966, 48.38
1377578971, 48.38
1377578976, 48.38
1377578981, 48.42
1377578986, 48.38
1377578991, 48.42
1377578996, 48.38
1377579001, 48.38
1377579006, 48.38
1377579011, 48.38
1377579016, 48.38
1377579021, 48.38
1377579026, 48.38
1377579031, 48.38
1377579036, 48.38
1377579041, 48.38
1377579046, 48.38
1377579051, 48.38
1377579056, 48.38
1377579061, 48.38
1377579066, 48.38
1377579071, 48.38
1377579076, 48.38
1377579081, 48.38
1377579086, 48.38
1377579091, 48.38
1377579096, 48.38
1377579101, 48.38
1377579106, 48.38
1377579111, 48.38
1377579116, 48.38
1377579121, 48.38
1377579126, 48.38
1377579131, 48.35
1377579136, 48.38
1377579141, 48.38
1377579146, 48.38
1377579151, 48.38
1377579156, 48.38
1377579161, 48.38
1377579166, 48.38
1377579171, 48.38
1377579176, 48.38
1377579181, 48.38
1377579186, 48.38
1377579191, 48.38
1377579196, 48.38
1377579201, 48.35
1377579206, 48.38
1377579211, 48.38
1377579216, 48.35
1377579221, 48.38
1377579226, 48.38
1377579231, 48.38
1377579236, 48.35
1377579241, 48.38
1377579246, 48.35
1377579251, 48.38
1377579256, 48.38
1377579261, 48.35
1377579266, 48.38
1377579271, 48.38
1377579276, 48.38
1377579281, 48.35
1377579286, 48.38
1377579291, 48.35
1377579296, 48.35
1377579301, 48.38
1377579306, 48.35
1377579311, 48.35
1377579316, 48.35
1377579321, 48.38
1377579326, 48.35
1377579331, 48.35
1377579336, 48.38
1377579341, 48.35
1377579346, 48.38
1377579351, 48.35
1377579356, 48.38
1377579361, 48.38
1377579366, 48.38
1377579371, 48.38
1377579376, 48.35
1377579381, 48.35
1377579386, 48.35
1377579391, 48.35
1377579396, 48.38
1377579401, 48.35
1377579406, 48.35
1377579411, 48.35
1377579416, 48.38
1377579421, 48.35
1377579429, 48.35
1377579431, 48.35
1377579436, 48.38
1377579441, 48.35
1377579446, 48.35
1377579451, 48.38
1377579456, 48.35
1377579461, 48.35
1377579466, 48.35
1377579471, 48.35
1377579476, 48.38
1377579481, 48.35
1377579486, 48.35
1377579491, 48.35
1377579496, 48.35
1377579501, 48.32
1377579506, 48.35
1377579511, 48.35
1377579516, 48.35
1377579521, 48.35
1377579526, 48.35
1377579531, 48.35
1377579536, 48.35
1377579541, 48.35
1377579546, 48.32
1377579551, 48.38
1377579556, 48.32
1377579561, 48.35
1377579566, 48.32
1377579571, 48.35
1377579576, 48.35
1377579581, 48.32
1377579586, 48.35
1377579591, 48.32
1377579596, 48.35
1377579601, 48.32
1377579606, 48.35
1377579611, 48.35
1377579616, 48.35
1377579621, 48.35
1377579626, 48.35
1377579631, 48.32
1377579636, 48.35
1377579641, 48.35
1377579646, 48.35
1377579651, 48.35
1377579656, 48.32
1377579661, 48.32
1377579666, 48.32
1377579671, 48.32
1377579676, 48.35
1377579681, 48.32
1377579686, 48.32
1377579691, 48.35
1377579696, 48.32
1377579701, 48.32
1377579706, 48.35
1377579711, 48.35
1377579716, 48.32
1377579721, 48.32
1377579726, 48.32
1377579731, 48.32
1377579736, 48.32
1377579741, 48.32
1377579746, 48.35
1377579751, 48.35
1377579756, 48.32
1377579761, 48.32
1377579766, 48.32
1377579771, 48.32
1377579776, 48.32
1377579781, 48.35
1377579786, 48.32
1377579791, 48.32
1377579796, 48.32
1377579801, 48.32
1377579806, 48.32
1377579811, 48.32
1377579816, 48.32
1377579821, 48.32
1377579826, 48.32
1377579831, 48.32
1377579836, 48.32
1377579841, 48.32
1377579846, 48.32
1377579851, 48.32
1377579856, 48.32
1377579861, 48.32
1377579866, 48.32
1377579871, 48.32
1377579876, 48.32
1377579881, 48.32
1377579886, 48.32
1377579891, 48.32
1377579896, 48.32
1377579901, 48.32
1377579906, 48.32
1377579911, 48.32
1377579916, 48.32
1377579921, 48.32
1377579926, 48.32
1377579931, 48.32
1377579936, 48.29
1377579941, 48.32
1377579946, 48.32
1377579951, 48.32
1377579956, 48.32
1377579961, 48.32
1377579966, 48.32
1377579971, 48.32
1377579976, 48.32
1377579981, 48.32
1377579986, 48.32
1377579991, 48.32
1377579996, 48.32
1377580001, 48.32
1377580006, 48.32
1377580011, 48.32
1377580016, 48.32
1377580021, 48.32
1377580026, 48.32
1377580031, 48.29
1377580036, 48.29
1377580041, 48.32
1377580046, 48.32
1377580051, 48.32
1377580056, 48.32
1377580061, 48.32
1377580066, 48.29
1377580071, 48.32
1377580076, 48.32
1377580081, 48.32
1377580086, 48.32
1377580091, 48.32
1377580096, 48.32
1377580101, 48.29
1377580106, 48.32
1377580111, 48.32
1377580116, 48.32
1377580121, 48.32
1377580126, 48.32
1377580131, 48.32
1377580136, 48.29
1377580141, 48.32
1377580146, 48.32
1377580151, 48.29
1377580156, 48.29
1377580161, 48.32
1377580166, 48.29
1377580171, 48.32
1377580176, 48.25
1377580181, 48.29
1377580186, 48.29
1377580191, 48.32
1377580196, 48.29
1377580201, 48.29
1377580206, 48.29
1377580215, 48.29
1377580216, 48.29
1377580221, 48.29
1377580226, 48.29
1377580231, 48.29
1377580236, 48.29
1377580241, 48.29
1377580246, 48.29
1377580251, 48.25
1377580256, 48.29
1377580261, 48.25
1377580266, 48.29
1377580271, 48.29
1377580276, 48.25
1377580281, 48.25
1377580286, 48.25
1377580291, 48.29
1377580296, 48.25
1377580301, 48.25
1377580306, 48.25
1377580311, 48.25
1377580316, 48.25
1377580321, 48.25
1377580326, 48.25
1377580331, 48.25
1377580336, 48.25
1377580341, 48.29
1377580346, 48.25
1377580351, 48.25
1377580356, 48.25
1377580361, 48.29
1377580366, 48.25
1377580371, 48.25
1377580376, 48.25
1377580381, 48.29
1377580386, 48.25
1377580391, 48.25
1377580396, 48.25
1377580401, 48.29
1377580406, 48.25
1377580411, 48.25
1377580416, 48.25
1377580421, 48.25
1377580426, 48.29
1377580431, 48.25
1377580436, 48.25
1377580441, 48.25
1377580446, 48.25
1377580451, 48.25
1377580456, 48.25
1377580461, 48.25
1377580466, 48.25
1377580471, 48.25
1377580476, 48.25
1377580481, 48.25
1377580486, 48.25
1377580491, 48.25
1377580496, 48.25
1377580501, 48.25
1377580506, 48.25
1377580511, 48.25
1377580516, 48.25
1377580521, 48.25
1377580526, 48.25
1377580531, 48.25
1377580536, 48.25
1377580541, 48.22
1377580546, 48.25
1377580551, 48.25
1377580556, 48.25
1377580561, 48.25
1377580566, 48.22
1377580571, 48.25
1377580576, 48.22
1377580581, 48.22
1377580586, 48.25
1377580591, 48.22
1377580596, 48.25
1377580601, 48.22
1377580606, 48.22
1377580611, 48.19
1377580616, 48.22
1377580621, 48.22
1377580626, 48.22
1377580631, 48.22
1377580636, 48.22
1377580641, 48.22
1377580646, 48.25
1377580651, 48.22
1377580656, 48.22
1377580661, 48.22
1377580666, 48.25
1377580671, 48.19
1377580676, 48.19
1377580681, 48.22
1377580686, 48.22
1377580691, 48.22
1377580696, 48.22
1377580701, 48.22
1377580706, 48.19
1377580711, 48.19
1377580716, 48.22
1377580721, 48.22
1377580726, 48.22
1377580731, 48.19
1377580736, 48.22
1377580741, 48.22
1377580746, 48.19
1377580751, 48.19
1377580756, 48.19
1377580761, 48.19
1377580766, 48.19
1377580771, 48.19
1377580776, 48.19
1377580781, 48.22
1377580786, 48.19
1377580791, 48.19
1377580796, 48.19
1377580801, 48.19
1377580806, 48.19
1377580811, 48.19
1377580816, 48.19
1377580821, 48.19
1377580826, 48.19
1377580831, 48.22
1377580836, 48.19
1377580841, 48.19
1377580846, 48.19
1377580851, 48.22
1377580856, 48.19
1377580861, 48.19
1377580866, 48.19
1377580871, 48.19
1377580876, 48.19
1377580881, 48.22
1377580886, 48.19
1377580891, 48.19
1377580896, 48.19
1377580901, 48.19
1377580906, 48.19
1377580911, 48.19
1377580916, 48.19
1377580921, 48.19
1377580926, 48.16
1377580931, 48.19
1377580936, 48.19
1377580941, 48.19
1377580946, 48.19
1377580951, 48.19
1377580956, 48.19
1377580961, 48.19
1377580966, 48.19
1377580971, 48.19
1377580976, 48.16
1377580981, 48.19
1377580986, 48.19
1377580991, 48.16
1377580996, 48.16
1377581001, 48.16
1377581006, 48.19
1377581011, 48.16
1377581016, 48.16
1377581021, 48.16
1377581026, 48.16
1377581031, 48.19
1377581036, 48.16
1377581041, 48.16
1377581050, 48.19
1377581051, 48.16
1377581056, 48.16
1377581061, 48.16
1377581066, 48.16
1377581071, 48.16
1377581076, 48.16
1377581081, 48.16
1377581086, 48.12
1377581091, 48.16
1377581096, 48.16
1377581101, 48.16
1377581106, 48.16
1377581111, 48.16
1377581116, 48.16
1377581121, 48.12
1377581126, 48.16
1377581131, 48.12
1377581136, 48.12
1377581141, 48.16
1377581146, 48.16
1377581151, 48.16
1377581156, 48.12
1377581161, 48.12
1377581166, 48.16
1377581171, 48.12
1377581176, 48.16
1377581181, 48.12
1377581186, 48.12
1377581191, 48.16
1377581196, 48.12
1377581201, 48.12
1377581206, 48.12
1377581211, 48.16
1377581216, 48.12
1377581221, 48.12
1377581226, 48.12
1377581231, 48.12
1377581236, 48.12
1377581241, 48.12
1377581246, 48.12
1377581251, 48.12
1377581256, 48.12
1377581261, 48.12
1377581266, 48.12
1377581271, 48.16
1377581276, 48.12
1377581281, 48.12
1377581286, 48.12
1377581291, 48.12
1377581296, 48.12
1377581301, 48.12
1377581306, 48.16
1377581311, 48.12
1377581316, 48.12
1377581321, 48.12
1377581326, 48.12
1377581331, 48.12
1377581336, 48.12
1377581341, 48.12
1377581346, 48.12
1377581351, 48.12
1377581356, 48.12
1377581361, 48.12
1377581366, 48.12
1377581371, 48.12
1377581376, 48.12
1377581381, 48.12
1377581386, 48.12
1377581391, 48.12
1377581396, 48.12
1377581401, 48.09
1377581406, 48.12
1377581411, 48.12
1377581416, 48.12
1377581421, 48.12
1377581426, 48.12
1377581431, 48.12
1377581436, 48.12
1377581441, 48.12
1377581446, 48.12
1377581451, 48.12
1377581456, 48.12
1377581461, 48.12
1377581466, 48.12
1377581471, 48.12
1377581476, 48.12
1377581481, 48.09
1377581486, 48.09
1377581491, 48.12
1377581496, 48.12
1377581501, 48.12
1377581506, 48.12
1377581511, 48.12
1377581516, 48.12
1377581521, 48.12
1377581526, 48.12
1377581531, 48.12
1377581536, 48.09
1377581541, 48.12
1377581546, 48.12
1377581551, 48.12
1377581556, 48.12
1377581561, 48.09
1377581566, 48.09
1377581571, 48.12
1377581576, 48.12
1377581581, 48.12
1377581586, 48.12
1377581591, 48.12
1377581596, 48.09
1377581601, 48.12
1377581606, 48.09
1377581611, 48.09
1377581616, 48.09
1377581621, 48.09
1377581626, 48.09
1377581631, 48.09
1377581636, 48.09
1377581641, 48.12
1377581646, 48.12
1377581651, 48.09
1377581656, 48.09
1377581661, 48.06
1377581666, 48.09
1377581671, 48.09
1377581676, 48.09
1377581681, 48.06
1377581686, 48.09
1377581691, 48.09
1377581696, 48.09
1377581701, 48.06
1377581706, 48.09
1377581711, 48.09
1377581716, 48.09
1377581721, 48.09
1377581726, 48.09
1377581731, 48.09
1377581736, 48.09
1377581741, 48.09
1377581746, 48.09
1377581751, 48.09
1377581756, 48.09
1377581761, 48.06
1377581766, 48.09
1377581771, 48.09
1377581776, 48.06
1377581781, 48.09
1377581786, 48.06
1377581791, 48.09
1377581796, 48.09
1377581801, 48.06
1377581806, 48.06
1377581811, 48.09
1377581816, 48.06
1377581821, 48.06
1377581826, 48.06
1377581831, 48.06
1377581836, 48.06
1377581841, 48.06
1377581846, 48.06
1377581851, 48.06
1377581856, 48.06
1377581861, 48.06
1377581866, 48.06
1377581871, 48.06
1377581876, 48.06
1377581881, 48.06
1377581886, 48.06
1377581891, 48.06
1377581896, 48.06
1377581901, 48.06
1377581906, 48.06
1377581911, 48.06
1377581916, 48.06
1377581921, 48.06
1377581926, 48.06
1377581931, 48.06
1377581936, 48.06
1377581943, 48.09
1377581946, 48.06
1377581951, 48.06
1377581956, 48.06
1377581961, 48.06
1377581966, 48.06
1377581971, 48.06
1377581976, 48.06
1377581981, 48.03
1377581986, 48.03
1377581991, 48.03
1377581996, 48.06
1377582001, 48.06
1377582006, 48.06
1377582011, 48.03
1377582015, 48.06
1377582021, 48.06
1377582026, 48.03
1377582031, 48.03
1377582036, 48.06
1377582041, 48.06
1377582046, 48.03
1377582051, 48.03
1377582056, 48.03
1377582061, 48.03
1377582066, 48.03
1377582071, 48.03
1377582076, 48.03
1377582081, 48.03
1377582086, 48.03
1377582091, 48.06
1377582096, 48.03
1377582101, 48.03
1377582106, 48.06
1377582111, 48.03
1377582116, 48.06
1377582121, 47.99
1377582126, 48.03
1377582131, 48.03
1377582136, 47.99
1377582141, 47.99
1377582146, 48.03
1377582151, 48.03
1377582156, 47.99
1377582161, 48.03
1377582165, 47.99
1377582171, 48.03
1377582176, 47.99
1377582181, 48.03
1377582186, 48.03
1377582191, 47.99
1377582196, 47.99
1377582201, 47.99
1377582205, 47.99
1377582211, 47.99
1377582216, 48.03
1377582221, 47.99
1377582226, 47.99
1377582231, 47.99
1377582236, 47.99
1377582241, 47.99
1377582246, 47.99
1377582251, 47.99
1377582256, 47.99
1377582260, 47.99
1377582266, 47.99
1377582271, 47.99
1377582276, 47.99
1377582281, 47.99
1377582286, 47.99
1377582290, 47.99
1377582295, 47.99
1377582300, 47.99
1377582306, 47.99
1377582311, 47.99
1377582316, 47.99
1377582321, 47.99
1377582326, 47.99
1377582330, 47.99
1377582336, 47.99
1377582341, 47.99
1377582346, 47.99
1377582350, 47.99
1377582356, 47.99
1377582360, 47.99
1377582365, 47.99
1377582370, 47.99
1377582375, 47.99
1377582380, 47.99
1377582385, 47.96
1377582390, 47.99
1377582396, 47.99
1377582401, 47.99
1377582405, 47.99
1377582411, 47.99
1377582416, 47.96
1377582420, 47.96
1377582425, 47.99
1377582430, 47.99
1377582436, 47.96
1377582441, 47.99
1377582445, 47.96
1377582450, 47.99
1377582456, 47.99
1377582460, 47.96
1377582465, 47.99
1377582471, 47.99
1377582476, 47.99
1377582480, 47.96
1377582485, 47.99
1377582490, 47.96
1377582496, 47.99
1377582501, 47.96
1377582505, 47.96
1377582510, 47.96
1377582515, 47.96
1377582521, 47.96
1377582526, 47.96
1377582530, 47.96
1377582535, 47.96
1377582540, 47.96
1377582545, 47.96
1377582550, 47.96
1377582555, 47.96
1377582561, 47.96
1377582565, 47.96
1377582570, 47.96
1377582575, 47.96
1377582580, 47.96
1377582585, 47.93
1377582590, 47.96
1377582595, 47.96
1377582600, 47.96
1377582605, 47.96
1377582610, 47.96
1377582615, 47.96
1377582620, 47.96
1377582625, 47.96
1377582630, 47.93
1377582635, 47.96
1377582640, 47.96
1377582645, 47.96
1377582650, 47.93
1377582655, 47.93
1377582660, 47.96
1377582665, 47.93
1377582670, 47.96
1377582675, 47.96
1377582680, 47.93
1377582685, 47.93
1377582690, 47.93
1377582695, 47.93
1377582700, 47.93
1377582706, 47.93
1377582710, 47.93
1377582715, 47.93
1377582720, 47.96
1377582725, 47.96
1377582730, 47.93
1377582735, 47.93
1377582740, 47.93
1377582745, 47.93
1377582750, 47.93
1377582755, 47.93
1377582760, 47.93
1377582765, 47.93
1377582770, 47.93
1377582775, 47.93
1377582780, 47.93
1377582785, 47.93
1377582790, 47.93
1377582795, 47.93
1377582805, 47.93
1377582810, 47.93
1377582815, 47.93
1377582820, 47.93
1377582825, 47.93
1377582830, 47.93
1377582835, 47.90
1377582840, 47.90
1377582845, 47.93
1377582850, 47.90
1377582855, 47.93
1377582860, 47.93
1377582865, 47.90
1377582870, 47.93
1377582875, 47.93
1377582880, 47.90
1377582885, 47.93
1377582890, 47.90
1377582895, 47.93
1377582900, 47.93
1377582905, 47.93
1377582910, 47.90
1377582916, 47.90
1377582920, 47.90
1377582925, 47.90
1377582930, 47.93
1377582935, 47.93
1377582941, 47.90
1377582945, 47.90
1377582951, 47.90
1377582955, 47.93
1377582960, 47.86
1377582966, 47.93
1377582970, 47.90
1377582975, 47.90
1377582980, 47.90
1377582985, 47.90
1377582990, 47.90
1377582995, 47.90
1377583000, 47.90
1377583005, 47.90
1377583010, 47.90
1377583015, 47.90
1377583021, 47.90
1377583025, 47.90
1377583030, 47.90
1377583035, 47.90
1377583040, 47.86
1377583046, 47.90
1377583050, 47.90
1377583055, 47.90
1377583060, 47.90
1377583065, 47.90
1377583070, 47.86
1377583075, 47.90
1377583080, 47.86
1377583085, 47.93
1377583090, 47.90
1377583095, 47.86
1377583100, 47.90
1377583105, 47.86
1377583110, 47.90
1377583115, 47.90
1377583120, 47.90
1377583125, 47.90
1377583130, 47.90
1377583135, 47.90
1377583140, 47.90
1377583145, 47.86
1377583151, 47.90
1377583155, 47.86
1377583160, 47.86
1377583165, 47.86
1377583170, 47.90
1377583175, 47.86
1377583180, 47.86
1377583185, 47.86
1377583190, 47.86
1377583195, 47.86
1377583200, 47.86
1377583205, 47.90
1377583210, 47.86
1377583215, 47.86
1377583220, 47.86
1377583225, 47.86
1377583230, 47.86
1377583235, 47.86
1377583240, 47.86
1377583245, 47.86
1377583250, 47.90
1377583255, 47.86
1377583260, 47.86
1377583265, 47.86
1377583270, 47.86
1377583275, 47.86
1377583280, 47.86
1377583285, 47.86
1377583290, 47.86
1377583295, 47.86
1377583300, 47.86
1377583305, 47.86
1377583310, 47.86
1377583315, 47.86
1377583320, 47.86
1377583325, 47.86
1377583330, 47.86
1377583335, 47.86
1377583340, 47.86
1377583345, 47.86
1377583350, 47.86
1377583355, 47.86
1377583360, 47.86
1377583365, 47.86
1377583370, 47.83
1377583375, 47.86
1377583380, 47.86
1377583385, 47.86
1377583390, 47.86
1377583395, 47.86
1377583400, 47.86
1377583405, 47.86
1377583410, 47.86
1377583415, 47.86
1377583420, 47.83
1377583425, 47.83
1377583430, 47.83
1377583435, 47.86
1377583440, 47.86
1377583445, 47.86
1377583450, 47.83
1377583455, 47.83
1377583460, 47.86
1377583465, 47.83
1377583470, 47.83
1377583475, 47.86
1377583480, 47.86
1377583485, 47.86
1377583490, 47.86
1377583495, 47.86
1377583500, 47.83
1377583505, 47.86
1377583510, 47.86
1377583515, 47.83
1377583520, 47.86
1377583525, 47.86
1377583530, 47.86
1377583535, 47.86
1377583540, 47.83
1377583545, 47.83
1377583550, 47.86
1377583555, 47.83
1377583560, 47.83
1377583565, 47.83
1377583570, 47.86
1377583575, 47.83
1377583580, 47.86
1377583585, 47.86
1377583590, 47.86
1377583595, 47.86
1377583600, 47.83
1377583605, 47.83
1377583610, 47.83
1377583615, 47.83
1377583620, 47.83
1377583625, 47.86
1377583630, 47.83
1377583635, 47.83
1377583640, 47.86
1377583645, 47.83
1377583650, 47.83
1377583661, 47.83
1377583665, 47.83
1377583670, 47.86
1377583675, 47.86
1377583680, 47.83
1377583685, 47.86
1377583690, 47.83
1377583695, 47.83
1377583700, 47.83
1377583705, 47.83
1377583710, 47.83
1377583715, 47.83
1377583720, 47.83
1377583725, 47.86
1377583730, 47.83
1377583735, 47.86
1377583740, 47.86
1377583745, 47.86
1377583750, 47.83
1377583755, 47.83
1377583760, 47.80
1377583765, 47.86
1377583770, 47.83
1377583775, 47.83
1377583780, 47.83
1377583785, 47.83
1377583790, 47.83
1377583795, 47.83
1377583800, 47.83
1377583805, 47.83
1377583810, 47.83
1377583815, 47.80
1377583820, 47.83
1377583825, 47.80
1377583830, 47.83
1377583835, 47.80
1377583840, 47.83
1377583845, 47.83
1377583850, 47.80
1377583855, 47.80
1377583860, 47.83
1377583865, 47.80
1377583870, 47.83
1377583875, 47.80
1377583880, 47.80
1377583885, 47.83
1377583890, 47.83
1377583895, 47.83
1377583900, 47.83
1377583905, 47.80
1377583910, 47.83
1377583915, 47.80
1377583920, 47.80
1377583925, 47.80
1377583930, 47.80
1377583935, 47.80
1377583940, 47.80
1377583945, 47.80
1377583950, 47.83
1377583955, 47.80
1377583960, 47.80
1377583965, 47.80
1377583970, 47.80
1377583975, 47.80
1377583980, 47.80
1377583985, 47.80
1377583990, 47.80
1377583995, 47.80
1377584000, 47.80
1377584005, 47.80
1377584010, 47.80
1377584015, 47.80
1377584020, 47.80
1377584025, 47.80
1377584030, 47.80
1377584035, 47.80
1377584040, 47.80
1377584045, 47.80
1377584050, 47.80
1377584055, 47.80
1377584060, 47.80
1377584065, 47.80
1377584070, 47.80
1377584075, 47.80
1377584080, 47.80
1377584085, 47.83
1377584090, 47.80
1377584095, 47.80
1377584100, 47.80
1377584105, 47.83
1377584110, 47.80
1377584115, 47.80
1377584120, 47.80
1377584125, 47.80
1377584130, 47.80
1377584135, 47.80
1377584140, 47.80
1377584145, 47.80
1377584150, 47.80
1377584155, 47.80
1377584160, 47.80
1377584165, 47.80
1377584170, 47.80
1377584175, 47.80
1377584180, 47.80
1377584185, 47.80
1377584190, 47.80
1377584195, 47.80
1377584200, 47.80
1377584205, 47.80
1377584210, 47.80
1377584215, 47.80
1377584220, 47.80
1377584225, 47.80
1377584230, 47.80
1377584235, 47.80
1377584240, 47.80
1377584245, 47.80
1377584250, 47.80
1377584255, 47.80
1377584260, 47.80
1377584265, 47.80
1377584270, 47.80
1377584275, 47.80
1377584280, 47.80
1377584285, 47.80
1377584290, 47.80
1377584295, 47.80
1377584300, 47.80
1377584305, 47.80
1377584310, 47.80
1377584315, 47.80
1377584320, 47.80
1377584325, 47.80
1377584330, 47.80
1377584335, 47.80
1377584340, 47.80
1377584345, 47.80
1377584350, 47.80
1377584355, 47.80
1377584360, 47.80
1377584365, 47.80
1377584370, 47.80
1377584375, 47.80
1377584380, 47.80
1377584385, 47.80
1377584390, 47.80
1377584395, 47.80
1377584400, 47.80
1377584405, 47.80
1377584410, 47.80
1377584415, 47.80
1377584420, 47.80
1377584425, 47.80
1377584430, 47.80
1377584435, 47.80
1377584440, 47.80
1377584445, 47.80
1377584450, 47.80
1377584455, 47.80
1377584460, 47.80
1377584465, 47.80
1377584470, 47.80
1377584475, 47.80
1377584480, 47.80
1377584485, 47.80
1377584490, 47.80
1377584495, 47.80
1377584500, 47.80
1377584510, 47.80
1377584515, 47.80
1377584520, 47.80
1377584525, 47.80
1377584530, 47.80
1377584535, 47.80
1377584540, 47.80
1377584545, 47.80
1377584550, 47.80
1377584555, 47.80
1377584560, 47.80
1377584565, 47.80
1377584570, 47.77
1377584575, 47.77
1377584580, 47.80
1377584585, 47.77
1377584590, 47.80
1377584595, 47.80
1377584600, 47.80
1377584605, 47.77
1377584610, 47.77
1377584615, 47.80
1377584620, 47.80
1377584625, 47.80
1377584630, 47.77
1377584635, 47.80
1377584640, 47.77
1377584645, 47.77
1377584650, 47.80
1377584655, 47.73
1377584660, 47.77
1377584665, 47.77
1377584670, 47.77
1377584675, 47.80
1377584680, 47.77
1377584685, 47.80
1377584690, 47.77
1377584695, 47.77
1377584700, 47.77
1377584705, 47.77
1377584710, 47.80
1377584715, 47.80
1377584720, 47.80
1377584725, 47.80
1377584730, 47.77
1377584735, 47.80
1377584740, 47.77
1377584745, 47.77
1377584750, 47.77
1377584755, 47.77
1377584760, 47.80
1377584765, 47.80
1377584770, 47.77
1377584775, 47.77
1377584780, 47.80
1377584785, 47.77
1377584790, 47.77
1377584795, 47.80
1377584800, 47.80
1377584805, 47.77
1377584810, 47.77
1377584815, 47.77
1377584820, 47.77
1377584825, 47.77
1377584830, 47.77
1377584835, 47.77
1377584840, 47.77
1377584845, 47.77
1377584850, 47.77
1377584855, 47.77
1377584860, 47.77
1377584865, 47.77
1377584870, 47.73
1377584875, 47.73
1377584880, 47.77
1377584885, 47.77
1377584890, 47.77
1377584895, 47.77
1377584900, 47.77
1377584905, 47.73
1377584910, 47.77
1377584915, 47.77
1377584920, 47.73
1377584925, 47.73
1377584930, 47.73
1377584935, 47.73
1377584940, 47.77
1377584945, 47.77
1377584950, 47.77
1377584955, 47.73
1377584960, 47.80
1377584965, 47.73
1377584970, 47.80
1377584975, 47.77
1377584981, 47.77
1377584985, 47.77
1377584990, 47.77
1377584995, 47.77
1377585000, 47.77
1377585005, 47.77
1377585010, 47.77
1377585015, 47.73
1377585020, 47.77
1377585025, 47.77
1377585030, 47.80
1377585035, 47.80
1377585040, 47.77
1377585045, 47.77
1377585050, 47.77
1377585055, 47.77
1377585060, 47.77
1377585065, 47.73
1377585070, 47.77
1377585075, 47.80
1377585080, 47.77
1377585085, 47.73
1377585090, 47.77
1377585095, 47.77
1377585100, 47.77
1377585105, 47.77
1377585110, 47.77
1377585115, 47.77
1377585120, 47.77
1377585125, 47.77
1377585130, 47.77
1377585135, 47.77
1377585140, 47.77
1377585145, 47.77
1377585150, 47.77
1377585155, 47.77
1377585160, 47.77
1377585165, 47.77
1377585170, 47.77
1377585175, 47.77
1377585180, 47.80
1377585185, 47.77
1377585190, 47.77
1377585195, 47.77
1377585200, 47.77
1377585205, 47.80
1377585210, 47.77
1377585215, 47.77
1377585220, 47.77
1377585225, 47.77
1377585230, 47.77
1377585235, 47.80
1377585240, 47.77
1377585245, 47.77
1377585250, 47.80
1377585255, 47.80
1377585260, 47.77
1377585265, 47.77
1377585270, 47.80
1377585275, 47.77
1377585280, 47.80
1377585285, 47.80
1377585290, 47.80
1377585295, 47.80
1377585300, 47.80
1377585305, 47.77
1377585310, 47.80
1377585315, 47.77
1377585320, 47.80
1377585325, 47.77
1377585330, 47.77
1377585335, 47.77
1377585340, 47.80
1377585345, 47.77
1377585350, 47.77
1377585355, 47.77
1377585360, 47.77
1377585365, 47.77
1377585370, 47.77
1377585378, 47.77
1377585380, 47.77
1377585385, 47.80
1377585390, 47.80
1377585395, 47.77
1377585400, 47.77
1377585405, 47.80
1377585410, 47.77
1377585415, 47.77
1377585420, 47.77
1377585425, 47.80
1377585430, 47.80
1377585435, 47.77
1377585440, 47.77
1377585445, 47.77
1377585450, 47.77
1377585455, 47.77
1377585460, 47.77
1377585465, 47.77
1377585470, 47.77
1377585475, 47.80
1377585480, 47.80
1377585485, 47.77
1377585490, 47.77
1377585495, 47.77
1377585500, 47.77
1377585505, 47.77
1377585510, 47.77
1377585515, 47.80
1377585520, 47.80
1377585525, 47.80
1377585530, 47.77
1377585535, 47.80
1377585540, 47.77
1377585545, 47.77
1377585550, 47.77
1377585555, 47.77
1377585560, 47.77
1377585565, 47.77
1377585570, 47.80
1377585575, 47.77
1377585580, 47.77
1377585585, 47.77
1377585590, 47.77
1377585595, 47.77
1377585600, 47.77
1377585605, 47.77
1377585610, 47.77
1377585615, 47.77
1377585620, 47.80
1377585625, 47.77
1377585630, 47.77
1377585635, 47.77
1377585640, 47.77
1377585645, 47.77
1377585650, 47.77
1377585655, 47.77
1377585660, 47.77
1377585665, 47.77
1377585670, 47.80
1377585675, 47.77
1377585680, 47.77
1377585685, 47.77
1377585690, 47.80
1377585695, 47.77
1377585700, 47.77
1377585705, 47.77
1377585710, 47.77
1377585715, 47.77
1377585720, 47.73
1377585725, 47.77
1377585730, 47.80
1377585735, 47.77
1377585740, 47.77
1377585745, 47.77
1377585750, 47.77
1377585755, 47.77
1377585760, 47.77
1377585765, 47.77
1377585770, 47.73
1377585775, 47.77
1377585780, 47.77
1377585785, 47.77
1377585790, 47.77
1377585795, 47.77
1377585800, 47.77
1377585805, 47.77
1377585810, 47.77
1377585815, 47.73
1377585820, 47.73
1377585825, 47.77
1377585830, 47.77
1377585835, 47.77
1377585840, 47.77
1377585845, 47.77
1377585850, 47.77
1377585855, 47.73
1377585860, 47.73
1377585865, 47.77
1377585870, 47.73
1377585875, 47.77
1377585880, 47.77
1377585885, 47.73
1377585890, 47.73
1377585895, 47.77
1377585900, 47.77
1377585905, 47.77
1377585910, 47.77
1377585915, 47.73
1377585920, 47.73
1377585925, 47.73
1377585930, 47.73
1377585935, 47.77
1377585940, 47.73
1377585945, 47.73
1377585950, 47.73
1377585955, 47.73
1377585960, 47.73
1377585965, 47.73
1377585970, 47.73
1377585975, 47.77
1377585980, 47.73
1377585985, 47.73
1377585990, 47.77
1377585995, 47.77
1377586000, 47.77
1377586005, 47.77
1377586010, 47.73
1377586015, 47.73
1377586020, 47.73
1377586025, 47.73
1377586030, 47.73
1377586035, 47.73
1377586040, 47.73
1377586045, 47.73
1377586050, 47.77
1377586055, 47.73
1377586060, 47.73
1377586065, 47.73
1377586070, 47.73
1377586075, 47.77
1377586080, 47.73
1377586085, 47.73
1377586090, 47.73
1377586095, 47.77
1377586100, 47.73
1377586105, 47.77
1377586110, 47.73
1377586115, 47.73
1377586120, 47.73
1377586125, 47.73
1377586130, 47.73
1377586135, 47.73
1377586140, 47.73
1377586145, 47.73
1377586150, 47.73
1377586155, 47.73
1377586160, 47.73
1377586165, 47.73
1377586170, 47.73
1377586175, 47.73
1377586180, 47.73
1377586185, 47.73
1377586190, 47.73
1377586195, 47.73
1377586200, 47.73
1377586205, 47.73
1377586210, 47.73
1377586215, 47.73
1377586220, 47.73
1377586225, 47.77
1377586230, 47.73
1377586235, 47.73
1377586240, 47.73
1377586245, 47.73
1377586251, 47.73
1377586255, 47.73
1377586260, 47.73
1377586265, 47.73
1377586270, 47.73
1377586276, 47.73
1377586280, 47.73
1377586285, 47.73
1377586290, 47.73
1377586295, 47.73
1377586300, 47.73
1377586305, 47.73
1377586310, 47.73
1377586315, 47.73
1377586320, 47.73
1377586325, 47.73
1377586330, 47.73
1377586335, 47.73
1377586340, 47.73
1377586345, 47.73
1377586350, 47.73
1377586355, 47.73
1377586360, 47.73
1377586365, 47.70
1377586370, 47.73
1377586375, 47.73
1377586380, 47.73
1377586385, 47.73
1377586390, 47.73
1377586395, 47.73
1377586400, 47.73
1377586405, 47.70
1377586410, 47.73
1377586415, 47.73
1377586420, 47.73
1377586425, 47.73
1377586430, 47.73
1377586435, 47.73
1377586440, 47.73
1377586445, 47.73
1377586450, 47.73
1377586455, 47.73
1377586460, 47.73
1377586465, 47.73
1377586470, 47.73
1377586475, 47.73
1377586480, 47.70
1377586485, 47.73
1377586490, 47.73
1377586495, 47.73
1377586500, 47.70
1377586505, 47.73
1377586510, 47.73
1377586515, 47.73
1377586520, 47.73
1377586525, 47.73
1377586530, 47.73
1377586535, 47.73
1377586540, 47.73
1377586545, 47.73
1377586550, 47.70
1377586555, 47.73
1377586560, 47.73
1377586565, 47.73
1377586570, 47.73
1377586575, 47.73
1377586580, 47.73
1377586585, 47.73
1377586590, 47.73
1377586595, 47.73
1377586600, 47.73
1377586605, 47.73
1377586610, 47.73
1377586615, 47.73
1377586620, 47.73
1377586625, 47.73
1377586630, 47.73
1377586635, 47.70
1377586640, 47.73
1377586645, 47.73
1377586650, 47.73
1377586655, 47.73
1377586660, 47.73
1377586665, 47.70
1377586670, 47.73
1377586675, 47.73
1377586680, 47.73
1377586685, 47.73
1377586690, 47.73
1377586695, 47.73
1377586700, 47.73
1377586705, 47.73
1377586710, 47.73
1377586715, 47.73
1377586720, 47.73
1377586725, 47.73
1377586730, 47.73
1377586735, 47.70
1377586740, 47.73
1377586745, 47.73
1377586750, 47.73
1377586755, 47.70
1377586760, 47.73
1377586765, 47.73
1377586770, 47.73
1377586775, 47.73
1377586780, 47.73
1377586785, 47.73
1377586790, 47.73
1377586795, 47.70
1377586800, 47.73
1377586805, 47.73
1377586810, 47.73
1377586815, 47.73
1377586820, 47.73
1377586825, 47.73
1377586830, 47.73
1377586835, 47.70
1377586840, 47.73
1377586845, 47.70
1377586850, 47.70
1377586855, 47.73
1377586860, 47.73
1377586865, 47.73
1377586870, 47.73
1377586875, 47.73
1377586880, 47.73
1377586885, 47.73
1377586890, 47.73
1377586895, 47.73
1377586900, 47.73
1377586905, 47.73
1377586910, 47.73
1377586915, 47.73
1377586920, 47.70
1377586925, 47.73
1377586930, 47.73
1377586935, 47.73
1377586940, 47.73
1377586945, 47.73
1377586950, 47.73
1377586955, 47.73
1377586960, 47.73
1377586965, 47.73
1377586970, 47.73
1377586975, 47.73
1377586980, 47.73
1377586985, 47.73
1377586990, 47.73
1377586995, 47.73
1377587000, 47.73
1377587005, 47.73
1377587010, 47.73
1377587015, 47.73
1377587020, 47.73
1377587025, 47.73
1377587030, 47.73
1377587035, 47.73
1377587040, 47.70
1377587045, 47.73
1377587050, 47.70
1377587055, 47.73
1377587060, 47.70
1377587065, 47.73
1377587070, 47.73
1377587075, 47.73
1377587080, 47.73
1377587085, 47.73
1377587090, 47.73
1377587095, 47.73
1377587100, 47.73
1377587105, 47.73
1377587115, 47.73
1377587120, 47.73
1377587125, 47.73
1377587130, 47.73
1377587135, 47.73
1377587140, 47.73
1377587145, 47.73
1377587150, 47.73
1377587155, 47.73
1377587160, 47.73
1377587165, 47.73
1377587170, 47.73
1377587175, 47.73
1377587180, 47.73
1377587185, 47.73
1377587190, 47.73
1377587195, 47.70
1377587200, 47.70
1377587205, 47.70
1377587210, 47.73
1377587215, 47.73
1377587220, 47.73
1377587225, 47.70
1377587230, 47.73
1377587235, 47.73
1377587240, 47.73
1377587245, 47.73
1377587250, 47.73
1377587255, 47.73
1377587260, 47.73
1377587265, 47.73
1377587270, 47.73
1377587275, 47.73
1377587280, 47.73
1377587285, 47.73
1377587290, 47.73
1377587295, 47.73
1377587300, 47.73
1377587305, 47.70
1377587310, 47.73
1377587315, 47.73
1377587320, 47.73
1377587325, 47.73
1377587330, 47.73
1377587335, 47.73
1377587340, 47.73
1377587345, 47.73
1377587350, 47.73
1377587355, 47.73
1377587360, 47.73
1377587365, 47.70
1377587370, 47.73
1377587375, 47.73
1377587380, 47.73
1377587385, 47.73
1377587390, 47.70
1377587395, 47.73
1377587400, 47.73
1377587405, 47.70
1377587410, 47.73
1377587415, 47.73
1377587420, 47.73
1377587425, 47.73
1377587430, 47.73
1377587435, 47.73
1377587440, 47.73
1377587445, 47.70
1377587450, 47.70
1377587455, 47.70
1377587460, 47.70
1377587465, 47.73
1377587470, 47.70
1377587475, 47.73
1377587480, 47.73
1377587485, 47.70
1377587490, 47.73
1377587495, 47.73
1377587500, 47.73
1377587505, 47.73
1377587510, 47.73
1377587515, 47.73
1377587520, 47.70
1377587525, 47.70
1377587530, 47.73
1377587535, 47.73
1377587540, 47.73
1377587545, 47.73
1377587550, 47.73
1377587555, 47.70
1377587560, 47.73
1377587565, 47.70
1377587570, 47.73
1377587575, 47.73
1377587580, 47.73
1377587585, 47.73
1377587590, 47.73
1377587595, 47.73
1377587600, 47.73
1377587605, 47.73
1377587610, 47.73
1377587615, 47.70
1377587620, 47.73
1377587625, 47.70
1377587630, 47.73
1377587635, 47.70
1377587640, 47.70
1377587645, 47.73
1377587650, 47.73
1377587655, 47.73
1377587660, 47.73
1377587665, 47.73
1377587670, 47.73
1377587675, 47.73
1377587680, 47.73
1377587685, 47.73
1377587690, 47.73
1377587695, 47.73
1377587700, 47.70
1377587705, 47.73
1377587710, 47.73
1377587715, 47.73
1377587720, 47.73
1377587725, 47.70
1377587730, 47.70
1377587735, 47.73
1377587740, 47.70
1377587745, 47.70
1377587750, 47.73
1377587755, 47.73
1377587760, 47.73
1377587765, 47.73
1377587770, 47.73
1377587775, 47.73
1377587780, 47.73
1377587785, 47.70
1377587790, 47.73
1377587795, 47.73
1377587800, 47.73
1377587805, 47.73
1377587810, 47.73
1377587815, 47.73
1377587820, 47.70
1377587825, 47.73
1377587830, 47.73
1377587835, 47.73
1377587840, 47.70
1377587845, 47.70
1377587850, 47.70
1377587855, 47.73
1377587860, 47.70
1377587865, 47.70
1377587870, 47.70
1377587875, 47.70
1377587880, 47.73
1377587885, 47.73
1377587890, 47.73
1377587895, 47.70
1377587900, 47.70
1377587905, 47.73
1377587910, 47.70
1377587915, 47.73
1377587920, 47.70
1377587925, 47.73
1377587930, 47.73
1377587935, 47.70
1377587940, 47.73
1377587945, 47.73
1377587951, 47.73
1377587955, 47.73
1377587960, 47.73
1377587965, 47.73
1377587970, 47.73
1377587975, 47.73
1377587980, 47.70
1377587985, 47.73
1377587990, 47.73
1377587995, 47.73
1377588000, 47.70
1377588005, 47.73
1377588010, 47.73
1377588015, 47.73
1377588020, 47.73
1377588025, 47.73
1377588030, 47.70
1377588035, 47.73
1377588040, 47.73
1377588045, 47.73
1377588050, 47.73
1377588055, 47.70
1377588060, 47.73
1377588065, 47.70
1377588070, 47.70
1377588075, 47.73
1377588080, 47.70
1377588085, 47.73
1377588090, 47.70
1377588095, 47.70
1377588100, 47.73
1377588105, 47.70
1377588110, 47.73
1377588115, 47.73
1377588120, 47.73
1377588125, 47.73
1377588130, 47.73
1377588135, 47.73
1377588140, 47.70
1377588145, 47.70
1377588150, 47.73
1377588155, 47.73
1377588160, 47.70
1377588165, 47.73
1377588170, 47.70
1377588175, 47.70
1377588180, 47.73
1377588185, 47.70
1377588190, 47.70
1377588195, 47.73
1377588200, 47.73
1377588205, 47.70
1377588210, 47.70
1377588215, 47.70
1377588220, 47.70
1377588225, 47.73
1377588230, 47.70
1377588235, 47.70
1377588240, 47.73
1377588245, 47.70
1377588250, 47.70
1377588255, 47.70
1377588260, 47.70
1377588265, 47.73
1377588270, 47.73
1377588275, 47.70
1377588280, 47.70
1377588285, 47.70
1377588290, 47.70
1377588295, 47.70
1377588300, 47.73
1377588305, 47.70
1377588310, 47.73
1377588315, 47.73
1377588320, 47.73
1377588325, 47.70
1377588330, 47.70
1377588335, 47.70
1377588340, 47.70
1377588345, 47.73
1377588350, 47.70
1377588355, 47.73
1377588360, 47.70
1377588365, 47.73
1377588370, 47.70
1377588375, 47.73
1377588380, 47.70
1377588385, 47.73
1377588390, 47.70
1377588395, 47.73
1377588400, 47.73
1377588405, 47.70
1377588410, 47.70
1377588415, 47.70
1377588420, 47.70
1377588425, 47.70
1377588430, 47.73
1377588435, 47.70
1377588440, 47.70
1377588445, 47.73
1377588450, 47.70
1377588455, 47.70
1377588460, 47.70
1377588465, 47.70
1377588470, 47.73
1377588475, 47.70
1377588480, 47.73
1377588485, 47.70
1377588490, 47.70
1377588495, 47.73
1377588500, 47.73
1377588505, 47.70
1377588510, 47.73
1377588515, 47.73
1377588520, 47.70
1377588525, 47.73
1377588530, 47.73
1377588535, 47.70
1377588540, 47.70
1377588545, 47.70
1377588550, 47.70
1377588555, 47.70
1377588560, 47.70
1377588565, 47.70
1377588570, 47.70
1377588575, 47.73
1377588580, 47.70
1377588585, 47.70
1377588590, 47.70
1377588595, 47.70
1377588600, 47.73
1377588605, 47.70
1377588610, 47.73
1377588615, 47.70
1377588620, 47.70
1377588625, 47.70
1377588630, 47.70
1377588635, 47.70
1377588640, 47.70
1377588645, 47.70
1377588650, 47.70
1377588655, 47.73
1377588660, 47.73
1377588665, 47.70
1377588670, 47.70
1377588675, 47.70
1377588680, 47.73
1377588685, 47.73
1377588690, 47.70
1377588695, 47.70
1377588700, 47.70
1377588705, 47.73
1377588710, 47.70
1377588715, 47.73
1377588720, 47.70
1377588725, 47.70
1377588730, 47.73
1377588735, 47.70
1377588740, 47.70
1377588745, 47.70
1377588750, 47.73
1377588755, 47.70
1377588760, 47.73
1377588765, 47.70
1377588770, 47.70
1377588775, 47.70
1377588780, 47.70
1377588785, 47.70
1377588791, 47.70
1377588795, 47.73
1377588800, 47.70
1377588805, 47.70
1377588810, 47.73
1377588815, 47.73
1377588820, 47.73
1377588825, 47.70
1377588830, 47.73
1377588835, 47.73
1377588840, 47.70
1377588845, 47.73
1377588850, 47.73
1377588855, 47.70
1377588860, 47.70
1377588865, 47.70
1377588870, 47.70
1377588875, 47.70
1377588880, 47.70
1377588885, 47.70
1377588890, 47.73
1377588895, 47.73
1377588900, 47.70
1377588905, 47.70
1377588910, 47.73
1377588915, 47.73
1377588920, 47.70
1377588925, 47.73
1377588930, 47.70
1377588935, 47.73
1377588940, 47.70
1377588945, 47.70
1377588950, 47.73
1377588955, 47.70
1377588960, 47.73
1377588965, 47.73
1377588970, 47.73
1377588975, 47.73
1377588980, 47.70
1377588985, 47.73
1377588990, 47.70
1377588995, 47.73
1377589000, 47.73
1377589005, 47.70
1377589010, 47.73
1377589015, 47.73
1377589020, 47.73
1377589025, 47.70
1377589030, 47.73
1377589035, 47.73
1377589040, 47.70
1377589045, 47.73
1377589050, 47.73
1377589055, 47.73
1377589060, 47.73
1377589065, 47.70
1377589070, 47.73
1377589075, 47.73
1377589080, 47.73
1377589085, 47.73
1377589090, 47.70
1377589095, 47.73
1377589100, 47.73
1377589105, 47.73
1377589110, 47.73
1377589115, 47.70
1377589120, 47.73
1377589125, 47.73
1377589130, 47.70
1377589135, 47.73
1377589140, 47.70
1377589145, 47.73
1377589150, 47.73
1377589155, 47.70
1377589160, 47.73
1377589165, 47.73
1377589170, 47.73
1377589175, 47.70
1377589180, 47.73
1377589185, 47.70
1377589190, 47.73
1377589195, 47.73
1377589200, 47.73
1377589205, 47.73
1377589210, 47.73
1377589215, 47.73
1377589220, 47.73
1377589225, 47.73
1377589230, 47.73
1377589235, 47.73
1377589240, 47.73
1377589245, 47.73
1377589250, 47.73
1377589255, 47.73
1377589260, 47.73
1377589265, 47.73
1377589270, 47.73
1377589275, 47.73
1377589280, 47.70
1377589285, 47.70
1377589290, 47.73
1377589295, 47.73
1377589300, 47.73
1377589305, 47.73
1377589310, 47.73
1377589315, 47.73
1377589320, 47.70
1377589325, 47.73
1377589330, 47.73
1377589335, 47.70
1377589340, 47.73
1377589345, 47.73
1377589350, 47.73
1377589355, 47.73
1377589360, 47.73
1377589365, 47.73
1377589370, 47.73
1377589375, 47.73
1377589380, 47.73
1377589385, 47.73
1377589390, 47.73
1377589395, 47.73
1377589400, 47.70
1377589405, 47.73
1377589410, 47.73
1377589415, 47.73
1377589420, 47.73
1377589425, 47.73
1377589430, 47.73
1377589435, 47.73
1377589440, 47.73
1377589445, 47.73
1377589450, 47.73
1377589455, 47.73
1377589460, 47.73
1377589465, 47.73
1377589470, 47.73
1377589475, 47.73
1377589480, 47.73
1377589485, 47.73
1377589490, 47.73
1377589495, 47.73
1377589500, 47.73
1377589505, 47.73
1377589510, 47.73
1377589515, 47.73
1377589520, 47.73
1377589525, 47.73
1377589530, 47.73
1377589535, 47.73
1377589540, 47.73
1377589545, 47.73
1377589550, 47.73
1377589555, 47.73
1377589560, 47.73
1377589565, 47.73
1377589570, 47.73
1377589575, 47.73
1377589580, 47.73
1377589585, 47.73
1377589590, 47.73
1377589595, 47.73
1377589600, 47.73
1377589605, 47.73
1377589610, 47.77
1377589619, 47.73
1377589620, 47.73
1377589625, 47.73
1377589630, 47.73
1377589635, 47.73
1377589640, 47.73
1377589645, 47.73
1377589650, 47.73
1377589655, 47.73
1377589660, 47.73
1377589665, 47.77
1377589670, 47.73
1377589675, 47.77
1377589680, 47.73
1377589685, 47.73
1377589690, 47.73
1377589695, 47.73
1377589700, 47.73
1377589705, 47.77
1377589710, 47.73
1377589715, 47.73
1377589720, 47.73
1377589725, 47.73
1377589730, 47.73
1377589735, 47.77
1377589740, 47.77
1377589745, 47.73
1377589750, 47.77
1377589755, 47.77
1377589760, 47.77
1377589765, 47.77
1377589770, 47.73
1377589775, 47.73
1377589780, 47.73
1377589785, 47.77
1377589790, 47.73
1377589795, 47.80
1377589800, 47.77
1377589805, 47.80
1377589810, 47.77
1377589815, 47.77
1377589820, 47.77
1377589825, 47.80
1377589830, 47.77
1377589835, 47.77
1377589840, 47.77
1377589845, 47.77
1377589850, 47.77
1377589855, 47.77
1377589860, 47.77
1377589865, 47.77
1377589870, 47.80
1377589875, 47.77
1377589880, 47.77
1377589885, 47.77
1377589890, 47.80
1377589895, 47.77
1377589900, 47.80
1377589905, 47.80
1377589910, 47.77
1377589915, 47.77
1377589920, 47.77
1377589925, 47.80
1377589930, 47.80
1377589935, 47.77
1377589940, 47.80
1377589945, 47.77
1377589950, 47.80
1377589955, 47.77
1377589960, 47.80
1377589965, 47.80
1377589970, 47.80
1377589975, 47.80
1377589980, 47.80
1377589985, 47.80
1377589990, 47.80
1377589995, 47.77
1377590000, 47.80
1377590005, 47.80
1377590010, 47.77
1377590015, 47.77
1377590020, 47.77
1377590025, 47.80
1377590030, 47.80
1377590035, 47.80
1377590040, 47.80
1377590045, 47.80
1377590050, 47.80
1377590055, 47.80
1377590060, 47.80
1377590065, 47.80
1377590070, 47.80
1377590075, 47.80
1377590080, 47.80
1377590085, 47.80
1377590090, 47.80
1377590095, 47.80
1377590100, 47.80
1377590105, 47.80
1377590110, 47.80
1377590115, 47.80
1377590120, 47.80
1377590125, 47.80
1377590130, 47.80
1377590135, 47.80
1377590140, 47.80
1377590145, 47.80
1377590150, 47.80
1377590155, 47.80
1377590160, 47.80
1377590165, 47.80
1377590170, 47.83
1377590175, 47.83
1377590180, 47.80
1377590185, 47.80
1377590190, 47.80
1377590195, 47.83
1377590200, 47.80
1377590205, 47.83
1377590210, 47.80
1377590215, 47.80
1377590220, 47.80
1377590225, 47.83
1377590230, 47.80
1377590235, 47.83
1377590240, 47.80
1377590245, 47.80
1377590250, 47.83
1377590255, 47.80
1377590260, 47.83
1377590265, 47.83
1377590270, 47.83
1377590275, 47.83
1377590280, 47.83
1377590285, 47.83
1377590290, 47.86
1377590295, 47.83
1377590300, 47.83
1377590305, 47.83
1377590310, 47.86
1377590315, 47.83
1377590320, 47.86
1377590325, 47.80
1377590330, 47.86
1377590335, 47.83
1377590340, 47.83
1377590345, 47.86
1377590350, 47.83
1377590355, 47.86
1377590360, 47.86
1377590365, 47.86
1377590370, 47.83
1377590375, 47.86
1377590380, 47.86
1377590385, 47.86
1377590390, 47.86
1377590395, 47.86
1377590400, 47.83
1377590405, 47.86
1377590410, 47.83
1377590415, 47.86
1377590420, 47.86
1377590425, 47.86
1377590430, 47.86
1377590435, 47.86
1377590440, 47.86
1377590445, 47.86
1377590450, 47.86
1377590455, 47.86
1377590463, 47.86
1377590465, 47.86
1377590470, 47.86
1377590475, 47.86
1377590480, 47.86
1377590485, 47.86
1377590490, 47.86
1377590495, 47.86
1377590500, 47.86
1377590505, 47.86
1377590510, 47.86
1377590515, 47.86
1377590520, 47.90
1377590525, 47.86
1377590530, 47.86
1377590535, 47.86
1377590540, 47.86
1377590545, 47.86
1377590550, 47.90
1377590555, 47.86
1377590560, 47.86
1377590565, 47.86
1377590570, 47.86
1377590575, 47.90
1377590580, 47.86
1377590585, 47.90
1377590590, 47.90
1377590595, 47.90
1377590600, 47.90
1377590605, 47.86
1377590610, 47.90
1377590615, 47.86
1377590620, 47.86
1377590625, 47.90
1377590630, 47.90
1377590635, 47.86
1377590640, 47.86
1377590645, 47.90
1377590650, 47.90
1377590655, 47.90
1377590660, 47.90
1377590665, 47.93
1377590670, 47.90
1377590675, 47.90
1377590680, 47.86
1377590685, 47.90
1377590690, 47.90
1377590695, 47.93
1377590700, 47.90
1377590705, 47.93
1377590710, 47.90
1377590715, 47.90
1377590720, 47.90
1377590725, 47.93
1377590730, 47.90
1377590735, 47.93
1377590740, 47.90
1377590745, 47.93
1377590750, 47.90
1377590755, 47.90
1377590760, 47.90
1377590765, 47.93
1377590770, 47.90
1377590775, 47.93
1377590780, 47.93
1377590785, 47.93
1377590790, 47.93
1377590795, 47.93
1377590800, 47.93
1377590805, 47.93
1377590810, 47.93
1377590815, 47.93
1377590820, 47.90
1377590825, 47.93
1377590830, 47.93
1377590835, 47.93
1377590840, 47.93
1377590845, 47.93
1377590850, 47.93
1377590855, 47.93
1377590860, 47.93
1377590865, 47.93
1377590870, 47.93
1377590875, 47.93
1377590880, 47.93
1377590885, 47.96
1377590890, 47.93
1377590895, 47.93
1377590900, 47.93
1377590905, 47.93
1377590910, 47.93
1377590915, 47.93
1377590920, 47.93
1377590925, 47.93
1377590930, 47.93
1377590935, 47.93
1377590940, 47.93
1377590945, 47.96
1377590950, 47.93
1377590955, 47.93
1377590960, 47.93
1377590965, 47.96
1377590970, 47.93
1377590975, 47.96
1377590980, 47.96
1377590985, 47.93
1377590990, 47.93
1377590995, 47.93
1377591000, 47.96
1377591005, 47.93
1377591010, 47.93
1377591015, 47.96
1377591020, 47.96
1377591025, 47.96
1377591030, 47.96
1377591035, 47.93
1377591040, 47.96
1377591045, 47.93
1377591050, 47.96
1377591055, 47.93
1377591060, 47.93
1377591065, 47.93
1377591070, 47.93
1377591075, 47.93
1377591080, 47.99
1377591085, 47.96
1377591090, 47.96
1377591095, 47.96
1377591100, 47.96
1377591105, 47.99
1377591110, 47.96
1377591115, 47.96
1377591120, 47.96
1377591125, 47.96
1377591130, 47.99
1377591135, 47.96
1377591140, 47.96
1377591145, 47.99
1377591150, 47.99
1377591155, 47.99
1377591160, 47.99
1377591165, 47.96
1377591170, 47.99
1377591175, 47.99
1377591180, 47.96
1377591185, 47.96
1377591190, 47.99
1377591195, 47.96
1377591200, 47.99
1377591205, 47.96
1377591210, 47.99
1377591215, 47.99
1377591220, 47.99
1377591225, 47.99
1377591230, 47.99
1377591235, 47.99
1377591240, 47.99
1377591245, 47.99
1377591250, 47.99
1377591255, 47.99
1377591260, 47.99
1377591265, 47.99
1377591270, 47.99
1377591275, 47.99
1377591280, 47.99
1377591285, 47.99
1377591290, 47.99
1377591295, 47.99
1377591300, 47.99
1377591305, 47.99
1377591310, 47.99
1377591316, 47.99
1377591320, 47.99
1377591325, 47.99
1377591330, 47.99
1377591335, 47.99
1377591340, 47.99
1377591345, 47.99
1377591350, 47.99
1377591355, 47.99
1377591360, 48.03
1377591365, 47.99
1377591370, 47.99
1377591375, 47.99
1377591380, 47.99
1377591385, 47.99
1377591390, 48.03
1377591395, 47.99
1377591400, 48.03
1377591405, 48.03
1377591410, 47.99
1377591415, 47.99
1377591420, 47.99
1377591425, 48.03
1377591430, 47.99
1377591435, 48.03
1377591440, 48.03
1377591445, 48.03
1377591450, 48.03
1377591455, 48.03
1377591460, 48.03
1377591465, 48.03
1377591470, 47.99
1377591475, 47.99
1377591480, 48.03
1377591485, 47.99
1377591490, 48.03
1377591495, 48.03
1377591500, 48.03
1377591505, 48.03
1377591510, 48.06
1377591515, 48.03
1377591520, 48.03
1377591525, 48.03
1377591530, 48.06
1377591535, 48.06
1377591540, 48.06
1377591545, 48.03
1377591550, 48.03
1377591555, 48.06
1377591560, 48.03
1377591565, 48.06
1377591570, 48.03
1377591575, 48.06
1377591580, 48.06
1377591585, 48.06
1377591590, 48.06
1377591595, 48.03
1377591600, 48.03
1377591605, 48.03
1377591610, 48.06
1377591615, 48.06
1377591620, 48.06
1377591625, 48.06
1377591630, 48.06
1377591635, 48.06
1377591640, 48.06
1377591645, 48.06
1377591650, 48.06
1377591655, 48.06
1377591660, 48.06
1377591665, 48.06
1377591670, 48.06
1377591675, 48.06
1377591680, 48.06
1377591685, 48.06
1377591690, 48.06
1377591695, 48.06
1377591700, 48.06
1377591705, 48.06
1377591710, 48.06
1377591715, 48.06
1377591720, 48.06
1377591725, 48.06
1377591730, 48.06
1377591735, 48.06
1377591740, 48.06
1377591745, 48.06
1377591750, 48.06
1377591755, 48.06
1377591760, 48.06
1377591765, 48.06
1377591770, 48.06
1377591775, 48.06
1377591780, 48.09
1377591785, 48.09
1377591790, 48.09
1377591795, 48.06
1377591800, 48.09
1377591805, 48.09
1377591810, 48.06
1377591815, 48.06
1377591820, 48.09
1377591825, 48.09
1377591830, 48.09
1377591835, 48.09
1377591840, 48.09
1377591845, 48.09
1377591850, 48.09
1377591855, 48.09
1377591860, 48.09
1377591865, 48.09
1377591870, 48.09
1377591875, 48.09
1377591880, 48.09
1377591885, 48.09
1377591890, 48.09
1377591895, 48.09
1377591900, 48.09
1377591905, 48.12
1377591910, 48.06
1377591915, 48.09
1377591920, 48.09
1377591925, 48.09
1377591930, 48.09
1377591935, 48.12
1377591940, 48.09
1377591945, 48.09
1377591950, 48.09
1377591955, 48.12
1377591960, 48.09
1377591965, 48.12
1377591970, 48.12
1377591975, 48.12
1377591980, 48.12
1377591985, 48.09
1377591990, 48.09
1377591995, 48.09
1377592000, 48.12
1377592005, 48.12
1377592010, 48.09
1377592015, 48.12
1377592020, 48.12
1377592025, 48.09
1377592030, 48.12
1377592035, 48.12
1377592040, 48.12
1377592045, 48.12
1377592050, 48.09
1377592055, 48.12
1377592060, 48.09
1377592065, 48.09
1377592070, 48.12
1377592075, 48.12
1377592080, 48.12
1377592085, 48.12
1377592090, 48.12
1377592095, 48.09
1377592100, 48.12
1377592105, 48.12
1377592110, 48.12
1377592115, 48.12
1377592120, 48.12
1377592125, 48.12
1377592130, 48.12
1377592135, 48.12
1377592140, 48.12
1377592145, 48.12
1377592150, 48.12
1377592159, 48.12
1377592160, 48.12
1377592165, 48.12
1377592170, 48.12
1377592175, 48.12
1377592180, 48.12
1377592185, 48.12
1377592190, 48.12
1377592195, 48.12
1377592200, 48.12
1377592205, 48.12
1377592210, 48.16
1377592215, 48.12
1377592220, 48.12
1377592225, 48.12
1377592230, 48.12
1377592235, 48.12
1377592240, 48.12
1377592245, 48.12
1377592250, 48.16
1377592255, 48.16
1377592260, 48.12
1377592265, 48.12
1377592270, 48.12
1377592275, 48.12
1377592280, 48.16
1377592285, 48.16
1377592290, 48.12
1377592295, 48.16
1377592300, 48.16
1377592305, 48.12
1377592310, 48.16
1377592315, 48.16
1377592320, 48.16
1377592325, 48.16
1377592330, 48.16
1377592335, 48.16
1377592340, 48.12
1377592345, 48.16
1377592350, 48.16
1377592355, 48.12
1377592360, 48.16
1377592365, 48.16
1377592370, 48.16
1377592375, 48.16
1377592380, 48.16
1377592385, 48.16
1377592390, 48.16
1377592395, 48.12
1377592400, 48.16
1377592405, 48.16
1377592410, 48.16
1377592415, 48.16
1377592420, 48.16
1377592425, 48.16
1377592430, 48.16
1377592435, 48.16
1377592440, 48.16
1377592445, 48.16
1377592450, 48.16
1377592455, 48.19
1377592460, 48.16
1377592465, 48.16
1377592470, 48.16
1377592475, 48.19
1377592480, 48.16
1377592485, 48.19
1377592490, 48.16
1377592495, 48.16
1377592500, 48.19
1377592505, 48.16
1377592510, 48.19
1377592515, 48.16
1377592520, 48.16
1377592525, 48.19
1377592530, 48.19
1377592535, 48.19
1377592540, 48.16
1377592545, 48.19
1377592550, 48.16
1377592555, 48.19
1377592560, 48.19
1377592565, 48.19
1377592570, 48.19
1377592575, 48.19
1377592580, 48.19
1377592585, 48.19
1377592590, 48.19
1377592595, 48.19
1377592600, 48.19
1377592605, 48.19
1377592610, 48.19
1377592615, 48.19
1377592620, 48.19
1377592625, 48.19
1377592630, 48.19
1377592635, 48.19
1377592640, 48.19
1377592645, 48.19
1377592650, 48.19
1377592655, 48.19
1377592660, 48.19
1377592665, 48.19
1377592670, 48.19
1377592675, 48.19
1377592680, 48.19
1377592685, 48.19
1377592690, 48.19
1377592695, 48.19
1377592700, 48.19
1377592705, 48.19
1377592710, 48.19
1377592715, 48.19
1377592720, 48.19
1377592725, 48.19
1377592730, 48.19
1377592735, 48.19
1377592740, 48.19
1377592745, 48.19
1377592750, 48.19
1377592755, 48.19
1377592760, 48.19
1377592765, 48.19
1377592770, 48.19
1377592775, 48.19
1377592780, 48.19
1377592785, 48.19
1377592790, 48.19
1377592795, 48.19
1377592800, 48.19
1377592805, 48.19
1377592810, 48.19
1377592815, 48.19
1377592820, 48.19
1377592825, 48.22
1377592830, 48.19
1377592835, 48.19
1377592840, 48.19
1377592845, 48.22
1377592850, 48.22
1377592855, 48.19
1377592860, 48.19
1377592865, 48.22
1377592870, 48.19
1377592875, 48.19
1377592880, 48.19
1377592885, 48.19
1377592890, 48.19
1377592895, 48.19
1377592900, 48.22
1377592905, 48.19
1377592910, 48.19
1377592915, 48.19
1377592920, 48.19
1377592925, 48.22
1377592930, 48.19
1377592935, 48.22
1377592940, 48.22
1377592945, 48.22
1377592950, 48.22
1377592955, 48.22
1377592960, 48.22
1377592965, 48.22
1377592970, 48.19
1377592975, 48.22
1377592980, 48.22
1377592985, 48.19
1377592990, 48.19
1377592995, 48.22
1377593000, 48.22
1377593005, 48.22
1377593010, 48.22
1377593015, 48.22
1377593020, 48.22
1377593029, 48.19
1377593030, 48.22
1377593035, 48.22
1377593040, 48.25
1377593045, 48.22
1377593050, 48.22
1377593055, 48.19
1377593060, 48.22
1377593065, 48.22
1377593070, 48.25
1377593075, 48.22
1377593080, 48.22
1377593085, 48.22
1377593090, 48.25
1377593095, 48.25
1377593100, 48.22
1377593105, 48.25
1377593110, 48.25
1377593115, 48.25
1377593120, 48.25
1377593125, 48.22
1377593130, 48.25
1377593135, 48.25
1377593140, 48.25
1377593145, 48.25
1377593150, 48.25
1377593155, 48.25
1377593160, 48.25
1377593165, 48.25
1377593170, 48.25
1377593175, 48.25
1377593180, 48.25
1377593185, 48.25
1377593190, 48.25
1377593195, 48.25
1377593200, 48.25
1377593205, 48.25
1377593210, 48.25
1377593215, 48.25
1377593220, 48.25
1377593225, 48.25
1377593230, 48.25
1377593235, 48.25
1377593240, 48.25
1377593245, 48.25
1377593250, 48.25
1377593255, 48.25
1377593260, 48.25
1377593265, 48.25
1377593270, 48.25
1377593275, 48.25
1377593280, 48.25
1377593285, 48.25
1377593290, 48.25
1377593295, 48.25
1377593300, 48.25
1377593305, 48.25
1377593310, 48.25
1377593315, 48.25
1377593320, 48.25
1377593325, 48.25
1377593330, 48.25
1377593335, 48.25
1377593340, 48.25
1377593345, 48.29
1377593350, 48.29
1377593355, 48.25
1377593360, 48.29
1377593365, 48.29
1377593370, 48.29
1377593375, 48.25
1377593380, 48.25
1377593385, 48.25
1377593390, 48.25
1377593395, 48.25
1377593400, 48.29
1377593405, 48.25
1377593410, 48.29
1377593415, 48.25
1377593420, 48.29
1377593425, 48.29
1377593430, 48.29
1377593435, 48.29
1377593440, 48.29
1377593445, 48.29
1377593450, 48.29
1377593455, 48.25
1377593460, 48.29
1377593465, 48.29
1377593470, 48.25
1377593475, 48.29
1377593480, 48.29
1377593485, 48.25
1377593490, 48.29
1377593495, 48.29
1377593500, 48.32
1377593505, 48.32
1377593510, 48.32
1377593515, 48.29
1377593520, 48.32
1377593525, 48.32
1377593530, 48.32
1377593535, 48.29
1377593540, 48.29
1377593545, 48.29
1377593550, 48.32
1377593555, 48.29
1377593560, 48.32
1377593565, 48.32
1377593570, 48.29
1377593575, 48.32
1377593580, 48.32
1377593585, 48.29
1377593590, 48.32
1377593595, 48.32
1377593600, 48.29
1377593605, 48.32
1377593610, 48.32
1377593615, 48.32
1377593620, 48.32
1377593625, 48.29
1377593630, 48.32
1377593635, 48.32
1377593640, 48.32
1377593645, 48.32
1377593650, 48.32
1377593655, 48.32
1377593660, 48.32
1377593665, 48.32
1377593670, 48.32
1377593675, 48.32
1377593680, 48.32
1377593685, 48.32
1377593690, 48.32
1377593695, 48.32
1377593700, 48.32
1377593705, 48.32
1377593710, 48.32
1377593715, 48.32
1377593720, 48.32
1377593725, 48.32
1377593730, 48.32
1377593735, 48.32
1377593740, 48.32
1377593745, 48.35
1377593750, 48.32
1377593755, 48.32
1377593760, 48.32
1377593765, 48.32
1377593770, 48.35
1377593775, 48.32
1377593780, 48.32
1377593785, 48.32
1377593790, 48.35
1377593795, 48.32
1377593800, 48.35
1377593805, 48.32
1377593810, 48.32
1377593815, 48.32
1377593820, 48.32
1377593825, 48.35
1377593830, 48.32
1377593835, 48.35
1377593840, 48.32
1377593845, 48.32
1377593853, 48.35
1377593855, 48.35
1377593860, 48.35
1377593865, 48.35
1377593870, 48.35
1377593875, 48.32
1377593880, 48.35
1377593885, 48.32
1377593890, 48.32
1377593895, 48.32
1377593900, 48.35
1377593905, 48.35
1377593910, 48.35
1377593915, 48.35
1377593920, 48.35
1377593925, 48.35
1377593930, 48.32
1377593935, 48.35
1377593940, 48.35
1377593945, 48.35
1377593950, 48.35
1377593955, 48.32
1377593960, 48.35
1377593965, 48.35
1377593970, 48.35
1377593975, 48.35
1377593980, 48.35
1377593985, 48.35
1377593990, 48.38
1377593995, 48.38
1377594000, 48.38
1377594005, 48.38
1377594010, 48.35
1377594015, 48.35
1377594020, 48.35
1377594025, 48.38
1377594030, 48.38
1377594035, 48.35
1377594040, 48.38
1377594045, 48.35
1377594050, 48.38
1377594055, 48.38
1377594060, 48.35
1377594065, 48.35
1377594070, 48.38
1377594075, 48.35
1377594080, 48.38
1377594085, 48.38
1377594090, 48.35
1377594095, 48.35
1377594100, 48.38
1377594105, 48.35
1377594110, 48.38
1377594115, 48.35
1377594120, 48.38
1377594125, 48.38
1377594130, 48.38
1377594135, 48.35
1377594140, 48.35
1377594145, 48.38
1377594150, 48.38
1377594155, 48.35
1377594160, 48.38
1377594165, 48.38
1377594170, 48.38
1377594175, 48.38
1377594180, 48.38
1377594185, 48.38
1377594190, 48.38
1377594195, 48.38
1377594200, 48.38
1377594205, 48.38
1377594210, 48.38
1377594215, 48.38
1377594220, 48.38
1377594225, 48.38
1377594230, 48.38
1377594235, 48.38
1377594240, 48.38
1377594245, 48.38
1377594250, 48.38
1377594255, 48.38
1377594260, 48.38
1377594265, 48.38
1377594270, 48.38
1377594275, 48.38
1377594280, 48.38
1377594285, 48.38
1377594290, 48.38
1377594295, 48.38
1377594300, 48.38
1377594305, 48.38
1377594310, 48.38
1377594315, 48.38
1377594320, 48.38
1377594325, 48.38
1377594330, 48.38
1377594335, 48.38
1377594340, 48.38
1377594345, 48.38
1377594350, 48.38
1377594355, 48.38
1377594360, 48.38
1377594365, 48.38
1377594370, 48.38
1377594375, 48.38
1377594380, 48.38
1377594385, 48.42
1377594390, 48.38
1377594395, 48.42
1377594400, 48.38
1377594405, 48.38
1377594410, 48.42
1377594415, 48.38
1377594420, 48.38
1377594425, 48.38
1377594430, 48.38
1377594435, 48.38
1377594440, 48.42
1377594445, 48.42
1377594450, 48.42
1377594455, 48.45
1377594460, 48.42
1377594465, 48.38
1377594470, 48.38
1377594475, 48.42
1377594480, 48.42
1377594485, 48.42
1377594490, 48.42
1377594495, 48.42
1377594500, 48.42
1377594505, 48.42
1377594510, 48.42
1377594515, 48.42
1377594520, 48.42
1377594525, 48.45
1377594530, 48.42
1377594535, 48.42
1377594540, 48.45
1377594545, 48.45
1377594550, 48.45
1377594555, 48.45
1377594560, 48.42
1377594565, 48.42
1377594570, 48.45
1377594575, 48.45
1377594580, 48.42
1377594585, 48.45
1377594590, 48.42
1377594595, 48.45
1377594600, 48.45
1377594605, 48.45
1377594610, 48.45
1377594615, 48.42
1377594620, 48.45
1377594625, 48.45
1377594630, 48.45
1377594635, 48.45
1377594640, 48.45
1377594645, 48.45
1377594650, 48.42
1377594655, 48.45
1377594660, 48.45
1377594665, 48.42
1377594674, 48.42
1377594675, 48.45
1377594680, 48.45
1377594685, 48.42
1377594690, 48.42
1377594695, 48.45
1377594700, 48.45
1377594705, 48.45
1377594710, 48.45
1377594715, 48.45
1377594720, 48.45
1377594725, 48.45
1377594730, 48.45
1377594735, 48.45
1377594740, 48.45
1377594745, 48.45
1377594750, 48.45
1377594755, 48.45
1377594760, 48.45
1377594765, 48.45
1377594770, 48.42
1377594775, 48.45
1377594780, 48.45
1377594785, 48.45
1377594790, 48.45
1377594795, 48.45
1377594800, 48.45
1377594805, 48.45
1377594810, 48.45
1377594815, 48.45
1377594820, 48.45
1377594825, 48.45
1377594830, 48.45
1377594835, 48.45
1377594840, 48.45
1377594845, 48.45
1377594850, 48.45
1377594855, 48.45
1377594860, 48.45
1377594865, 48.45
1377594870, 48.45
1377594875, 48.45
1377594880, 48.45
1377594885, 48.45
1377594890, 48.45
1377594895, 48.45
1377594900, 48.45
1377594905, 48.45
1377594910, 48.45
1377594915, 48.45
1377594920, 48.45
1377594925, 48.45
1377594930, 48.45
1377594935, 48.45
1377594940, 48.45
1377594945, 48.45
1377594950, 48.45
1377594955, 48.45
1377594960, 48.45
1377594965, 48.45
1377594970, 48.45
1377594975, 48.45
1377594980, 48.45
1377594985, 48.45
1377594990, 48.45
1377594995, 48.45
1377595000, 48.45
1377595005, 48.45
1377595010, 48.45
1377595015, 48.48
1377595020, 48.45
1377595025, 48.45
1377595030, 48.45
1377595035, 48.45
1377595040, 48.45
1377595045, 48.45
1377595050, 48.45
1377595055, 48.45
1377595060, 48.45
1377595065, 48.45
1377595070, 48.45
1377595075, 48.45
1377595080, 48.48
1377595085, 48.45
1377595090, 48.45
1377595095, 48.45
1377595100, 48.48
1377595105, 48.45
1377595110, 48.48
1377595115, 48.45
1377595120, 48.45
1377595125, 48.45
1377595130, 48.48
1377595135, 48.45
1377595140, 48.45
1377595145, 48.48
1377595150, 48.45
1377595155, 48.48
1377595160, 48.48
1377595165, 48.45
1377595170, 48.45
1377595175, 48.48
1377595180, 48.48
1377595185, 48.48
1377595190, 48.48
1377595195, 48.48
1377595200, 48.48
1377595205, 48.48
1377595210, 48.48
1377595215, 48.48
1377595220, 48.48
1377595225, 48.45
1377595230, 48.48
1377595235, 48.48
1377595240, 48.45
1377595245, 48.48
1377595250, 48.48
1377595255, 48.48
1377595260, 48.48
1377595265, 48.48
1377595270, 48.48
1377595275, 48.51
1377595280, 48.48
1377595285, 48.48
1377595290, 48.51
1377595295, 48.48
1377595300, 48.48
1377595305, 48.48
1377595310, 48.48
1377595315, 48.51
1377595320, 48.48
1377595325, 48.48
1377595330, 48.48
1377595335, 48.48
1377595340, 48.51
1377595345, 48.48
1377595350, 48.48
1377595355, 48.48
1377595360, 48.48
1377595365, 48.48
1377595370, 48.48
1377595375, 48.48
1377595380, 48.48
1377595385, 48.51
1377595390, 48.51
1377595395, 48.51
1377595400, 48.48
1377595405, 48.51
1377595410, 48.51
1377595415, 48.48
1377595420, 48.48
1377595425, 48.48
1377595430, 48.48
1377595435, 48.48
1377595440, 48.48
1377595445, 48.51
1377595450, 48.48
1377595455, 48.48
1377595460, 48.51
1377595465, 48.51
1377595470, 48.51
1377595475, 48.51
1377595480, 48.51
1377595485, 48.51
1377595490, 48.48
1377595495, 48.51
1377595500, 48.51
1377595505, 48.51
1377595510, 48.51
1377595515, 48.51
1377595520, 48.51
1377595525, 48.51
1377595537, 48.48
1377595540, 48.51
1377595545, 48.51
1377595550, 48.51
1377595555, 48.51
1377595560, 48.51
1377595565, 48.51
1377595570, 48.51
1377595575, 48.51
1377595580, 48.51
1377595585, 48.51
1377595590, 48.48
1377595595, 48.51
1377595600, 48.51
1377595605, 48.51
1377595610, 48.51
1377595615, 48.51
1377595620, 48.51
1377595625, 48.51
1377595630, 48.51
1377595635, 48.51
1377595640, 48.51
1377595645, 48.51
1377595650, 48.51
1377595655, 48.51
1377595660, 48.51
1377595665, 48.51
1377595670, 48.51
1377595675, 48.51
1377595680, 48.51
1377595685, 48.51
1377595690, 48.51
1377595695, 48.51
1377595700, 48.51
1377595705, 48.51
1377595710, 48.51
1377595715, 48.51
1377595720, 48.51
1377595725, 48.51
1377595730, 48.51
1377595735, 48.51
1377595740, 48.51
1377595745, 48.51
1377595750, 48.51
1377595755, 48.51
1377595760, 48.51
1377595765, 48.48
1377595770, 48.51
1377595775, 48.51
1377595780, 48.51
1377595785, 48.51
1377595790, 48.51
1377595795, 48.51
1377595800, 48.51
1377595805, 48.51
1377595810, 48.51
1377595815, 48.51
1377595820, 48.51
1377595825, 48.51
1377595830, 48.51
1377595835, 48.51
1377595840, 48.51
1377595845, 48.51
1377595850, 48.51
1377595855, 48.48
1377595860, 48.51
1377595865, 48.51
1377595870, 48.51
1377595875, 48.51
1377595880, 48.51
1377595885, 48.51
1377595890, 48.48
1377595895, 48.51
1377595900, 48.51
1377595905, 48.48
1377595910, 48.51
1377595915, 48.51
1377595920, 48.48
1377595925, 48.51
1377595930, 48.48
1377595935, 48.51
1377595940, 48.51
1377595945, 48.51
1377595950, 48.51
1377595955, 48.48
1377595960, 48.51
1377595965, 48.51
1377595970, 48.51
1377595975, 48.51
1377595980, 48.51
1377595985, 48.51
1377595990, 48.51
1377595995, 48.51
1377596000, 48.48
1377596005, 48.51
1377596010, 48.51
1377596015, 48.51
1377596020, 48.51
1377596025, 48.51
1377596030, 48.51
1377596035, 48.51
1377596040, 48.48
1377596045, 48.48
1377596050, 48.51
1377596055, 48.51
1377596060, 48.51
1377596065, 48.51
1377596070, 48.51
1377596075, 48.51
1377596080, 48.51
1377596085, 48.51
1377596090, 48.51
1377596095, 48.48
1377596100, 48.51
1377596105, 48.51
1377596110, 48.51
1377596115, 48.51
1377596120, 48.48
1377596125, 48.48
1377596130, 48.51
1377596135, 48.51
1377596140, 48.51
1377596145, 48.51
1377596150, 48.51
1377596155, 48.51
1377596160, 48.48
1377596165, 48.51
1377596170, 48.51
1377596175, 48.51
1377596180, 48.51
1377596185, 48.51
1377596190, 48.51
1377596195, 48.48
1377596200, 48.51
1377596205, 48.51
1377596210, 48.51
1377596215, 48.48
1377596220, 48.51
1377596225, 48.51
1377596230, 48.51
1377596235, 48.48
1377596240, 48.51
1377596245, 48.51
1377596250, 48.51
1377596255, 48.51
1377596260, 48.51
1377596265, 48.51
1377596270, 48.48
1377596275, 48.51
1377596280, 48.48
1377596285, 48.51
1377596290, 48.51
1377596295, 48.51
1377596300, 48.51
1377596305, 48.48
1377596310, 48.48
1377596315, 48.51
1377596320, 48.48
1377596325, 48.51
1377596330, 48.51
1377596335, 48.51
1377596340, 48.51
1377596345, 48.51
1377596350, 48.48
1377596355, 48.48
1377596360, 48.48
1377596365, 48.51
1377596370, 48.51
1377596375, 48.51
1377596380, 48.51
1377596385, 48.51
1377596390, 48.48
1377596398, 48.51
1377596400, 48.51
1377596405, 48.51
1377596410, 48.51
1377596415, 48.51
1377596420, 48.51
1377596425, 48.51
1377596430, 48.51
1377596435, 48.51
1377596440, 48.51
1377596445, 48.48
1377596450, 48.51
1377596455, 48.48
1377596460, 48.51
1377596465, 48.48
1377596470, 48.51
1377596475, 48.51
1377596480, 48.51
1377596485, 48.51
1377596490, 48.51
1377596495, 48.48
1377596500, 48.51
1377596505, 48.51
1377596510, 48.51
1377596515, 48.51
1377596520, 48.48
1377596525, 48.51
1377596530, 48.48
1377596535, 48.48
1377596540, 48.48
1377596545, 48.48
1377596550, 48.51
1377596555, 48.51
1377596560, 48.51
1377596565, 48.51
1377596570, 48.48
1377596575, 48.48
1377596580, 48.51
1377596585, 48.51
1377596590, 48.51
1377596595, 48.51
1377596600, 48.51
1377596605, 48.51
1377596610, 48.48
1377596615, 48.51
1377596620, 48.51
1377596625, 48.51
1377596630, 48.51
1377596635, 48.48
1377596640, 48.51
1377596645, 48.48
1377596650, 48.51
1377596655, 48.51
1377596660, 48.48
1377596665, 48.48
1377596670, 48.51
1377596675, 48.51
1377596680, 48.51
1377596685, 48.51
1377596690, 48.48
1377596695, 48.51
1377596700, 48.51
1377596705, 48.48
1377596710, 48.51
1377596715, 48.48
1377596720, 48.51
1377596725, 48.48
1377596730, 48.48
1377596735, 48.48
1377596740, 48.48
1377596745, 48.48
1377596750, 48.51
1377596755, 48.48
1377596760, 48.48
1377596765, 48.48
1377596770, 48.48
1377596775, 48.48
1377596780, 48.48
1377596785, 48.48
1377596790, 48.48
1377596795, 48.48
1377596800, 48.48
1377596805, 48.48
1377596810, 48.48
1377596815, 48.48
1377596820, 48.48
1377596825, 48.45
1377596830, 48.48
1377596835, 48.48
1377596840, 48.51
1377596845, 48.48
1377596850, 48.48
1377596855, 48.48
1377596860, 48.48
1377596865, 48.45
1377596870, 48.48
1377596875, 48.48
1377596880, 48.48
1377596885, 48.48
1377596890, 48.45
1377596895, 48.45
1377596900, 48.45
1377596905, 48.45
1377596910, 48.45
1377596915, 48.45
1377596920, 48.45
1377596925, 48.45
1377596930, 48.48
1377596935, 48.48
1377596940, 48.45
1377596945, 48.45
1377596950, 48.48
1377596955, 48.45
1377596960, 48.45
1377596965, 48.45
1377596970, 48.45
1377596975, 48.45
1377596980, 48.45
1377596985, 48.48
1377596990, 48.45
1377596995, 48.45
1377597000, 48.45
1377597005, 48.45
1377597010, 48.45
1377597015, 48.45
1377597020, 48.45
1377597025, 48.45
1377597030, 48.45
1377597035, 48.45
1377597040, 48.45
1377597045, 48.45
1377597050, 48.45
1377597055, 48.45
1377597060, 48.45
1377597065, 48.45
1377597070, 48.45
1377597075, 48.45
1377597080, 48.45
1377597085, 48.45
1377597090, 48.45
1377597095, 48.42
1377597100, 48.42
1377597105, 48.45
1377597110, 48.45
1377597115, 48.45
1377597120, 48.42
1377597125, 48.45
1377597130, 48.45
1377597135, 48.42
1377597140, 48.42
1377597145, 48.42
1377597150, 48.45
1377597155, 48.42
1377597160, 48.45
1377597165, 48.42
1377597170, 48.45
1377597175, 48.42
1377597180, 48.42
1377597185, 48.42
1377597190, 48.42
1377597195, 48.42
1377597200, 48.42
1377597205, 48.42
1377597210, 48.42
1377597215, 48.42
1377597220, 48.45
1377597225, 48.38
1377597230, 48.42
1377597235, 48.42
1377597240, 48.38
1377597245, 48.42
1377597250, 48.38
1377597260, 48.42
1377597265, 48.42
1377597270, 48.38
1377597275, 48.42
1377597280, 48.38
1377597285, 48.42
1377597290, 48.38
1377597295, 48.42
1377597300, 48.38
1377597305, 48.38
1377597310, 48.38
1377597315, 48.38
1377597320, 48.38
1377597325, 48.38
1377597330, 48.42
1377597335, 48.38
1377597340, 48.38
1377597345, 48.38
1377597350, 48.38
1377597355, 48.38
1377597360, 48.38
1377597365, 48.38
1377597370, 48.38
1377597375, 48.38
1377597380, 48.38
1377597385, 48.38
1377597390, 48.38
1377597395, 48.38
1377597400, 48.38
1377597405, 48.38
1377597410, 48.38
1377597415, 48.38
1377597420, 48.38
1377597425, 48.38
1377597430, 48.38
1377597435, 48.38
1377597440, 48.38
1377597445, 48.38
1377597450, 48.38
1377597455, 48.38
1377597460, 48.38
1377597465, 48.38
1377597470, 48.38
1377597475, 48.38
1377597480, 48.38
1377597485, 48.38
1377597490, 48.38
1377597495, 48.35
1377597500, 48.38
1377597505, 48.38
1377597510, 48.35
1377597515, 48.38
1377597520, 48.38
1377597525, 48.35
1377597530, 48.35
1377597535, 48.38
1377597540, 48.38
1377597545, 48.35
1377597550, 48.35
1377597555, 48.35
1377597560, 48.38
1377597565, 48.35
1377597570, 48.38
1377597575, 48.35
1377597580, 48.38
1377597585, 48.35
1377597590, 48.35
1377597595, 48.35
1377597600, 48.35
1377597605, 48.35
1377597610, 48.32
1377597615, 48.35
1377597620, 48.32
1377597625, 48.32
1377597630, 48.35
1377597635, 48.32
1377597640, 48.32
1377597645, 48.32
1377597650, 48.32
1377597655, 48.32
1377597660, 48.32
1377597665, 48.32
1377597670, 48.32
1377597675, 48.32
1377597680, 48.32
1377597685, 48.32
1377597690, 48.32
1377597695, 48.32
1377597700, 48.32
1377597705, 48.32
1377597710, 48.32
1377597715, 48.32
1377597720, 48.32
1377597725, 48.32
1377597730, 48.32
1377597735, 48.32
1377597740, 48.32
1377597745, 48.29
1377597750, 48.32
1377597755, 48.32
1377597765, 48.32
1377597770, 48.29
1377597775, 48.32
1377597780, 48.29
1377597785, 48.29
1377597790, 48.29
1377597795, 48.29
1377597800, 48.29
1377597805, 48.29
1377597810, 48.29
1377597815, 48.29
1377597820, 48.29
1377597825, 48.29
1377597830, 48.29
1377597835, 48.25
1377597840, 48.29
1377597845, 48.25
1377597850, 48.25
1377597855, 48.29
1377597860, 48.29
1377597865, 48.29
1377597870, 48.25
1377597875, 48.25
1377597880, 48.25
1377597885, 48.25
1377597890, 48.22
1377597895, 48.25
1377597900, 48.25
1377597905, 48.25
1377597910, 48.25
1377597915, 48.25
1377597920, 48.22
1377597925, 48.25
1377597930, 48.22
1377597935, 48.22
1377597940, 48.25
1377597945, 48.22
1377597950, 48.25
1377597955, 48.22
1377597960, 48.22
1377597966, 48.25
1377597970, 48.22
1377597975, 48.22
1377597980, 48.22
1377597985, 48.22
1377597990, 48.22
1377597995, 48.19
1377598000, 48.22
1377598005, 48.19
1377598010, 48.22
1377598015, 48.19
1377598020, 48.19
1377598025, 48.19
1377598030, 48.19
1377598035, 48.19
1377598040, 48.19
1377598045, 48.19
1377598050, 48.19
1377598055, 48.19
1377598060, 48.19
1377598065, 48.19
1377598070, 48.19
1377598075, 48.19
1377598080, 48.19
1377598085, 48.19
1377598090, 48.19
1377598095, 48.19
1377598100, 48.19
1377598105, 48.19
1377598110, 48.16
1377598115, 48.19
1377598120, 48.16
1377598125, 48.16
1377598134, 48.19
1377598135, 48.19
1377598140, 48.16
1377598145, 48.19
1377598150, 48.19
1377598155, 48.16
1377598160, 48.16
1377598165, 48.16
1377598170, 48.16
1377598175, 48.16
1377598180, 48.16
1377598185, 48.16
1377598190, 48.16
1377598195, 48.16
1377598200, 48.16
1377598205, 48.12
1377598210, 48.16
1377598215, 48.16
1377598220, 48.12
1377598225, 48.12
1377598230, 48.12
1377598235, 48.12
1377598240, 48.12
1377598245, 48.12
1377598250, 48.12
1377598255, 48.12
1377598260, 48.12
1377598265, 48.12
1377598270, 48.12
1377598275, 48.12
1377598280, 48.12
1377598285, 48.12
1377598290, 48.12
1377598295, 48.12
1377598300, 48.09
1377598305, 48.12
1377598310, 48.09
1377598315, 48.09
1377598320, 48.09
1377598325, 48.12
1377598330, 48.09
1377598335, 48.09
1377598340, 48.09
1377598345, 48.06
1377598350, 48.06
1377598355, 48.09
1377598360, 48.06
1377598365, 48.09
1377598370, 48.06
1377598375, 48.06
1377598380, 48.06
1377598385, 48.06
1377598390, 48.06
1377598395, 48.06
1377598400, 48.06
1377598405, 48.06
1377598410, 48.06
1377598415, 48.06
1377598420, 48.06
1377598425, 48.06
1377598430, 48.03
1377598435, 48.06
1377598440, 48.06
1377598445, 48.06
1377598450, 48.03
1377598455, 48.06
1377598460, 48.03
1377598465, 48.03
1377598470, 48.06
1377598475, 48.03
1377598480, 48.06
1377598485, 47.99
1377598490, 48.03
1377598495, 48.03
1377598500, 47.99
1377598505, 47.99
1377598510, 48.03
1377598515, 48.03
1377598520, 47.99
1377598525, 47.99
1377598530, 47.99
1377598535, 47.99
1377598540, 47.99
1377598545, 47.99
1377598550, 47.99
1377598555, 48.03
1377598560, 47.99
1377598565, 47.99
1377598570, 47.99
1377598575, 47.99
1377598580, 47.99
1377598585, 47.99
1377598590, 47.99
1377598595, 47.99
1377598600, 47.99
1377598605, 47.99
1377598610, 47.99
1377598615, 47.99
1377598620, 47.99
1377598625, 47.99
1377598630, 47.99
1377598635, 47.96
1377598640, 47.96
1377598645, 47.99
1377598650, 47.96
1377598655, 47.96
1377598660, 47.96
1377598665, 47.96
1377598670, 47.96
1377598675, 47.93
1377598680, 47.96
1377598685, 47.96
1377598690, 47.96
1377598695, 47.93
1377598700, 47.93
1377598705, 47.93
1377598710, 47.93
1377598715, 47.93
1377598720, 47.93
1377598725, 47.93
1377598730, 47.93
1377598735, 47.93
1377598740, 47.93
1377598745, 47.93
1377598750, 47.93
1377598755, 47.93
1377598760, 47.93
1377598765, 47.93
1377598770, 47.90
1377598775, 47.90
1377598780, 47.90
1377598785, 47.93
1377598790, 47.93
1377598795, 47.90
1377598800, 47.90
1377598805, 47.90
1377598810, 47.90
1377598815, 47.90
1377598820, 47.90
1377598825, 47.90
1377598830, 47.90
1377598835, 47.86
1377598840, 47.86
1377598845, 47.86
1377598850, 47.86
1377598855, 47.90
1377598860, 47.86
1377598865, 47.86
1377598870, 47.86
1377598875, 47.86
1377598880, 47.86
1377598885, 47.86
1377598890, 47.86
1377598895, 47.86
1377598900, 47.86
1377598905, 47.83
1377598910, 47.86
1377598915, 47.83
1377598920, 47.86
1377598925, 47.86
1377598930, 47.86
1377598935, 47.83
1377598940, 47.83
1377598945, 47.83
1377598950, 47.86
1377598955, 47.86
1377598960, 47.83
1377598965, 47.83
1377598970, 47.83
1377598975, 47.83
1377598980, 47.83
1377598985, 47.83
1377598990, 47.80
1377598995, 47.80
1377599000, 47.80
1377599005, 47.83
1377599010, 47.83
1377599018, 47.83
1377599020, 47.83
1377599025, 47.80
1377599030, 47.80
1377599035, 47.83
1377599040, 47.80
1377599045, 47.80
1377599050, 47.80
1377599055, 47.80
1377599060, 47.80
1377599065, 47.80
1377599070, 47.80
1377599075, 47.80
1377599080, 47.80
1377599085, 47.80
1377599090, 47.80
1377599095, 47.80
1377599100, 47.80
1377599105, 47.77
1377599110, 47.77
1377599115, 47.80
1377599120, 47.77
1377599125, 47.80
1377599130, 47.77
1377599135, 47.77
1377599140, 47.77
1377599145, 47.77
1377599150, 47.77
1377599155, 47.77
1377599160, 47.77
1377599165, 47.77
1377599170, 47.73
1377599175, 47.73
1377599180, 47.73
1377599185, 47.73
1377599190, 47.73
1377599195, 47.73
1377599200, 47.77
1377599205, 47.73
1377599210, 47.73
1377599215, 47.73
1377599220, 47.73
1377599225, 47.73
1377599230, 47.73
1377599235, 47.73
1377599240, 47.73
1377599245, 47.73
1377599250, 47.73
1377599255, 47.73
1377599260, 47.73
1377599265, 47.70
1377599270, 47.73
1377599275, 47.73
1377599280, 47.70
1377599285, 47.73
1377599290, 47.73
1377599295, 47.70
1377599300, 47.70
1377599305, 47.70
1377599310, 47.73
1377599315, 47.70
1377599320, 47.73
1377599325, 47.70
1377599330, 47.70
1377599335, 47.67
1377599340, 47.70
1377599345, 47.67
1377599350, 47.67
1377599355, 47.67
1377599360, 47.67
1377599365, 47.67
1377599370, 47.67
1377599375, 47.67
1377599380, 47.67
1377599385, 47.67
1377599390, 47.67
1377599395, 47.67
1377599400, 47.67
1377599405, 47.67
1377599410, 47.67
1377599415, 47.67
1377599420, 47.67
1377599425, 47.67
1377599430, 47.67
1377599435, 47.67
1377599440, 47.64
1377599445, 47.67
1377599450, 47.67
1377599455, 47.67
1377599460, 47.60
1377599465, 47.67
1377599470, 47.64
1377599475, 47.64
1377599480, 47.64
1377599485, 47.60
1377599490, 47.64
1377599495, 47.60
1377599500, 47.60
1377599505, 47.60
1377599510, 47.60
1377599515, 47.60
1377599520, 47.60
1377599525, 47.60
1377599530, 47.60
1377599535, 47.60
1377599540, 47.60
1377599545, 47.60
1377599550, 47.60
1377599555, 47.60
1377599560, 47.60
1377599565, 47.60
1377599570, 47.60
1377599575, 47.60
1377599580, 47.57
1377599585, 47.60
1377599590, 47.57
1377599595, 47.57
1377599600, 47.57
1377599605, 47.60
1377599610, 47.57
1377599615, 47.57
1377599620, 47.57
1377599625, 47.57
1377599630, 47.57
1377599635, 47.54
1377599640, 47.54
1377599645, 47.54
1377599650, 47.54
1377599655, 47.54
1377599660, 47.54
1377599665, 47.54
1377599670, 47.54
1377599675, 47.54
1377599680, 47.54
1377599685, 47.54
1377599690, 47.54
1377599695, 47.54
1377599700, 47.54
1377599705, 47.54
1377599710, 47.54
1377599715, 47.54
1377599720, 47.54
1377599725, 47.51
1377599730, 47.54
1377599735, 47.54
1377599740, 47.54
1377599745, 47.51
1377599750, 47.51
1377599755, 47.51
1377599760, 47.51
1377599765, 47.51
1377599770, 47.54
1377599775, 47.47
1377599780, 47.51
1377599785, 47.51
1377599790, 47.47
1377599795, 47.51
1377599800, 47.47
1377599805, 47.47
1377599810, 47.47
1377599815, 47.47
1377599820, 47.47
1377599825, 47.47
1377599830, 47.47
1377599835, 47.47
1377599840, 47.47
1377599845, 47.47
1377599850, 47.47
1377599855, 47.47
1377599860, 47.47
1377599865, 47.47
1377599870, 47.47
1377599877, 47.47
1377599880, 47.44
1377599885, 47.47
1377599890, 47.47
1377599895, 47.44
1377599900, 47.44
1377599905, 47.44
1377599910, 47.44
1377599915, 47.44
1377599920, 47.41
1377599925, 47.44
1377599930, 47.41
1377599935, 47.41
1377599940, 47.44
1377599945, 47.41
1377599950, 47.44
1377599955, 47.41
1377599960, 47.41
1377599965, 47.41
1377599970, 47.41
1377599975, 47.41
1377599980, 47.41
1377599985, 47.41
1377599990, 47.41
1377599995, 47.41
1377600000, 47.41
1377600005, 47.41
1377600010, 47.38
1377600015, 47.41
1377600020, 47.41
1377600025, 47.41
1377600030, 47.41
1377600035, 47.38
1377600040, 47.38
1377600045, 47.38
1377600050, 47.38
1377600055, 47.38
1377600060, 47.38
1377600065, 47.34
1377600070, 47.38
1377600076, 47.38
1377600080, 47.34
1377600085, 47.34
1377600090, 47.34
1377600095, 47.38
1377600100, 47.34
1377600105, 47.34
1377600110, 47.34
1377600115, 47.34
1377600120, 47.31
1377600125, 47.34
1377600130, 47.34
1377600135, 47.31
1377600140, 47.34
1377600145, 47.34
1377600150, 47.34
1377600155, 47.34
1377600160, 47.31
1377600165, 47.34
1377600170, 47.34
1377600175, 47.31
1377600180, 47.31
1377600185, 47.31
1377600190, 47.31
1377600195, 47.31
1377600200, 47.31
1377600205, 47.28
1377600210, 47.31
1377600215, 47.31
1377600220, 47.31
1377600225, 47.28
1377600230, 47.28
1377600235, 47.28
1377600240, 47.28
1377600245, 47.28
1377600250, 47.28
1377600255, 47.28
1377600260, 47.24
1377600265, 47.28
1377600270, 47.24
1377600275, 47.28
1377600280, 47.28
1377600285, 47.28
1377600290, 47.28
1377600295, 47.24
1377600300, 47.28
1377600305, 47.24
1377600310, 47.24
1377600315, 47.24
1377600320, 47.24
1377600325, 47.24
1377600330, 47.24
1377600335, 47.21
1377600340, 47.21
1377600345, 47.21
1377600350, 47.21
1377600355, 47.21
1377600360, 47.21
1377600365, 47.21
1377600370, 47.21
1377600375, 47.21
1377600380, 47.21
1377600385, 47.21
1377600390, 47.21
1377600395, 47.21
1377600400, 47.21
1377600405, 47.21
1377600410, 47.21
1377600415, 47.18
1377600420, 47.21
1377600425, 47.21
1377600430, 47.18
1377600435, 47.18
1377600440, 47.21
1377600445, 47.18
1377600450, 47.21
1377600455, 47.18
1377600460, 47.18
1377600465, 47.18
1377600470, 47.18
1377600475, 47.18
1377600480, 47.18
1377600485, 47.15
1377600490, 47.18
1377600495, 47.18
1377600500, 47.15
1377600505, 47.15
1377600510, 47.15
1377600515, 47.15
1377600520, 47.15
1377600525, 47.15
1377600530, 47.15
1377600535, 47.15
1377600540, 47.15
1377600545, 47.15
1377600550, 47.15
1377600555, 47.15
1377600560, 47.15
1377600565, 47.15
1377600570, 47.15
1377600575, 47.15
1377600580, 47.11
1377600585, 47.11
1377600590, 47.11
1377600595, 47.11
1377600600, 47.11
1377600605, 47.11
1377600610, 47.08
1377600615, 47.11
1377600620, 47.11
1377600625, 47.08
1377600630, 47.08
1377600635, 47.08
1377600640, 47.08
1377600645, 47.08
1377600650, 47.08
1377600655, 47.08
1377600660, 47.08
1377600665, 47.08
1377600670, 47.08
1377600675, 47.08
1377600680, 47.08
1377600685, 47.08
1377600695, 47.05
1377600700, 47.05
1377600705, 47.05
1377600710, 47.05
1377600715, 47.05
1377600720, 47.02
1377600725, 47.05
1377600730, 47.02
1377600735, 47.05
1377600740, 47.05
1377600745, 47.05
1377600750, 47.05
1377600755, 47.02
1377600760, 47.02
1377600765, 47.05
1377600770, 47.02
1377600775, 47.02
1377600780, 47.02
1377600785, 47.02
1377600790, 47.02
1377600795, 47.02
1377600800, 47.02
1377600805, 46.98
1377600810, 47.02
1377600815, 47.02
1377600820, 47.02
1377600825, 46.98
1377600830, 47.02
1377600835, 47.02
1377600840, 46.98
1377600845, 46.98
1377600850, 46.98
1377600855, 46.98
1377600860, 46.95
1377600865, 46.98
1377600870, 46.95
1377600875, 46.98
1377600880, 46.98
1377600885, 46.98
1377600890, 46.95
1377600895, 46.95
1377600900, 46.95
1377600905, 46.95
1377600910, 46.95
1377600915, 46.95
1377600920, 46.95
1377600925, 46.95
1377600930, 46.95
1377600935, 46.95
1377600940, 46.95
1377600945, 46.95
1377600950, 46.95
1377600955, 46.95
1377600960, 46.95
1377600965, 46.92
1377600970, 46.95
1377600975, 46.95
1377600980, 46.92
1377600985, 46.95
1377600990, 46.92
1377600995, 46.92
1377601000, 46.92
1377601005, 46.89
1377601010, 46.92
1377601015, 46.92
1377601020, 46.89
1377601025, 46.89
1377601030, 46.89
1377601035, 46.89
1377601040, 46.89
1377601045, 46.89
1377601050, 46.89
1377601055, 46.89
1377601060, 46.85
1377601065, 46.85
1377601070, 46.89
1377601075, 46.85
1377601080, 46.85
1377601085, 46.85
1377601090, 46.89
1377601095, 46.85
1377601100, 46.85
1377601105, 46.85
1377601110, 46.85
1377601115, 46.82
1377601120, 46.82
1377601125, 46.82
1377601130, 46.82
1377601135, 46.82
1377601140, 46.82
1377601145, 46.82
1377601150, 46.82
1377601155, 46.82
1377601160, 46.82
1377601165, 46.82
1377601170, 46.82
1377601175, 46.82
1377601180, 46.82
1377601185, 46.82
1377601190, 46.82
1377601195, 46.79
1377601200, 46.75
1377601205, 46.82
1377601210, 46.82
1377601215, 46.79
1377601220, 46.79
1377601225, 46.82
1377601230, 46.79
1377601235, 46.79
1377601240, 46.79
1377601245, 46.79
1377601250, 46.75
1377601255, 46.79
1377601260, 46.75
1377601265, 46.75
1377601270, 46.75
1377601275, 46.75
1377601280, 46.75
1377601285, 46.75
1377601290, 46.75
1377601295, 46.75
1377601300, 46.75
1377601305, 46.75
1377601310, 46.75
1377601315, 46.72
1377601320, 46.75
1377601325, 46.75
1377601330, 46.75
1377601335, 46.72
1377601340, 46.72
1377601345, 46.72
1377601350, 46.72
1377601355, 46.72
1377601360, 46.72
1377601365, 46.72
1377601370, 46.69
1377601375, 46.69
1377601380, 46.72
1377601385, 46.72
1377601390, 46.69
1377601395, 46.69
1377601400, 46.69
1377601405, 46.69
1377601410, 46.69
1377601415, 46.69
1377601420, 46.69
1377601425, 46.69
1377601430, 46.69
1377601435, 46.69
1377601440, 46.69
1377601445, 46.66
1377601450, 46.69
1377601455, 46.66
1377601460, 46.69
1377601465, 46.69
1377601470, 46.66
1377601475, 46.69
1377601480, 46.66
1377601485, 46.66
1377601490, 46.66
1377601495, 46.66
1377601500, 46.62
1377601505, 46.62
1377601510, 46.66
1377601515, 46.66
1377601520, 46.62
1377601525, 46.62
1377601530, 46.62
1377601535, 46.62
1377601540, 46.62
1377601545, 46.62
1377601555, 46.62
1377601560, 46.62
1377601565, 46.62
1377601570, 46.62
1377601575, 46.62
1377601580, 46.62
1377601585, 46.59
1377601590, 46.62
1377601595, 46.59
1377601600, 46.62
1377601605, 46.62
1377601610, 46.59
1377601615, 46.59
1377601620, 46.56
1377601625, 46.59
1377601630, 46.56
1377601635, 46.56
1377601640, 46.59
1377601645, 46.59
1377601650, 46.59
1377601655, 46.56
1377601660, 46.56
1377601665, 46.56
1377601670, 46.56
1377601675, 46.56
1377601680, 46.56
1377601685, 46.56
1377601690, 46.56
1377601695, 46.56
1377601700, 46.56
1377601705, 46.56
1377601710, 46.56
1377601715, 46.56
1377601720, 46.56
1377601725, 46.56
1377601730, 46.56
1377601735, 46.56
1377601740, 46.52
1377601745, 46.56
1377601750, 46.52
1377601755, 46.49
1377601760, 46.52
1377601765, 46.52
1377601770, 46.49
1377601775, 46.49
1377601780, 46.49
1377601785, 46.49
1377601790, 46.52
1377601795, 46.49
1377601800, 46.49
1377601805, 46.49
1377601810, 46.49
1377601815, 46.49
1377601820, 46.49
1377601825, 46.49
1377601830, 46.49
1377601835, 46.46
1377601840, 46.46
1377601845, 46.49
1377601850, 46.49
1377601855, 46.46
1377601860, 46.46
1377601865, 46.46
1377601870, 46.49
1377601875, 46.46
1377601880, 46.46
1377601885, 46.46
1377601890, 46.46
1377601895, 46.46
1377601900, 46.46
1377601905, 46.43
1377601910, 46.46
1377601915, 46.43
1377601920, 46.43
1377601925, 46.43
1377601930, 46.46
1377601935, 46.43
1377601940, 46.43
1377601945, 46.43
1377601950, 46.43
1377601955, 46.43
1377601960, 46.43
1377601965, 46.43
1377601970, 46.43
1377601975, 46.43
1377601980, 46.43
1377601985, 46.43
1377601990, 46.39
1377601995, 46.39
1377602000, 46.39
1377602005, 46.43
1377602010, 46.39
1377602015, 46.39
1377602020, 46.39
1377602025, 46.39
1377602030, 46.39
1377602035, 46.36
1377602040, 46.36
1377602045, 46.36
1377602050, 46.36
1377602055, 46.36
1377602060, 46.36
1377602065, 46.36
1377602070, 46.36
1377602075, 46.36
1377602080, 46.36
1377602085, 46.36
1377602090, 46.33
1377602095, 46.36
1377602100, 46.36
1377602105, 46.36
1377602110, 46.33
1377602115, 46.33
1377602120, 46.33
1377602125, 46.36
1377602130, 46.33
1377602135, 46.33
1377602140, 46.33
1377602145, 46.33
1377602150, 46.33
1377602155, 46.30
1377602160, 46.33
1377602165, 46.30
1377602170, 46.33
1377602175, 46.33
1377602180, 46.30
1377602185, 46.30
1377602190, 46.30
1377602195, 46.30
1377602200, 46.30
1377602205, 46.30
1377602210, 46.30
1377602215, 46.30
1377602220, 46.30
1377602225, 46.30
1377602230, 46.30
1377602235, 46.30
1377602240, 46.30
1377602245, 46.26
1377602250, 46.26
1377602255, 46.30
1377602260, 46.30
1377602265, 46.26
1377602270, 46.26
1377602275, 46.26
1377602280, 46.26
1377602285, 46.23
1377602290, 46.23
1377602295, 46.26
1377602300, 46.23
1377602305, 46.23
1377602310, 46.23
1377602315, 46.23
1377602320, 46.23
1377602325, 46.23
1377602330, 46.23
1377602335, 46.23
1377602340, 46.23
1377602345, 46.23
1377602350, 46.23
1377602355, 46.23
1377602360, 46.23
1377602365, 46.23
1377602370, 46.23
1377602375, 46.23
1377602380, 46.23
1377602385, 46.23
1377602390, 46.23
1377602395, 46.23
1377602400, 46.23
1377602405, 46.23
1377602415, 46.23
1377602420, 46.20
1377602425, 46.23
1377602430, 46.20
1377602435, 46.23
1377602440, 46.20
1377602445, 46.20
1377602450, 46.23
1377602455, 46.20
1377602460, 46.23
1377602465, 46.20
1377602470, 46.20
1377602475, 46.20
1377602480, 46.23
1377602485, 46.20
1377602490, 46.23
1377602495, 46.20
1377602500, 46.20
1377602505, 46.20
1377602510, 46.20
1377602515, 46.20
1377602520, 46.20
1377602525, 46.16
1377602530, 46.16
1377602535, 46.16
1377602540, 46.20
1377602545, 46.16
1377602550, 46.16
1377602555, 46.16
1377602560, 46.16
1377602565, 46.16
1377602570, 46.16
1377602575, 46.16
1377602580, 46.16
1377602585, 46.16
1377602590, 46.16
1377602595, 46.16
1377602600, 46.16
1377602605, 46.16
1377602610, 46.16
1377602615, 46.16
1377602620, 46.16
1377602625, 46.16
1377602630, 46.16
1377602635, 46.16
1377602640, 46.13
1377602645, 46.13
1377602650, 46.16
1377602655, 46.13
1377602660, 46.13
1377602665, 46.16
1377602670, 46.13
1377602675, 46.13
1377602680, 46.16
1377602685, 46.13
1377602690, 46.13
1377602695, 46.13
1377602700, 46.10
1377602705, 46.10
1377602710, 46.13
1377602715, 46.10
1377602720, 46.13
1377602725, 46.10
1377602730, 46.13
1377602735, 46.13
1377602740, 46.10
1377602745, 46.10
1377602750, 46.10
1377602755, 46.10
1377602760, 46.10
1377602765, 46.10
1377602770, 46.10
1377602775, 46.10
1377602780, 46.10
1377602785, 46.07
1377602790, 46.07
1377602795, 46.10
1377602800, 46.10
1377602805, 46.07
1377602810, 46.07
1377602815, 46.07
1377602820, 46.07
1377602825, 46.10
1377602830, 46.10
1377602835, 46.07
1377602840, 46.07
1377602845, 46.03
1377602850, 46.07
1377602855, 46.07
1377602860, 46.07
1377602865, 46.07
1377602870, 46.07
1377602875, 46.07
1377602880, 46.07
1377602885, 46.07
1377602890, 46.03
1377602895, 46.07
1377602900, 46.03
1377602905, 46.03
1377602910, 46.03
1377602915, 46.03
1377602920, 46.03
1377602925, 46.03
1377602930, 46.03
1377602935, 46.03
1377602940, 46.03
1377602945, 46.03
1377602950, 46.03
1377602955, 46.00
1377602960, 46.03
1377602965, 46.03
1377602970, 46.03
1377602975, 46.03
1377602980, 46.00
1377602985, 46.00
1377602990, 46.03
1377602995, 46.03
1377603000, 46.00
1377603005, 46.03
1377603010, 46.03
1377603015, 46.03
1377603020, 46.00
1377603025, 46.00
1377603030, 46.00
1377603035, 46.00
1377603040, 45.97
1377603045, 46.00
1377603050, 46.03
1377603055, 45.97
1377603060, 46.00
1377603065, 46.00
1377603070, 45.97
1377603075, 45.97
1377603080, 45.97
1377603085, 46.00
1377603090, 46.00
1377603095, 45.97
1377603100, 46.00
1377603105, 46.00
1377603110, 45.97
1377603115, 45.97
1377603120, 46.00
1377603125, 45.97
1377603130, 45.97
1377603135, 45.97
1377603140, 45.97
1377603145, 45.97
1377603150, 45.97
1377603155, 45.97
1377603160, 45.97
1377603165, 45.97
1377603170, 45.97
1377603175, 45.97
1377603180, 45.97
1377603185, 45.93
1377603190, 45.97
1377603195, 45.97
1377603200, 45.93
1377603205, 45.97
1377603210, 45.97
1377603215, 45.97
1377603220, 45.97
1377603225, 45.97
1377603230, 45.97
1377603235, 45.97
1377603240, 45.97
1377603245, 45.93
1377603250, 45.93
1377603255, 45.93
1377603263, 45.93
1377603265, 45.93
1377603270, 45.93
1377603275, 45.93
1377603280, 45.93
1377603285, 45.93
1377603290, 45.93
1377603295, 45.93
1377603300, 45.90
1377603305, 45.93
1377603310, 45.90
1377603315, 45.93
1377603320, 45.90
1377603325, 45.93
1377603330, 45.93
1377603335, 45.90
1377603340, 45.90
1377603345, 45.90
1377603350, 45.90
1377603355, 45.90
1377603360, 45.90
1377603365, 45.90
1377603370, 45.90
1377603375, 45.90
1377603380, 45.90
1377603385, 45.90
1377603390, 45.90
1377603395, 45.90
1377603400, 45.90
1377603405, 45.90
1377603410, 45.90
1377603415, 45.90
1377603420, 45.90
1377603425, 45.90
1377603430, 45.90
1377603435, 45.90
1377603440, 45.87
1377603445, 45.90
1377603450, 45.90
1377603455, 45.87
1377603460, 45.90
1377603465, 45.90
1377603470, 45.90
1377603475, 45.87
1377603480, 45.90
1377603485, 45.90
1377603490, 45.87
1377603495, 45.87
1377603500, 45.87
1377603505, 45.87
1377603510, 45.87
1377603515, 45.90
1377603520, 45.87
1377603525, 45.87
1377603530, 45.87
1377603535, 45.84
1377603540, 45.87
1377603545, 45.84
1377603550, 45.84
1377603555, 45.87
1377603560, 45.84
1377603565, 45.84
1377603570, 45.84
1377603575, 45.84
1377603580, 45.84
1377603585, 45.84
1377603590, 45.84
1377603595, 45.84
1377603600, 45.84
1377603605, 45.84
1377603610, 45.84
1377603615, 45.84
1377603620, 45.84
1377603625, 45.84
1377603630, 45.84
1377603635, 45.84
1377603640, 45.84
1377603645, 45.84
1377603650, 45.84
1377603655, 45.84
1377603660, 45.80
1377603665, 45.84
1377603670, 45.84
1377603675, 45.84
1377603680, 45.84
1377603685, 45.84
1377603690, 45.80
1377603695, 45.80
1377603700, 45.84
1377603705, 45.84
1377603710, 45.84
1377603715, 45.80
1377603720, 45.80
1377603725, 45.80
1377603730, 45.80
1377603735, 45.80
1377603740, 45.80
1377603745, 45.80
1377603750, 45.80
1377603755, 45.80
1377603760, 45.77
1377603765, 45.80
1377603770, 45.80
1377603775, 45.80
1377603780, 45.77
1377603785, 45.80
1377603790, 45.77
1377603795, 45.80
1377603800, 45.77
1377603805, 45.77
1377603810, 45.77
1377603815, 45.77
1377603820, 45.80
1377603825, 45.77
1377603830, 45.77
1377603835, 45.77
1377603840, 45.77
1377603845, 45.77
1377603850, 45.77
1377603855, 45.77
1377603860, 45.77
1377603865, 45.77
1377603870, 45.77
1377603875, 45.77
1377603880, 45.77
1377603885, 45.74
1377603890, 45.74
1377603895, 45.77
1377603900, 45.77
1377603905, 45.77
1377603910, 45.77
1377603915, 45.74
1377603920, 45.77
1377603925, 45.74
1377603930, 45.77
1377603935, 45.74
1377603940, 45.74
1377603945, 45.74
1377603950, 45.74
1377603955, 45.74
1377603960, 45.77
1377603965, 45.70
1377603970, 45.74
1377603975, 45.74
1377603980, 45.70
1377603985, 45.74
1377603990, 45.74
1377603995, 45.74
1377604000, 45.70
1377604005, 45.70
1377604010, 45.70
1377604015, 45.74
1377604020, 45.70
1377604025, 45.70
1377604030, 45.74
1377604035, 45.70
1377604040, 45.70
1377604045, 45.70
1377604050, 45.70
1377604055, 45.70
1377604060, 45.70
1377604065, 45.70
1377604070, 45.70
1377604075, 45.70
1377604080, 45.70
1377604085, 45.70
1377604090, 45.70
1377604095, 45.70
1377604100, 45.70
1377604107, 45.70
1377604110, 45.70
1377604115, 45.70
1377604120, 45.70
1377604125, 45.70
1377604130, 45.70
1377604135, 45.70
1377604140, 45.70
1377604145, 45.70
1377604150, 45.70
1377604155, 45.70
1377604160, 45.70
1377604165, 45.67
1377604170, 45.67
1377604175, 45.67
1377604180, 45.70
1377604185, 45.70
1377604190, 45.70
1377604195, 45.67
1377604200, 45.67
1377604205, 45.70
1377604210, 45.67
1377604215, 45.67
1377604220, 45.67
1377604225, 45.67
1377604230, 45.67
1377604235, 45.64
1377604240, 45.64
1377604245, 45.64
1377604250, 45.67
1377604255, 45.64
1377604260, 45.64
1377604265, 45.67
1377604270, 45.67
1377604275, 45.67
1377604280, 45.64
1377604285, 45.64
1377604290, 45.64
1377604295, 45.64
1377604300, 45.64
1377604305, 45.64
1377604310, 45.64
1377604315, 45.64
1377604320, 45.64
1377604325, 45.64
1377604330, 45.64
1377604335, 45.64
1377604340, 45.64
1377604345, 45.64
1377604350, 45.64
1377604355, 45.64
1377604360, 45.64
1377604365, 45.64
1377604370, 45.64
1377604375, 45.64
1377604380, 45.64
1377604385, 45.64
1377604390, 45.64
1377604395, 45.64
1377604400, 45.64
1377604405, 45.64
1377604410, 45.64
1377604415, 45.60
1377604420, 45.60
1377604425, 45.64
1377604430, 45.64
1377604435, 45.60
1377604440, 45.64
1377604445, 45.64
1377604450, 45.60
1377604455, 45.64
1377604460, 45.64
1377604465, 45.60
1377604470, 45.60
1377604475, 45.60
1377604480, 45.60
1377604485, 45.64
1377604490, 45.60
1377604495, 45.60
1377604500, 45.60
1377604505, 45.57
1377604510, 45.57
1377604515, 45.60
1377604520, 45.57
1377604525, 45.57
1377604530, 45.57
1377604535, 45.57
1377604540, 45.57
1377604545, 45.60
1377604550, 45.57
1377604555, 45.60
1377604560, 45.57
1377604565, 45.57
1377604570, 45.57
1377604575, 45.57
1377604580, 45.57
1377604585, 45.57
1377604590, 45.57
1377604595, 45.57
1377604600, 45.57
1377604605, 45.57
1377604610, 45.57
1377604615, 45.57
1377604620, 45.57
1377604625, 45.57
1377604630, 45.57
1377604635, 45.57
1377604640, 45.57
1377604645, 45.57
1377604650, 45.57
1377604655, 45.57
1377604660, 45.57
1377604665, 45.57
1377604670, 45.54
1377604675, 45.51
1377604680, 45.57
1377604685, 45.54
1377604690, 45.54
1377604695, 45.54
1377604700, 45.54
1377604707, 45.54
1377604710, 45.54
1377604715, 45.51
1377604720, 45.54
1377604725, 45.51
1377604730, 45.51
1377604735, 45.51
1377604740, 45.51
1377604745, 45.51
1377604750, 45.54
1377604755, 45.51
1377604760, 45.51
1377604765, 45.51
1377604770, 45.51
1377604775, 45.51
1377604780, 45.51
1377604785, 45.51
1377604790, 45.51
1377604795, 45.51
1377604800, 45.51
1377604805, 45.51
1377604810, 45.51
1377604815, 45.51
1377604820, 45.51
1377604825, 45.51
1377604830, 45.51
1377604835, 45.51
1377604840, 45.51
1377604845, 45.51
1377604850, 45.51
1377604855, 45.51
1377604860, 45.51
1377604865, 45.51
1377604870, 45.51
1377604875, 45.51
1377604880, 45.51
1377604885, 45.51
1377604890, 45.51
1377604895, 45.51
1377604900, 45.47
1377604905, 45.51
1377604910, 45.51
1377604915, 45.51
1377604920, 45.51
1377604931, 45.51
1377604935, 45.51
1377604940, 45.51
1377604945, 45.51
1377604950, 45.51
1377604955, 45.51
1377604960, 45.51
1377604965, 45.51
1377604970, 45.47
1377604975, 45.51
1377604980, 45.51
1377604985, 45.47
1377604990, 45.51
1377604995, 45.47
1377605000, 45.47
1377605005, 45.47
1377605010, 45.47
1377605015, 45.44
1377605020, 45.47
1377605025, 45.47
1377605030, 45.44
1377605035, 45.47
1377605040, 45.47
1377605045, 45.47
1377605050, 45.47
1377605055, 45.44
1377605060, 45.44
1377605065, 45.47
1377605070, 45.47
1377605075, 45.47
1377605080, 45.47
1377605085, 45.47
1377605090, 45.44
1377605095, 45.44
1377605100, 45.44
1377605105, 45.47
1377605110, 45.44
1377605115, 45.44
1377605120, 45.44
1377605125, 45.44
1377605130, 45.44
1377605135, 45.44
1377605140, 45.44
1377605145, 45.44
1377605150, 45.44
1377605155, 45.44
1377605160, 45.44
1377605165, 45.44
1377605170, 45.44
1377605175, 45.44
1377605180, 45.44
1377605185, 45.44
1377605190, 45.44
1377605195, 45.44
1377605200, 45.44
1377605205, 45.44
1377605210, 45.44
1377605215, 45.44
1377605220, 45.44
1377605225, 45.44
1377605230, 45.44
1377605235, 45.44
1377605240, 45.41
1377605245, 45.44
1377605250, 45.44
1377605255, 45.44
1377605260, 45.44
1377605265, 45.44
1377605270, 45.44
1377605275, 45.44
1377605280, 45.44
1377605285, 45.44
1377605290, 45.44
1377605295, 45.44
1377605300, 45.44
1377605305, 45.44
1377605310, 45.44
1377605315, 45.44
1377605320, 45.44
1377605325, 45.44
1377605330, 45.44
1377605335, 45.44
1377605340, 45.44
1377605345, 45.44
1377605350, 45.44
1377605355, 45.41
1377605360, 45.41
1377605365, 45.44
1377605370, 45.44
1377605375, 45.44
1377605380, 45.44
1377605385, 45.41
1377605390, 45.41
1377605395, 45.41
1377605400, 45.41
1377605405, 45.44
1377605410, 45.41
1377605415, 45.41
1377605420, 45.41
1377605425, 45.44
1377605430, 45.41
1377605435, 45.41
1377605440, 45.41
1377605445, 45.41
1377605450, 45.44
1377605455, 45.41
1377605460, 45.44
1377605465, 45.41
1377605470, 45.41
1377605475, 45.44
1377605480, 45.44
1377605485, 45.41
1377605490, 45.41
1377605495, 45.41
1377605500, 45.44
1377605505, 45.41
1377605510, 45.41
1377605515, 45.41
1377605520, 45.41
1377605525, 45.44
1377605530, 45.41
1377605535, 45.44
1377605540, 45.41
1377605545, 45.41
1377605550, 45.37
1377605555, 45.41
1377605560, 45.41
1377605565, 45.41
1377605570, 45.41
1377605575, 45.41
1377605580, 45.41
1377605585, 45.41
1377605590, 45.41
1377605595, 45.41
1377605600, 45.41
1377605605, 45.41
1377605610, 45.41
1377605615, 45.44
1377605620, 45.41
1377605625, 45.41
1377605630, 45.41
1377605635, 45.41
1377605640, 45.41
1377605645, 45.41
1377605650, 45.41
1377605655, 45.41
1377605660, 45.37
1377605665, 45.41
1377605670, 45.44
1377605675, 45.41
1377605680, 45.41
1377605685, 45.41
1377605690, 45.41
1377605695, 45.41
1377605700, 45.37
1377605705, 45.41
1377605710, 45.41
1377605715, 45.41
1377605720, 45.37
1377605725, 45.37
1377605730, 45.41
1377605735, 45.41
1377605740, 45.44
1377605745, 45.41
1377605750, 45.41
1377605755, 45.37
1377605765, 45.37
1377605770, 45.41
1377605775, 45.41
1377605780, 45.41
1377605785, 45.41
1377605790, 45.41
1377605795, 45.41
1377605800, 45.37
1377605805, 45.37
1377605810, 45.41
1377605815, 45.41
1377605820, 45.41
1377605825, 45.37
1377605830, 45.41
1377605835, 45.37
1377605840, 45.41
1377605845, 45.41
1377605850, 45.37
1377605855, 45.41
1377605860, 45.37
1377605865, 45.37
1377605870, 45.41
1377605875, 45.41
1377605880, 45.41
1377605885, 45.41
1377605890, 45.37
1377605895, 45.37
1377605900, 45.41
1377605905, 45.44
1377605910, 45.41
1377605915, 45.41
1377605920, 45.41
1377605925, 45.37
1377605930, 45.37
1377605935, 45.41
1377605940, 45.41
1377605945, 45.41
1377605950, 45.37
1377605955, 45.37
1377605960, 45.37
1377605965, 45.41
1377605970, 45.41
1377605975, 45.41
1377605980, 45.41
1377605985, 45.41
1377605990, 45.41
1377605995, 45.41
1377606000, 45.41
1377606005, 45.37
1377606010, 45.41
1377606015, 45.41
1377606020, 45.37
1377606025, 45.41
1377606030, 45.41
1377606035, 45.41
1377606040, 45.44
1377606045, 45.41
1377606050, 45.37
1377606055, 45.41
1377606060, 45.37
1377606065, 45.41
1377606070, 45.41
1377606075, 45.37
1377606080, 45.37
1377606085, 45.41
1377606090, 45.37
1377606095, 45.41
1377606100, 45.41
1377606105, 45.37
1377606110, 45.41
1377606115, 45.37
1377606120, 45.37
1377606125, 45.37
1377606130, 45.41
1377606135, 45.41
1377606140, 45.41
1377606145, 45.41
1377606150, 45.37
1377606155, 45.37
1377606160, 45.41
1377606165, 45.41
1377606170, 45.37
1377606175, 45.41
1377606180, 45.37
1377606185, 45.37
1377606190, 45.37
1377606195, 45.37
1377606200, 45.41
1377606205, 45.37
1377606210, 45.37
1377606215, 45.37
1377606220, 45.37
1377606225, 45.41
1377606230, 45.37
1377606235, 45.37
1377606240, 45.41
1377606245, 45.37
1377606250, 45.41
1377606255, 45.37
1377606260, 45.37
1377606265, 45.37
1377606270, 45.37
1377606275, 45.37
1377606280, 45.41
1377606285, 45.41
1377606290, 45.37
1377606295, 45.37
1377606300, 45.37
1377606305, 45.37
1377606310, 45.37
1377606315, 45.37
1377606320, 45.37
1377606325, 45.37
1377606330, 45.37
1377606335, 45.37
1377606340, 45.37
1377606345, 45.37
1377606350, 45.41
1377606355, 45.37
1377606360, 45.37
1377606365, 45.37
1377606370, 45.37
1377606377, 45.37
1377606380, 45.37
1377606385, 45.37
1377606390, 45.37
1377606395, 45.37
1377606400, 45.37
1377606405, 45.37
1377606410, 45.37
1377606415, 45.37
1377606420, 45.37
1377606425, 45.37
1377606430, 45.37
1377606435, 45.37
1377606440, 45.37
1377606445, 45.37
1377606450, 45.37
1377606455, 45.37
1377606460, 45.37
1377606465, 45.37
1377606470, 45.37
1377606475, 45.37
1377606480, 45.37
1377606485, 45.37
1377606490, 45.37
1377606495, 45.37
1377606500, 45.37
1377606505, 45.37
1377606510, 45.37
1377606515, 45.37
1377606520, 45.37
1377606525, 45.37
1377606530, 45.37
1377606535, 45.37
1377606540, 45.37
1377606545, 45.37
1377606550, 45.37
1377606555, 45.37
1377606560, 45.37
1377606565, 45.37
1377606570, 45.37
1377606575, 45.37
1377606580, 45.37
1377606585, 45.37
1377606590, 45.37
1377606595, 45.37
1377606600, 45.37
1377606605, 45.37
1377606610, 45.37
1377606615, 45.34
1377606620, 45.37
1377606625, 45.37
1377606630, 45.37
1377606635, 45.37
1377606640, 45.37
1377606645, 45.37
1377606650, 45.37
1377606655, 45.34
1377606660, 45.37
1377606665, 45.37
1377606670, 45.37
1377606675, 45.37
1377606680, 45.37
1377606685, 45.37
1377606690, 45.37
1377606695, 45.37
1377606700, 45.37
1377606705, 45.37
1377606710, 45.37
1377606715, 45.37
1377606720, 45.37
1377606725, 45.37
1377606730, 45.37
1377606735, 45.37
1377606740, 45.37
1377606745, 45.37
1377606750, 45.37
1377606755, 45.37
1377606760, 45.37
1377606765, 45.34
1377606770, 45.34
1377606775, 45.37
1377606780, 45.37
1377606785, 45.37
1377606790, 45.37
1377606795, 45.37
1377606800, 45.37
1377606805, 45.37
1377606810, 45.37
1377606815, 45.37
1377606820, 45.37
1377606825, 45.37
1377606830, 45.37
1377606835, 45.34
1377606840, 45.37
1377606845, 45.37
1377606850, 45.34
1377606855, 45.37
1377606860, 45.37
1377606865, 45.37
1377606870, 45.37
1377606875, 45.37
1377606880, 45.37
1377606885, 45.37
1377606890, 45.37
1377606895, 45.37
1377606900, 45.37
1377606905, 45.37
1377606910, 45.34
1377606915, 45.37
1377606920, 45.37
1377606925, 45.37
1377606930, 45.37
1377606935, 45.37
1377606940, 45.37
1377606945, 45.37
1377606950, 45.37
1377606955, 45.37
1377606960, 45.34
1377606965, 45.37
1377606970, 45.37
1377606975, 45.37
1377606980, 45.37
1377606985, 45.37
1377606990, 45.37
1377606995, 45.37
1377607000, 45.37
1377607005, 45.37
1377607010, 45.37
1377607015, 45.37
1377607020, 45.37
1377607025, 45.37
1377607030, 45.37
1377607035, 45.37
1377607040, 45.37
1377607045, 45.37
1377607050, 45.37
1377607055, 45.37
1377607060, 45.37
1377607065, 45.37
1377607070, 45.37
1377607075, 45.37
1377607080, 45.37
1377607085, 45.37
1377607090, 45.41
1377607095, 45.37
1377607100, 45.37
1377607105, 45.37
1377607110, 45.37
1377607115, 45.37
1377607120, 45.37
1377607125, 45.37
1377607130, 45.37
1377607135, 45.37
1377607140, 45.37
1377607145, 45.37
1377607150, 45.37
1377607155, 45.37
1377607160, 45.37
1377607165, 45.37
1377607170, 45.37
1377607175, 45.37
1377607180, 45.37
1377607185, 45.41
1377607190, 45.37
1377607195, 45.37
1377607200, 45.37
1377607205, 45.37
1377607210, 45.37
1377607215, 45.37
1377607226, 45.37
1377607230, 45.37
1377607235, 45.41
1377607240, 45.37
1377607245, 45.41
1377607250, 45.37
1377607255, 45.37
1377607260, 45.37
1377607265, 45.37
1377607270, 45.41
1377607275, 45.37
1377607280, 45.41
1377607285, 45.37
1377607290, 45.37
1377607295, 45.37
1377607300, 45.41
1377607305, 45.37
1377607310, 45.37
1377607315, 45.41
1377607320, 45.37
1377607325, 45.37
1377607330, 45.37
1377607335, 45.37
1377607340, 45.41
1377607345, 45.37
1377607350, 45.41
1377607355, 45.37
1377607360, 45.37
1377607365, 45.37
1377607370, 45.37
1377607375, 45.37
1377607380, 45.37
1377607385, 45.41
1377607390, 45.37
1377607395, 45.37
1377607400, 45.41
1377607405, 45.37
1377607410, 45.37
1377607415, 45.41
1377607420, 45.37
1377607425, 45.37
1377607430, 45.41
1377607435, 45.37
1377607440, 45.41
1377607445, 45.37
1377607450, 45.41
1377607455, 45.37
1377607460, 45.41
1377607465, 45.37
1377607470, 45.41
1377607475, 45.41
1377607480, 45.41
1377607485, 45.41
1377607490, 45.41
1377607495, 45.41
1377607500, 45.41
1377607505, 45.37
1377607510, 45.41
1377607515, 45.41
1377607520, 45.41
1377607525, 45.37
1377607530, 45.41
1377607535, 45.41
1377607540, 45.41
1377607545, 45.44
1377607550, 45.41
1377607555, 45.44
1377607560, 45.41
1377607565, 45.41
1377607570, 45.44
1377607575, 45.44
1377607580, 45.44
1377607585, 45.44
1377607590, 45.44
1377607595, 45.41
1377607600, 45.41
1377607605, 45.44
1377607610, 45.41
1377607615, 45.44
1377607620, 45.44
1377607625, 45.41
1377607630, 45.41
1377607635, 45.41
1377607640, 45.41
1377607645, 45.44
1377607650, 45.41
1377607655, 45.44
1377607660, 45.41
1377607665, 45.44
1377607670, 45.41
1377607675, 45.44
1377607680, 45.41
1377607685, 45.44
1377607690, 45.41
1377607695, 45.44
1377607700, 45.44
1377607705, 45.41
1377607710, 45.41
1377607715, 45.41
1377607720, 45.41
1377607725, 45.44
1377607730, 45.44
1377607735, 45.44
1377607740, 45.44
1377607745, 45.41
1377607750, 45.44
1377607755, 45.41
1377607760, 45.44
1377607765, 45.41
1377607770, 45.44
1377607775, 45.44
1377607780, 45.44
1377607785, 45.44
1377607790, 45.44
1377607795, 45.44
1377607800, 45.44
1377607805, 45.44
1377607810, 45.41
1377607815, 45.44
1377607820, 45.44
1377607825, 45.44
1377607830, 45.41
1377607835, 45.41
1377607840, 45.44
1377607845, 45.44
1377607850, 45.44
1377607855, 45.44
1377607860, 45.44
1377607865, 45.44
1377607870, 45.41
1377607875, 45.44
1377607880, 45.44
1377607885, 45.44
1377607890, 45.44
1377607895, 45.44
1377607900, 45.44
1377607905, 45.41
1377607910, 45.44
1377607915, 45.44
1377607920, 45.44
1377607925, 45.44
1377607930, 45.44
1377607935, 45.41
1377607940, 45.41
1377607945, 45.44
1377607950, 45.41
1377607955, 45.44
1377607960, 45.44
1377607965, 45.41
1377607970, 45.44
1377607975, 45.41
1377607980, 45.41
1377607985, 45.41
1377607990, 45.41
1377607995, 45.44
1377608000, 45.41
1377608005, 45.44
1377608010, 45.44
1377608015, 45.44
1377608020, 45.44
1377608025, 45.41
1377608030, 45.44
1377608035, 45.44
1377608040, 45.44
1377608045, 45.41
1377608050, 45.44
1377608055, 45.44
1377608060, 45.44
1377608070, 45.41
1377608075, 45.44
1377608080, 45.44
1377608085, 45.44
1377608090, 45.44
1377608095, 45.44
1377608099, 45.44
1377608105, 45.44
1377608110, 45.44
1377608115, 45.44
1377608120, 45.44
1377608125, 45.44
1377608130, 45.44
1377608135, 45.44
1377608140, 45.44
1377608145, 45.44
1377608150, 45.41
1377608155, 45.44
1377608160, 45.44
1377608165, 45.44
1377608170, 45.41
1377608175, 45.44
1377608180, 45.44
1377608185, 45.44
1377608190, 45.44
1377608195, 45.44
1377608200, 45.44
1377608205, 45.44
1377608210, 45.44
1377608215, 45.44
1377608220, 45.44
1377608225, 45.44
1377608230, 45.44
1377608235, 45.44
1377608240, 45.44
1377608245, 45.44
1377608250, 45.44
1377608254, 45.44
1377608260, 45.44
1377608265, 45.44
1377608270, 45.44
1377608275, 45.44
1377608280, 45.44
1377608285, 45.41
1377608290, 45.44
1377608295, 45.44
1377608300, 45.44
1377608305, 45.41
1377608310, 45.44
1377608315, 45.44
1377608320, 45.44
1377608325, 45.44
1377608330, 45.44
1377608335, 45.44
1377608340, 45.44
1377608345, 45.44
1377608350, 45.44
1377608355, 45.44
1377608360, 45.44
1377608365, 45.44
1377608370, 45.44
1377608375, 45.41
1377608379, 45.44
1377608384, 45.44
1377608390, 45.44
1377608395, 45.41
1377608400, 45.44
1377608405, 45.41
1377608410, 45.44
1377608414, 45.41
1377608420, 45.44
1377608425, 45.41
1377608430, 45.41
1377608435, 45.44
1377608440, 45.41
1377608445, 45.41
1377608450, 45.41
1377608455, 45.41
1377608460, 45.44
1377608465, 45.41
1377608469, 45.41
1377608475, 45.44
1377608480, 45.44
1377608484, 45.44
1377608490, 45.44
1377608495, 45.44
1377608500, 45.44
1377608505, 45.41
1377608509, 45.44
1377608515, 45.41
1377608519, 45.41
1377608525, 45.41
1377608530, 45.41
1377608535, 45.41
1377608539, 45.41
1377608544, 45.41
1377608550, 45.44
1377608555, 45.41
1377608560, 45.41
1377608565, 45.41
1377608569, 45.44
1377608575, 45.44
1377608580, 45.44
1377608585, 45.41
1377608589, 45.41
1377608595, 45.41
1377608600, 45.41
1377608605, 45.41
1377608609, 45.44
1377608614, 45.44
1377608619, 45.44
1377608625, 45.41
1377608629, 45.41
1377608634, 45.41
1377608639, 45.44
1377608645, 45.41
1377608649, 45.41
1377608655, 45.44
1377608659, 45.41
1377608665, 45.41
1377608670, 45.44
1377608675, 45.41
1377608680, 45.44
1377608684, 45.41
1377608690, 45.44
1377608695, 45.41
1377608699, 45.44
1377608704, 45.44
1377608710, 45.44
1377608715, 45.41
1377608719, 45.41
1377608724, 45.44
1377608729, 45.41
1377608734, 45.44
1377608739, 45.41
1377608745, 45.44
1377608749, 45.44
1377608755, 45.41
1377608760, 45.41
1377608764, 45.44
1377608769, 45.44
1377608774, 45.44
1377608780, 45.41
1377608784, 45.44
1377608789, 45.44
1377608794, 45.41
1377608799, 45.44
1377608804, 45.44
1377608810, 45.41
1377608815, 45.41
1377608819, 45.44
1377608824, 45.41
1377608829, 45.44
1377608834, 45.41
1377608839, 45.41
1377608845, 45.41
1377608849, 45.44
1377608854, 45.44
1377608859, 45.41
1377608865, 45.44
1377608869, 45.44
1377608874, 45.44
1377608879, 45.44
1377608884, 45.44
1377608889, 45.44
1377608894, 45.41
1377608899, 45.44
1377608904, 45.44
1377608909, 45.44
1377608914, 45.41
1377608925, 45.41
1377608929, 45.41
1377608934, 45.44
1377608939, 45.44
1377608945, 45.44
1377608949, 45.44
1377608954, 45.44
1377608959, 45.44
1377608964, 45.41
1377608970, 45.41
1377608974, 45.44
1377608979, 45.41
1377608984, 45.44
1377608989, 45.44
1377608994, 45.44
1377608999, 45.44
1377609004, 45.44
1377609009, 45.44
1377609014, 45.44
1377609019, 45.44
1377609025, 45.44
1377609029, 45.44
1377609034, 45.44
1377609039, 45.44
1377609044, 45.44
1377609049, 45.44
1377609054, 45.44
1377609059, 45.44
1377609064, 45.44
1377609069, 45.44
1377609074, 45.44
1377609079, 45.47
1377609084, 45.44
1377609089, 45.44
1377609094, 45.44
1377609099, 45.44
1377609104, 45.44
1377609109, 45.44
1377609114, 45.44
1377609120, 45.44
1377609124, 45.44
1377609129, 45.44
1377609135, 45.47
1377609139, 45.44
1377609144, 45.44
1377609149, 45.47
1377609154, 45.44
1377609159, 45.47
1377609164, 45.47
1377609169, 45.44
1377609174, 45.44
1377609179, 45.44
1377609184, 45.47
1377609189, 45.47
1377609194, 45.44
1377609199, 45.47
1377609204, 45.47
1377609209, 45.47
1377609214, 45.47
1377609219, 45.47
1377609224, 45.47
1377609229, 45.47
1377609234, 45.47
1377609240, 45.47
1377609244, 45.47
1377609249, 45.47
1377609254, 45.51
1377609259, 45.44
1377609264, 45.47
1377609269, 45.51
1377609274, 45.47
1377609279, 45.47
1377609284, 45.47
1377609289, 45.51
1377609294, 45.51
1377609299, 45.51
1377609304, 45.51
1377609309, 45.51
1377609314, 45.47
1377609319, 45.51
1377609324, 45.47
1377609329, 45.51
1377609334, 45.51
1377609339, 45.51
1377609344, 45.51
1377609349, 45.51
1377609354, 45.51
1377609359, 45.51
1377609364, 45.51
1377609369, 45.51
1377609374, 45.51
1377609379, 45.51
1377609384, 45.51
1377609389, 45.51
1377609394, 45.51
1377609399, 45.51
1377609404, 45.51
1377609409, 45.51
1377609414, 45.51
1377609419, 45.51
1377609424, 45.51
1377609429, 45.51
1377609434, 45.54
1377609439, 45.54
1377609444, 45.51
1377609449, 45.51
1377609454, 45.54
1377609459, 45.54
1377609464, 45.54
1377609469, 45.54
1377609474, 45.54
1377609479, 45.54
1377609484, 45.54
1377609489, 45.54
1377609494, 45.54
1377609500, 45.54
1377609504, 45.54
1377609509, 45.54
1377609514, 45.54
1377609519, 45.54
1377609524, 45.54
1377609529, 45.54
1377609534, 45.54
1377609539, 45.54
1377609544, 45.57
1377609549, 45.57
1377609554, 45.57
1377609559, 45.57
1377609564, 45.57
1377609569, 45.57
1377609574, 45.57
1377609579, 45.57
1377609584, 45.57
1377609589, 45.57
1377609594, 45.57
1377609599, 45.57
1377609604, 45.57
1377609609, 45.57
1377609614, 45.57
1377609619, 45.57
1377609624, 45.57
1377609629, 45.57
1377609634, 45.57
1377609639, 45.57
1377609644, 45.57
1377609649, 45.57
1377609654, 45.57
1377609660, 45.57
1377609664, 45.57
1377609669, 45.57
1377609674, 45.57
1377609679, 45.57
1377609684, 45.60
1377609689, 45.60
1377609694, 45.57
1377609700, 45.60
1377609704, 45.60
1377609709, 45.57
1377609714, 45.57
1377609719, 45.57
1377609724, 45.60
1377609729, 45.60
1377609734, 45.60
1377609739, 45.57
1377609744, 45.64
1377609757, 45.60
1377609759, 45.64
1377609764, 45.60
1377609769, 45.60
1377609774, 45.60
1377609779, 45.60
1377609784, 45.60
1377609789, 45.64
1377609794, 45.64
1377609799, 45.60
1377609804, 45.64
1377609809, 45.64
1377609814, 45.64
1377609819, 45.64
1377609824, 45.64
1377609829, 45.64
1377609834, 45.64
1377609839, 45.64
1377609844, 45.64
1377609849, 45.64
1377609854, 45.64
1377609859, 45.64
1377609864, 45.64
1377609869, 45.64
1377609874, 45.64
1377609879, 45.64
1377609884, 45.64
1377609889, 45.64
1377609894, 45.64
1377609899, 45.67
1377609904, 45.67
1377609910, 45.67
1377609914, 45.67
1377609919, 45.67
1377609924, 45.64
1377609929, 45.67
1377609934, 45.67
1377609939, 45.67
1377609944, 45.67
1377609949, 45.67
1377609954, 45.67
1377609959, 45.67
1377609964, 45.67
1377609969, 45.70
1377609974, 45.70
1377609979, 45.70
1377609984, 45.70
1377609989, 45.67
1377609994, 45.70
1377609999, 45.67
1377610004, 45.70
1377610009, 45.70
1377610014, 45.70
1377610019, 45.70
1377610024, 45.70
1377610029, 45.70
1377610034, 45.70
1377610039, 45.70
1377610044, 45.70
1377610049, 45.70
1377610054, 45.70
1377610059, 45.70
1377610064, 45.70
1377610069, 45.70
1377610074, 45.70
1377610079, 45.74
1377610084, 45.70
1377610089, 45.70
1377610094, 45.70
1377610099, 45.70
1377610104, 45.74
1377610109, 45.74
1377610114, 45.74
1377610119, 45.74
1377610124, 45.70
1377610129, 45.77
1377610134, 45.74
1377610139, 45.74
1377610144, 45.77
1377610149, 45.74
1377610154, 45.70
1377610159, 45.77
1377610164, 45.74
1377610169, 45.77
1377610174, 45.74
1377610179, 45.77
1377610185, 45.74
1377610189, 45.77
1377610194, 45.77
1377610199, 45.77
1377610204, 45.77
1377610209, 45.77
1377610214, 45.77
1377610219, 45.77
1377610224, 45.77
1377610229, 45.77
1377610234, 45.77
1377610239, 45.77
1377610244, 45.77
1377610249, 45.77
1377610254, 45.77
1377610259, 45.77
1377610264, 45.77
1377610269, 45.77
1377610274, 45.77
1377610279, 45.77
1377610284, 45.77
1377610289, 45.77
1377610294, 45.77
1377610299, 45.80
1377610304, 45.77
1377610309, 45.77
1377610314, 45.80
1377610319, 45.80
1377610324, 45.77
1377610329, 45.77
1377610334, 45.80
1377610339, 45.80
1377610344, 45.80
1377610349, 45.80
1377610354, 45.80
1377610359, 45.80
1377610364, 45.80
1377610369, 45.84
1377610374, 45.84
1377610379, 45.80
1377610384, 45.80
1377610389, 45.80
1377610394, 45.80
1377610399, 45.84
1377610404, 45.84
1377610409, 45.80
1377610414, 45.84
1377610419, 45.84
1377610424, 45.84
1377610429, 45.84
1377610434, 45.84
1377610439, 45.84
1377610444, 45.84
1377610449, 45.84
1377610454, 45.84
1377610459, 45.84
1377610464, 45.84
1377610469, 45.84
1377610474, 45.84
1377610479, 45.84
1377610484, 45.84
1377610489, 45.84
1377610494, 45.84
1377610499, 45.84
1377610504, 45.84
1377610509, 45.84
1377610514, 45.84
1377610519, 45.84
1377610524, 45.84
1377610529, 45.84
1377610534, 45.84
1377610539, 45.84
1377610544, 45.84
1377610549, 45.84
1377610554, 45.84
1377610559, 45.87
1377610564, 45.87
1377610569, 45.84
1377610574, 45.84
1377610579, 45.87
1377610587, 45.87
1377610589, 45.87
1377610594, 45.87
1377610599, 45.87
1377610604, 45.87
1377610609, 45.84
1377610614, 45.90
1377610619, 45.87
1377610624, 45.87
1377610629, 45.87
1377610634, 45.87
1377610639, 45.90
1377610644, 45.87
1377610649, 45.87
1377610654, 45.90
1377610659, 45.87
1377610664, 45.90
1377610669, 45.90
1377610674, 45.90
1377610679, 45.90
1377610684, 45.90
1377610689, 45.90
1377610694, 45.90
1377610699, 45.90
1377610704, 45.90
1377610709, 45.90
1377610714, 45.90
1377610719, 45.90
1377610724, 45.90
1377610729, 45.90
1377610734, 45.90
1377610739, 45.90
1377610744, 45.90
1377610749, 45.90
1377610754, 45.90
1377610759, 45.93
1377610764, 45.90
1377610769, 45.90
1377610774, 45.90
1377610779, 45.93
1377610784, 45.93
1377610789, 45.90
1377610794, 45.93
1377610799, 45.93
1377610804, 45.93
1377610809, 45.90
1377610814, 45.93
1377610819, 45.90
1377610824, 45.90
1377610829, 45.90
1377610834, 45.93
1377610839, 45.93
1377610844, 45.93
1377610849, 45.93
1377610854, 45.93
1377610859, 45.93
1377610864, 45.93
1377610869, 45.93
1377610874, 45.93
1377610879, 45.97
1377610884, 45.97
1377610889, 45.93
1377610894, 45.97
1377610899, 45.97
1377610904, 45.93
1377610909, 45.97
1377610914, 45.97
1377610919, 45.93
1377610924, 45.97
1377610929, 45.97
1377610934, 45.97
1377610939, 45.97
1377610944, 45.97
1377610949, 45.97
1377610954, 45.97
1377610959, 45.97
1377610964, 45.97
1377610969, 45.97
1377610974, 45.97
1377610979, 45.97
1377610984, 46.00
1377610989, 45.97
1377610994, 45.97
1377610999, 45.97
1377611004, 45.97
1377611009, 45.97
1377611014, 46.00
1377611019, 45.97
1377611024, 46.00
1377611029, 45.97
1377611034, 46.00
1377611039, 46.00
1377611044, 46.00
1377611049, 45.97
1377611054, 46.00
1377611059, 46.00
1377611064, 46.00
1377611069, 46.03
1377611074, 46.00
1377611079, 46.00
1377611085, 46.03
1377611089, 46.00
1377611094, 46.00
1377611099, 46.03
1377611104, 46.03
1377611109, 46.00
1377611114, 46.00
1377611119, 46.00
1377611124, 46.00
1377611129, 46.03
1377611134, 46.03
1377611139, 46.03
1377611144, 46.03
1377611149, 46.03
1377611154, 46.03
1377611159, 46.03
1377611164, 46.03
1377611169, 46.03
1377611174, 46.03
1377611179, 46.03
1377611184, 46.03
1377611189, 46.03
1377611194, 46.03
1377611199, 46.03
1377611204, 46.03
1377611209, 46.10
1377611214, 46.07
1377611219, 46.03
1377611224, 46.03
1377611229, 46.03
1377611234, 46.03
1377611239, 46.03
1377611244, 46.07
1377611249, 46.07
1377611254, 46.07
1377611259, 46.03
1377611264, 46.07
1377611269, 46.07
1377611274, 46.10
1377611279, 46.07
1377611284, 46.07
1377611290, 46.07
1377611294, 46.10
1377611299, 46.07
1377611304, 46.10
1377611309, 46.07
1377611314, 46.10
1377611319, 46.10
1377611324, 46.10
1377611329, 46.07
1377611334, 46.10
1377611339, 46.10
1377611344, 46.10
1377611349, 46.07
1377611354, 46.10
1377611359, 46.10
1377611364, 46.10
1377611369, 46.07
1377611380, 46.10
1377611384, 46.10
1377611389, 46.10
1377611394, 46.10
1377611399, 46.10
1377611404, 46.10
1377611409, 46.10
1377611414, 46.10
1377611419, 46.10
1377611424, 46.10
1377611429, 46.10
1377611434, 46.13
1377611439, 46.13
1377611444, 46.13
1377611449, 46.10
1377611454, 46.10
1377611459, 46.10
1377611464, 46.10
1377611469, 46.10
1377611474, 46.10
1377611479, 46.13
1377611484, 46.16
1377611489, 46.10
1377611494, 46.10
1377611499, 46.10
1377611504, 46.13
1377611509, 46.13
1377611514, 46.13
1377611519, 46.13
1377611524, 46.13
1377611529, 46.16
1377611534, 46.13
1377611539, 46.10
1377611544, 46.16
1377611549, 46.16
1377611554, 46.13
1377611559, 46.13
1377611564, 46.13
1377611569, 46.13
1377611574, 46.13
1377611579, 46.16
1377611584, 46.13
1377611589, 46.16
1377611594, 46.16
1377611601, 46.16
1377611604, 46.16
1377611609, 46.16
1377611614, 46.16
1377611619, 46.16
1377611624, 46.13
1377611629, 46.16
1377611634, 46.16
1377611639, 46.13
1377611644, 46.16
1377611649, 46.16
1377611654, 46.16
1377611659, 46.16
1377611664, 46.16
1377611669, 46.16
1377611674, 46.16
1377611679, 46.16
1377611684, 46.16
1377611689, 46.16
1377611694, 46.16
1377611699, 46.16
1377611704, 46.16
1377611709, 46.16
1377611714, 46.16
1377611719, 46.16
1377611724, 46.16
1377611729, 46.16
1377611734, 46.20
1377611739, 46.20
1377611744, 46.16
1377611749, 46.16
1377611754, 46.20
1377611759, 46.20
1377611764, 46.16
1377611769, 46.16
1377611774, 46.20
1377611779, 46.16
1377611784, 46.20
1377611789, 46.20
1377611794, 46.20
1377611799, 46.20
1377611804, 46.16
1377611809, 46.20
1377611814, 46.20
1377611819, 46.20
1377611824, 46.20
1377611829, 46.20
1377611834, 46.20
1377611839, 46.20
1377611844, 46.20
1377611849, 46.23
1377611854, 46.20
1377611859, 46.20
1377611864, 46.23
1377611869, 46.20
1377611874, 46.20
1377611879, 46.23
1377611884, 46.20
1377611889, 46.23
1377611894, 46.23
1377611899, 46.20
1377611904, 46.23
1377611909, 46.23
1377611914, 46.23
1377611919, 46.23
1377611924, 46.23
1377611929, 46.23
1377611934, 46.23
1377611939, 46.26
1377611944, 46.23
1377611949, 46.23
1377611954, 46.23
1377611959, 46.23
1377611964, 46.23
1377611969, 46.23
1377611974, 46.23
1377611979, 46.23
1377611984, 46.23
1377611989, 46.23
1377611994, 46.23
1377611999, 46.23
1377612004, 46.23
1377612009, 46.23
1377612014, 46.23
1377612019, 46.23
1377612024, 46.26
1377612029, 46.23
1377612034, 46.26
1377612039, 46.23
1377612044, 46.30
1377612049, 46.26
1377612054, 46.26
1377612059, 46.26
1377612064, 46.26
1377612069, 46.26
1377612074, 46.23
1377612079, 46.26
1377612084, 46.26
1377612089, 46.26
1377612094, 46.30
1377612099, 46.26
1377612104, 46.30
1377612109, 46.26
1377612114, 46.30
1377612119, 46.30
1377612125, 46.30
1377612129, 46.30
1377612137, 46.30
1377612139, 46.26
1377612144, 46.30
1377612149, 46.30
1377612154, 46.26
1377612159, 46.30
1377612164, 46.30
1377612169, 46.30
1377612174, 46.30
1377612179, 46.30
1377612184, 46.30
1377612189, 46.30
1377612194, 46.30
1377612199, 46.30
1377612204, 46.30
1377612209, 46.30
1377612214, 46.30
1377612219, 46.30
1377612224, 46.30
1377612229, 46.30
1377612234, 46.30
1377612239, 46.26
1377612244, 46.30
1377612249, 46.30
1377612254, 46.30
1377612259, 46.30
1377612264, 46.30
1377612269, 46.30
1377612274, 46.30
1377612279, 46.30
1377612284, 46.30
1377612289, 46.30
1377612294, 46.30
1377612299, 46.30
1377612304, 46.30
1377612309, 46.30
1377612314, 46.30
1377612319, 46.30
1377612324, 46.33
1377612329, 46.30
1377612334, 46.30
1377612339, 46.30
1377612344, 46.30
1377612349, 46.30
1377612354, 46.30
1377612359, 46.30
1377612364, 46.30
1377612369, 46.30
1377612374, 46.30
1377612379, 46.30
1377612384, 46.33
1377612389, 46.30
1377612394, 46.30
1377612399, 46.33
1377612404, 46.33
1377612409, 46.33
1377612414, 46.33
1377612419, 46.30
1377612424, 46.33
1377612429, 46.33
1377612434, 46.30
1377612439, 46.33
1377612444, 46.33
1377612449, 46.30
1377612454, 46.33
1377612459, 46.33
1377612464, 46.33
1377612469, 46.33
1377612474, 46.36
1377612479, 46.33
1377612484, 46.36
1377612489, 46.33
1377612494, 46.33
1377612499, 46.33
1377612504, 46.36
1377612509, 46.36
1377612514, 46.33
1377612519, 46.33
1377612524, 46.36
1377612529, 46.33
1377612534, 46.36
1377612539, 46.33
1377612544, 46.36
1377612549, 46.36
1377612554, 46.36
1377612559, 46.36
1377612564, 46.36
1377612569, 46.36
1377612574, 46.36
1377612579, 46.36
1377612584, 46.36
1377612589, 46.36
1377612594, 46.36
1377612599, 46.36
1377612604, 46.36
1377612609, 46.36
1377612614, 46.36
1377612619, 46.36
1377612624, 46.36
1377612629, 46.36
1377612634, 46.36
1377612639, 46.36
1377612644, 46.36
1377612649, 46.36
1377612654, 46.36
1377612659, 46.36
1377612665, 46.39
1377612669, 46.36
1377612674, 46.36
1377612679, 46.36
1377612684, 46.43
1377612689, 46.36
1377612694, 46.39
1377612699, 46.36
1377612704, 46.39
1377612709, 46.36
1377612714, 46.39
1377612719, 46.39
1377612724, 46.39
1377612729, 46.39
1377612734, 46.39
1377612739, 46.39
1377612744, 46.39
1377612749, 46.43
1377612754, 46.39
1377612759, 46.39
1377612764, 46.39
1377612769, 46.39
1377612774, 46.43
1377612779, 46.39
1377612784, 46.43
1377612789, 46.43
1377612794, 46.43
1377612799, 46.43
1377612804, 46.39
1377612809, 46.43
1377612814, 46.39
1377612819, 46.39
1377612824, 46.43
1377612829, 46.43
1377612834, 46.43
1377612839, 46.39
1377612844, 46.43
1377612849, 46.43
1377612854, 46.43
1377612859, 46.43
1377612864, 46.39
1377612869, 46.39
1377612874, 46.43
1377612879, 46.43
1377612884, 46.43
1377612889, 46.43
1377612894, 46.43
1377612899, 46.43
1377612904, 46.43
1377612909, 46.43
1377612914, 46.43
1377612919, 46.43
1377612924, 46.43
1377612935, 46.43
1377612939, 46.43
1377612944, 46.43
1377612949, 46.43
1377612954, 46.43
1377612959, 46.43
1377612964, 46.43
1377612969, 46.43
1377612974, 46.43
1377612979, 46.43
1377612984, 46.43
1377612989, 46.43
1377612994, 46.43
1377612999, 46.43
1377613004, 46.43
1377613009, 46.43
1377613014, 46.43
1377613019, 46.43
1377613024, 46.43
1377613029, 46.46
1377613034, 46.43
1377613039, 46.43
1377613044, 46.46
1377613049, 46.43
1377613054, 46.46
1377613059, 46.43
1377613064, 46.46
1377613069, 46.43
1377613074, 46.46
1377613079, 46.43
1377613084, 46.43
1377613089, 46.43
1377613094, 46.43
1377613099, 46.46
1377613104, 46.46
1377613109, 46.46
1377613114, 46.49
1377613119, 46.46
1377613124, 46.46
1377613129, 46.46
1377613134, 46.49
1377613139, 46.43
1377613144, 46.46
1377613149, 46.49
1377613154, 46.46
1377613159, 46.46
1377613164, 46.49
1377613169, 46.46
1377613174, 46.46
1377613179, 46.46
1377613184, 46.46
1377613189, 46.46
1377613194, 46.46
1377613199, 46.49
1377613204, 46.46
1377613209, 46.49
1377613214, 46.46
1377613219, 46.49
1377613224, 46.49
1377613229, 46.49
1377613234, 46.49
1377613239, 46.46
1377613244, 46.49
1377613249, 46.49
1377613254, 46.49
1377613259, 46.46
1377613264, 46.49
1377613269, 46.49
1377613274, 46.49
1377613279, 46.49
1377613284, 46.49
1377613289, 46.49
1377613294, 46.49
1377613299, 46.49
1377613304, 46.49
1377613309, 46.49
1377613314, 46.49
1377613319, 46.49
1377613324, 46.49
1377613329, 46.49
1377613334, 46.49
1377613339, 46.49
1377613344, 46.49
1377613349, 46.49
1377613354, 46.49
1377613359, 46.49
1377613364, 46.49
1377613369, 46.49
1377613374, 46.49
1377613379, 46.49
1377613384, 46.52
1377613389, 46.49
1377613394, 46.49
1377613399, 46.49
1377613404, 46.49
1377613409, 46.49
1377613414, 46.49
1377613419, 46.49
1377613424, 46.52
1377613429, 46.49
1377613434, 46.52
1377613439, 46.52
1377613444, 46.52
1377613449, 46.56
1377613454, 46.49
1377613459, 46.52
1377613464, 46.52
1377613469, 46.52
1377613474, 46.52
1377613479, 46.49
1377613484, 46.52
1377613489, 46.52
1377613494, 46.52
1377613499, 46.52
1377613504, 46.56
1377613509, 46.56
1377613514, 46.52
1377613519, 46.52
1377613524, 46.56
1377613529, 46.52
1377613534, 46.56
1377613539, 46.52
1377613544, 46.56
1377613549, 46.56
1377613554, 46.56
1377613559, 46.52
1377613564, 46.56
1377613569, 46.56
1377613574, 46.56
1377613579, 46.56
1377613584, 46.56
1377613589, 46.56
1377613594, 46.56
1377613599, 46.56
1377613604, 46.56
1377613609, 46.56
1377613614, 46.56
1377613619, 46.56
1377613624, 46.56
1377613629, 46.56
1377613634, 46.56
1377613639, 46.56
1377613644, 46.56
1377613649, 46.56
1377613654, 46.56
1377613659, 46.59
1377613664, 46.56
1377613669, 46.56
1377613674, 46.56
1377613679, 46.56
1377613684, 46.59
1377613689, 46.59
1377613694, 46.56
1377613699, 46.56
1377613704, 46.56
1377613709, 46.59
1377613714, 46.56
1377613719, 46.56
1377613724, 46.62
1377613729, 46.59
1377613734, 46.59
1377613739, 46.59
1377613744, 46.62
1377613749, 46.59
1377613754, 46.62
1377613765, 46.62
1377613769, 46.59
1377613774, 46.59
1377613779, 46.62
1377613784, 46.62
1377613789, 46.59
1377613794, 46.62
1377613799, 46.62
1377613804, 46.62
1377613809, 46.62
1377613814, 46.59
1377613819, 46.62
1377613824, 46.62
1377613829, 46.62
1377613834, 46.62
1377613839, 46.62
1377613844, 46.62
1377613849, 46.62
1377613854, 46.62
1377613859, 46.62
1377613864, 46.62
1377613869, 46.62
1377613874, 46.62
1377613879, 46.62
1377613884, 46.62
1377613889, 46.62
1377613894, 46.62
1377613899, 46.62
1377613904, 46.62
1377613909, 46.62
1377613914, 46.62
1377613919, 46.62
1377613924, 46.62
1377613929, 46.66
1377613934, 46.62
1377613939, 46.66
1377613944, 46.62
1377613949, 46.66
1377613954, 46.66
1377613959, 46.66
1377613964, 46.66
1377613969, 46.69
1377613974, 46.66
1377613979, 46.69
1377613984, 46.66
1377613989, 46.69
1377613994, 46.69
1377613999, 46.66
1377614004, 46.69
1377614009, 46.69
1377614014, 46.69
1377614019, 46.69
1377614024, 46.69
1377614029, 46.69
1377614034, 46.69
1377614039, 46.69
1377614044, 46.69
1377614049, 46.69
1377614054, 46.69
1377614059, 46.69
1377614064, 46.69
1377614069, 46.69
1377614074, 46.69
1377614079, 46.69
1377614084, 46.69
1377614089, 46.69
1377614094, 46.69
1377614099, 46.69
1377614104, 46.69
1377614109, 46.69
1377614114, 46.69
1377614119, 46.69
1377614124, 46.69
1377614129, 46.72
1377614134, 46.72
1377614139, 46.72
1377614144, 46.72
1377614149, 46.72
1377614154, 46.75
1377614159, 46.72
1377614164, 46.72
1377614169, 46.72
1377614174, 46.72
1377614179, 46.75
1377614184, 46.72
1377614189, 46.72
1377614194, 46.75
1377614199, 46.72
1377614204, 46.75
1377614209, 46.72
1377614214, 46.75
1377614219, 46.75
1377614224, 46.75
1377614229, 46.72
1377614234, 46.72
1377614239, 46.75
1377614244, 46.75
1377614249, 46.75
1377614254, 46.75
1377614259, 46.75
1377614264, 46.75
1377614269, 46.75
1377614274, 46.75
1377614279, 46.75
1377614284, 46.75
1377614289, 46.75
1377614294, 46.75
1377614299, 46.75
1377614304, 46.75
1377614309, 46.75
1377614314, 46.75
1377614319, 46.75
1377614324, 46.75
1377614329, 46.75
1377614334, 46.75
1377614339, 46.75
1377614344, 46.75
1377614349, 46.75
1377614354, 46.75
1377614359, 46.79
1377614364, 46.79
1377614369, 46.75
1377614374, 46.79
1377614379, 46.75
1377614384, 46.75
1377614389, 46.79
1377614394, 46.75
1377614399, 46.79
1377614404, 46.79
1377614409, 46.79
1377614414, 46.79
1377614419, 46.75
1377614424, 46.75
1377614429, 46.79
1377614434, 46.75
1377614439, 46.82
1377614444, 46.79
1377614449, 46.82
1377614454, 46.79
1377614459, 46.79
1377614464, 46.79
1377614469, 46.82
1377614474, 46.82
1377614479, 46.82
1377614484, 46.82
1377614489, 46.82
1377614494, 46.82
1377614499, 46.82
1377614504, 46.82
1377614509, 46.82
1377614514, 46.82
1377614519, 46.82
1377614524, 46.82
1377614529, 46.82
1377614534, 46.82
1377614539, 46.82
1377614544, 46.82
1377614549, 46.82
1377614554, 46.82
1377614559, 46.82
1377614564, 46.82
1377614569, 46.82
1377614574, 46.82
1377614579, 46.85
1377614584, 46.82
1377614589, 46.82
1377614594, 46.82
1377614599, 46.82
1377614604, 46.82
1377614609, 46.82
1377614614, 46.82
1377614619, 46.85
1377614630, 46.85
1377614634, 46.85
1377614639, 46.85
1377614644, 46.85
1377614649, 46.85
1377614654, 46.85
1377614659, 46.89
1377614664, 46.85
1377614669, 46.85
1377614674, 46.89
1377614679, 46.85
1377614684, 46.85
1377614689, 46.85
1377614694, 46.85
1377614699, 46.89
1377614704, 46.89
1377614710, 46.89
1377614714, 46.85
1377614719, 46.89
1377614724, 46.89
1377614729, 46.89
1377614734, 46.85
1377614739, 46.89
1377614744, 46.89
1377614750, 46.89
1377614754, 46.89
1377614760, 46.89
1377614764, 46.89
1377614769, 46.89
1377614774, 46.89
1377614779, 46.89
1377614784, 46.89
1377614789, 46.89
1377614794, 46.89
1377614799, 46.89
1377614804, 46.89
1377614809, 46.89
1377614814, 46.92
1377614819, 46.89
1377614824, 46.89
1377614829, 46.89
1377614834, 46.92
1377614839, 46.89
1377614844, 46.92
1377614849, 46.89
1377614854, 46.89
1377614859, 46.92
1377614864, 46.92
1377614869, 46.92
1377614874, 46.89
1377614879, 46.89
1377614884, 46.92
1377614889, 46.92
1377614894, 46.92
1377614899, 46.92
1377614904, 46.95
1377614909, 46.92
1377614914, 46.92
1377614919, 46.92
1377614924, 46.92
1377614929, 46.95
1377614934, 46.92
1377614939, 46.95
1377614944, 46.92
1377614949, 46.95
1377614954, 46.95
1377614959, 46.92
1377614964, 46.95
1377614969, 46.95
1377614974, 46.95
1377614979, 46.92
1377614984, 46.95
1377614989, 46.92
1377614994, 46.95
1377614999, 46.95
1377615004, 46.95
1377615009, 46.95
1377615014, 46.95
1377615019, 46.95
1377615024, 46.95
1377615029, 46.95
1377615034, 46.95
1377615039, 46.95
1377615044, 46.95
1377615049, 46.95
1377615054, 46.95
1377615059, 46.95
1377615064, 46.95
1377615069, 46.95
1377615074, 46.95
1377615079, 46.95
1377615084, 46.95
1377615089, 46.95
1377615094, 46.95
1377615099, 46.95
1377615104, 46.95
1377615109, 46.95
1377615114, 46.95
1377615119, 46.95
1377615125, 46.95
1377615129, 46.95
1377615134, 46.95
1377615139, 46.95
1377615144, 46.95
1377615149, 46.95
1377615154, 46.95
1377615159, 46.95
1377615164, 46.95
1377615169, 46.98
1377615174, 46.95
1377615179, 46.95
1377615184, 46.95
1377615189, 46.95
1377615194, 46.98
1377615199, 46.98
1377615204, 46.98
1377615209, 46.98
1377615214, 46.95
1377615219, 46.98
1377615224, 46.95
1377615229, 46.95
1377615234, 46.98
1377615239, 46.98
1377615244, 46.98
1377615249, 46.95
1377615254, 46.98
1377615259, 46.98
1377615264, 46.98
1377615269, 46.98
1377615274, 46.95
1377615279, 46.98
1377615284, 47.02
1377615289, 46.98
1377615294, 46.98
1377615299, 46.98
1377615304, 46.98
1377615309, 46.98
1377615314, 46.98
1377615319, 46.98
1377615324, 46.95
1377615329, 47.02
1377615334, 46.98
1377615339, 46.98
1377615344, 46.98
1377615349, 46.98
1377615354, 47.02
1377615359, 46.98
1377615364, 47.02
1377615369, 46.98
1377615374, 46.98
1377615379, 46.98
1377615384, 46.98
1377615389, 46.98
1377615394, 46.98
1377615399, 46.98
1377615404, 46.98
1377615409, 46.98
1377615414, 47.02
1377615419, 47.02
1377615424, 47.02
1377615429, 46.98
1377615434, 47.02
1377615439, 46.98
1377615444, 47.02
1377615453, 46.98
1377615454, 47.02
1377615459, 47.02
1377615464, 47.02
1377615469, 47.02
1377615474, 47.02
1377615479, 47.02
1377615484, 47.02
1377615489, 47.02
1377615494, 47.02
1377615499, 47.02
1377615504, 47.02
1377615509, 47.02
1377615514, 47.02
1377615519, 47.02
1377615524, 47.02
1377615529, 47.02
1377615534, 47.02
1377615539, 47.02
1377615544, 47.02
1377615549, 47.02
1377615554, 47.02
1377615559, 47.02
1377615564, 47.02
1377615569, 47.02
1377615574, 47.02
1377615579, 47.02
1377615584, 47.02
1377615589, 47.02
1377615594, 47.05
1377615599, 47.02
1377615604, 47.05
1377615609, 47.05
1377615614, 47.05
1377615619, 47.02
1377615624, 47.05
1377615629, 47.05
1377615634, 47.05
1377615639, 47.05
1377615644, 47.05
1377615649, 47.05
1377615654, 47.08
1377615659, 47.05
1377615664, 47.05
1377615669, 47.05
1377615674, 47.05
1377615679, 47.08
1377615684, 47.05
1377615689, 47.08
1377615694, 47.08
1377615699, 47.05
1377615704, 47.08
1377615709, 47.05
1377615714, 47.08
1377615719, 47.08
1377615724, 47.08
1377615729, 47.08
1377615734, 47.08
1377615739, 47.08
1377615744, 47.08
1377615749, 47.08
1377615754, 47.08
1377615759, 47.08
1377615764, 47.08
1377615769, 47.08
1377615774, 47.08
1377615779, 47.08
1377615784, 47.08
1377615789, 47.08
1377615794, 47.08
1377615799, 47.08
1377615804, 47.08
1377615809, 47.08
1377615814, 47.08
1377615819, 47.08
1377615824, 47.08
1377615829, 47.08
1377615834, 47.08
1377615839, 47.08
1377615844, 47.08
1377615849, 47.08
1377615854, 47.08
1377615859, 47.08
1377615864, 47.08
1377615869, 47.08
1377615874, 47.08
1377615879, 47.08
1377615884, 47.08
1377615889, 47.11
1377615894, 47.08
1377615899, 47.08
1377615904, 47.08
1377615909, 47.08
1377615914, 47.08
1377615919, 47.08
1377615924, 47.08
1377615929, 47.08
1377615934, 47.11
1377615939, 47.11
1377615944, 47.08
1377615949, 47.11
1377615954, 47.11
1377615959, 47.08
1377615964, 47.11
1377615969, 47.08
1377615974, 47.11
1377615979, 47.11
1377615984, 47.11
1377615989, 47.15
1377615994, 47.11
1377615999, 47.11
1377616004, 47.08
1377616009, 47.11
1377616014, 47.11
1377616019, 47.11
1377616024, 47.11
1377616029, 47.11
1377616034, 47.15
1377616039, 47.11
1377616044, 47.08
1377616049, 47.11
1377616054, 47.15
1377616059, 47.11
1377616064, 47.11
1377616069, 47.11
1377616074, 47.15
1377616079, 47.11
1377616084, 47.15
1377616089, 47.15
1377616094, 47.11
1377616099, 47.15
1377616104, 47.11
1377616109, 47.15
1377616114, 47.11
1377616119, 47.15
1377616124, 47.15
1377616129, 47.15
1377616134, 47.11
1377616139, 47.15
1377616144, 47.15
1377616149, 47.15
1377616154, 47.15
1377616159, 47.15
1377616164, 47.15
1377616169, 47.15
1377616174, 47.15
1377616179, 47.15
1377616184, 47.15
1377616189, 47.15
1377616194, 47.15
1377616199, 47.15
1377616204, 47.15
1377616209, 47.15
1377616214, 47.15
1377616219, 47.15
1377616224, 47.15
1377616229, 47.15
1377616234, 47.15
1377616239, 47.15
1377616244, 47.15
1377616249, 47.15
1377616254, 47.15
1377616259, 47.15
1377616264, 47.15
1377616269, 47.15
1377616274, 47.15
1377616279, 47.15
1377616290, 47.15
1377616294, 47.15
1377616299, 47.15
1377616304, 47.15
1377616309, 47.15
1377616314, 47.15
1377616319, 47.15
1377616324, 47.18
1377616329, 47.15
1377616334, 47.15
1377616340, 47.15
1377616344, 47.18
1377616349, 47.18
1377616354, 47.15
1377616359, 47.18
1377616364, 47.15
1377616369, 47.18
1377616374, 47.15
1377616379, 47.18
1377616384, 47.18
1377616389, 47.18
1377616394, 47.18
1377616399, 47.18
1377616404, 47.18
1377616409, 47.18
1377616414, 47.18
1377616419, 47.21
1377616424, 47.21
1377616429, 47.18
1377616434, 47.18
1377616439, 47.18
1377616444, 47.18
1377616449, 47.18
1377616454, 47.18
1377616459, 47.18
1377616464, 47.21
1377616469, 47.18
1377616474, 47.18
1377616479, 47.18
1377616484, 47.21
1377616489, 47.21
1377616494, 47.21
1377616499, 47.18
1377616504, 47.21
1377616509, 47.21
1377616514, 47.21
1377616519, 47.21
1377616524, 47.21
1377616529, 47.21
1377616534, 47.21
1377616539, 47.21
1377616544, 47.21
1377616549, 47.21
1377616554, 47.21
1377616559, 47.21
1377616564, 47.21
1377616569, 47.21
1377616574, 47.21
1377616579, 47.21
1377616584, 47.21
1377616589, 47.21
1377616594, 47.21
1377616599, 47.21
1377616604, 47.24
1377616609, 47.21
1377616614, 47.21
1377616619, 47.21
1377616624, 47.21
1377616629, 47.21
1377616634, 47.21
1377616639, 47.21
1377616644, 47.21
1377616649, 47.21
1377616654, 47.21
1377616659, 47.21
1377616664, 47.21
1377616669, 47.21
1377616674, 47.21
1377616679, 47.21
1377616684, 47.21
1377616689, 47.21
1377616694, 47.21
1377616699, 47.21
1377616704, 47.21
1377616709, 47.21
1377616714, 47.21
1377616719, 47.21
1377616724, 47.24
1377616729, 47.21
1377616734, 47.21
1377616739, 47.21
1377616744, 47.21
1377616749, 47.24
1377616754, 47.24
1377616759, 47.24
1377616764, 47.21
1377616769, 47.21
1377616774, 47.21
1377616779, 47.21
1377616784, 47.24
1377616789, 47.21
1377616794, 47.24
1377616799, 47.24
1377616804, 47.24
1377616809, 47.24
1377616814, 47.24
1377616819, 47.24
1377616824, 47.24
1377616829, 47.24
1377616834, 47.24
1377616839, 47.24
1377616844, 47.24
1377616849, 47.24
1377616854, 47.24
1377616859, 47.28
1377616864, 47.24
1377616869, 47.24
1377616874, 47.28
1377616879, 47.24
1377616884, 47.28
1377616889, 47.28
1377616894, 47.24
1377616899, 47.24
1377616904, 47.24
1377616909, 47.24
1377616914, 47.24
1377616919, 47.28
1377616924, 47.24
1377616929, 47.28
1377616934, 47.28
1377616939, 47.28
1377616944, 47.24
1377616949, 47.28
1377616954, 47.28
1377616959, 47.24
1377616964, 47.28
1377616969, 47.24
1377616974, 47.28
1377616979, 47.24
1377616984, 47.28
1377616989, 47.28
1377616994, 47.28
1377616999, 47.28
1377617004, 47.28
1377617009, 47.28
1377617014, 47.28
1377617019, 47.28
1377617024, 47.28
1377617029, 47.28
1377617034, 47.24
1377617039, 47.28
1377617044, 47.28
1377617049, 47.28
1377617054, 47.28
1377617059, 47.28
1377617064, 47.28
1377617069, 47.28
1377617074, 47.28
1377617079, 47.28
1377617084, 47.28
1377617089, 47.28
1377617094, 47.28
1377617099, 47.28
1377617107, 47.28
1377617109, 47.28
1377617114, 47.28
1377617119, 47.28
1377617124, 47.28
1377617129, 47.28
1377617134, 47.28
1377617139, 47.28
1377617144, 47.28
1377617149, 47.28
1377617154, 47.28
1377617159, 47.28
1377617164, 47.28
1377617169, 47.28
1377617174, 47.28
1377617179, 47.28
1377617184, 47.28
1377617189, 47.28
1377617194, 47.28
1377617199, 47.28
1377617204, 47.28
1377617209, 47.31
1377617214, 47.31
1377617219, 47.28
1377617224, 47.28
1377617229, 47.31
1377617234, 47.31
1377617239, 47.28
1377617244, 47.31
1377617249, 47.28
1377617254, 47.31
1377617259, 47.31
1377617264, 47.31
1377617269, 47.31
1377617274, 47.31
1377617279, 47.31
1377617284, 47.31
1377617289, 47.31
1377617294, 47.31
1377617299, 47.31
1377617304, 47.34
1377617309, 47.34
1377617314, 47.34
1377617319, 47.31
1377617324, 47.34
1377617329, 47.34
1377617334, 47.31
1377617339, 47.31
1377617344, 47.34
1377617349, 47.34
1377617354, 47.34
1377617359, 47.34
1377617364, 47.31
1377617369, 47.34
1377617374, 47.31
1377617379, 47.34
1377617384, 47.34
1377617389, 47.34
1377617394, 47.34
1377617399, 47.34
1377617404, 47.34
1377617409, 47.34
1377617414, 47.34
1377617419, 47.34
1377617424, 47.34
1377617429, 47.34
1377617434, 47.34
1377617439, 47.34
1377617444, 47.34
1377617449, 47.34
1377617454, 47.34
1377617459, 47.34
1377617464, 47.34
1377617469, 47.34
1377617474, 47.34
1377617479, 47.34
1377617484, 47.34
1377617489, 47.34
1377617494, 47.34
1377617499, 47.34
1377617504, 47.34
1377617509, 47.34
1377617514, 47.34
1377617519, 47.38
1377617524, 47.34
1377617529, 47.34
1377617534, 47.34
1377617539, 47.34
1377617544, 47.34
1377617549, 47.34
1377617554, 47.34
1377617559, 47.38
1377617564, 47.38
1377617569, 47.38
1377617574, 47.34
1377617579, 47.38
1377617584, 47.38
1377617589, 47.34
1377617594, 47.41
1377617599, 47.34
1377617604, 47.34
1377617609, 47.38
1377617614, 47.38
1377617619, 47.34
1377617624, 47.38
1377617629, 47.38
1377617634, 47.38
1377617639, 47.41
1377617644, 47.38
1377617649, 47.38
1377617654, 47.38
1377617659, 47.38
1377617664, 47.38
1377617669, 47.38
1377617674, 47.38
1377617679, 47.38
1377617684, 47.38
1377617689, 47.41
1377617694, 47.38
1377617699, 47.41
1377617704, 47.38
1377617709, 47.41
1377617714, 47.38
1377617719, 47.38
1377617724, 47.38
1377617729, 47.38
1377617734, 47.41
1377617739, 47.41
1377617744, 47.41
1377617749, 47.41
1377617754, 47.38
1377617759, 47.38
1377617764, 47.41
1377617769, 47.41
1377617774, 47.41
1377617779, 47.41
1377617784, 47.38
1377617789, 47.41
1377617794, 47.38
1377617799, 47.41
1377617804, 47.41
1377617809, 47.41
1377617814, 47.41
1377617819, 47.41
1377617824, 47.41
1377617829, 47.41
1377617834, 47.41
1377617839, 47.41
1377617844, 47.41
1377617849, 47.41
1377617854, 47.41
1377617859, 47.41
1377617864, 47.41
1377617869, 47.41
1377617874, 47.41
1377617879, 47.41
1377617884, 47.41
1377617889, 47.41
1377617894, 47.41
1377617899, 47.41
1377617904, 47.41
1377617909, 47.41
1377617916, 47.44
1377617919, 47.44
1377617924, 47.41
1377617929, 47.41
1377617934, 47.41
1377617939, 47.41
1377617944, 47.41
1377617949, 47.41
1377617954, 47.41
1377617959, 47.41
1377617964, 47.41
1377617969, 47.44
1377617974, 47.44
1377617979, 47.41
1377617984, 47.44
1377617989, 47.44
1377617994, 47.44
1377617999, 47.44
1377618004, 47.44
1377618009, 47.41
1377618014, 47.44
1377618019, 47.44
1377618024, 47.44
1377618029, 47.44
1377618034, 47.44
1377618039, 47.44
1377618044, 47.44
1377618049, 47.44
1377618054, 47.47
1377618059, 47.47
1377618064, 47.41
1377618069, 47.44
1377618074, 47.44
1377618079, 47.47
1377618084, 47.47
1377618089, 47.47
1377618094, 47.47
1377618099, 47.47
1377618104, 47.47
1377618109, 47.44
1377618114, 47.47
1377618119, 47.47
1377618124, 47.47
1377618129, 47.47
1377618134, 47.44
1377618139, 47.47
1377618144, 47.47
1377618149, 47.47
1377618155, 47.47
1377618159, 47.47
1377618164, 47.47
1377618169, 47.47
1377618174, 47.47
1377618179, 47.47
1377618184, 47.47
1377618189, 47.47
1377618194, 47.47
1377618199, 47.51
1377618204, 47.47
1377618209, 47.47
1377618214, 47.47
1377618219, 47.47
1377618224, 47.47
1377618229, 47.47
1377618234, 47.47
1377618239, 47.47
1377618244, 47.47
1377618249, 47.47
1377618254, 47.47
1377618259, 47.51
1377618264, 47.47
1377618269, 47.47
1377618274, 47.51
1377618279, 47.47
1377618284, 47.47
1377618289, 47.51
1377618294, 47.47
1377618299, 47.47
1377618304, 47.51
1377618309, 47.47
1377618314, 47.47
1377618319, 47.47
1377618324, 47.51
1377618329, 47.47
1377618334, 47.51
1377618339, 47.51
1377618344, 47.51
1377618349, 47.51
1377618354, 47.47
1377618359, 47.51
1377618364, 47.47
1377618369, 47.47
1377618374, 47.51
1377618379, 47.51
1377618384, 47.51
1377618389, 47.51
1377618394, 47.51
1377618399, 47.47
1377618404, 47.51
1377618409, 47.51
1377618414, 47.51
1377618419, 47.51
1377618424, 47.51
1377618429, 47.51
1377618434, 47.51
1377618439, 47.51
1377618444, 47.54
1377618449, 47.54
1377618454, 47.51
1377618459, 47.51
1377618464, 47.54
1377618469, 47.51
1377618474, 47.51
1377618479, 47.51
1377618484, 47.51
1377618489, 47.51
1377618494, 47.51
1377618499, 47.54
1377618504, 47.51
1377618509, 47.51
1377618514, 47.54
1377618519, 47.54
1377618524, 47.54
1377618529, 47.54
1377618534, 47.54
1377618539, 47.51
1377618544, 47.54
1377618549, 47.54
1377618554, 47.54
1377618559, 47.54
1377618564, 47.54
1377618569, 47.54
1377618574, 47.51
1377618579, 47.54
1377618584, 47.54
1377618589, 47.54
1377618594, 47.54
1377618599, 47.54
1377618604, 47.54
1377618609, 47.54
1377618614, 47.54
1377618619, 47.54
1377618624, 47.54
1377618629, 47.54
1377618634, 47.54
1377618639, 47.54
1377618644, 47.57
1377618649, 47.54
1377618654, 47.54
1377618659, 47.54
1377618664, 47.54
1377618669, 47.54
1377618674, 47.54
1377618679, 47.54
1377618684, 47.54
1377618689, 47.54
1377618694, 47.54
1377618699, 47.54
1377618704, 47.54
1377618709, 47.54
1377618714, 47.54
1377618719, 47.54
1377618724, 47.54
1377618729, 47.54
1377618734, 47.54
1377618739, 47.54
1377618744, 47.57
1377618749, 47.54
1377618754, 47.57
1377618759, 47.54
1377618767, 47.54
1377618769, 47.54
1377618774, 47.54
1377618779, 47.54
1377618784, 47.57
1377618789, 47.54
1377618794, 47.57
1377618799, 47.54
1377618804, 47.57
1377618809, 47.57
1377618814, 47.54
1377618819, 47.54
1377618824, 47.54
1377618829, 47.54
1377618834, 47.57
1377618839, 47.57
1377618844, 47.57
1377618849, 47.57
1377618854, 47.57
1377618859, 47.57
1377618864, 47.54
1377618869, 47.57
1377618874, 47.57
1377618879, 47.57
1377618884, 47.60
1377618889, 47.57
1377618894, 47.60
1377618899, 47.57
1377618904, 47.60
1377618909, 47.57
1377618914, 47.57
1377618919, 47.57
1377618924, 47.57
1377618929, 47.57
1377618934, 47.57
1377618939, 47.60
1377618944, 47.60
1377618949, 47.57
1377618954, 47.57
1377618959, 47.57
1377618964, 47.60
1377618969, 47.60
1377618974, 47.60
1377618979, 47.57
1377618984, 47.57
1377618989, 47.60
1377618994, 47.60
1377618999, 47.57
1377619004, 47.57
1377619009, 47.60
1377619014, 47.60
1377619019, 47.60
1377619024, 47.60
1377619029, 47.57
1377619034, 47.60
1377619039, 47.60
1377619044, 47.60
1377619049, 47.57
1377619054, 47.60
1377619059, 47.60
1377619064, 47.60
1377619069, 47.60
1377619074, 47.60
1377619079, 47.60
1377619084, 47.60
1377619089, 47.60
1377619094, 47.60
1377619099, 47.60
1377619104, 47.60
1377619109, 47.60
1377619114, 47.60
1377619119, 47.60
1377619124, 47.60
1377619129, 47.64
1377619134, 47.64
1377619139, 47.60
1377619144, 47.60
1377619149, 47.60
1377619154, 47.60
1377619159, 47.60
1377619164, 47.60
1377619169, 47.60
1377619174, 47.60
1377619179, 47.60
1377619184, 47.60
1377619189, 47.60
1377619194, 47.60
1377619199, 47.60
1377619204, 47.64
1377619209, 47.60
1377619214, 47.64
1377619219, 47.60
1377619224, 47.64
1377619229, 47.64
1377619234, 47.60
1377619239, 47.64
1377619244, 47.64
1377619249, 47.64
1377619254, 47.60
1377619259, 47.64
1377619264, 47.64
1377619269, 47.64
1377619274, 47.64
1377619279, 47.60
1377619284, 47.64
1377619289, 47.64
1377619294, 47.64
1377619299, 47.67
1377619304, 47.64
1377619309, 47.64
1377619314, 47.67
1377619319, 47.64
1377619324, 47.67
1377619329, 47.64
1377619334, 47.64
1377619339, 47.67
1377619344, 47.67
1377619349, 47.64
1377619354, 47.64
1377619359, 47.64
1377619364, 47.67
1377619369, 47.67
1377619374, 47.67
1377619379, 47.67
1377619384, 47.67
1377619389, 47.64
1377619394, 47.67
1377619399, 47.67
1377619404, 47.67
1377619409, 47.67
1377619414, 47.67
1377619419, 47.67
1377619424, 47.67
1377619429, 47.67
1377619434, 47.67
1377619439, 47.67
1377619444, 47.67
1377619449, 47.64
1377619454, 47.67
1377619459, 47.67
1377619464, 47.67
1377619469, 47.67
1377619474, 47.67
1377619479, 47.67
1377619484, 47.67
1377619489, 47.67
1377619494, 47.67
1377619499, 47.67
1377619504, 47.67
1377619509, 47.70
1377619514, 47.67
1377619519, 47.67
1377619524, 47.70
1377619529, 47.67
1377619534, 47.67
1377619539, 47.67
1377619544, 47.67
1377619549, 47.70
1377619554, 47.67
1377619559, 47.70
1377619564, 47.67
1377619569, 47.70
1377619574, 47.70
1377619579, 47.67
1377619584, 47.70
1377619589, 47.70
1377619594, 47.70
1377619599, 47.67
1377619607, 47.70
1377619609, 47.67
1377619614, 47.70
1377619619, 47.67
1377619624, 47.70
1377619629, 47.70
1377619634, 47.70
1377619639, 47.67
1377619644, 47.70
1377619649, 47.70
1377619654, 47.70
1377619659, 47.70
1377619664, 47.73
1377619669, 47.70
1377619674, 47.73
1377619679, 47.73
1377619684, 47.70
1377619689, 47.73
1377619694, 47.73
1377619699, 47.73
1377619704, 47.70
1377619709, 47.70
1377619714, 47.70
1377619719, 47.73
1377619724, 47.70
1377619729, 47.70
1377619734, 47.70
1377619739, 47.73
1377619744, 47.73
1377619749, 47.73
1377619754, 47.73
1377619759, 47.73
1377619764, 47.73
1377619769, 47.73
1377619774, 47.73
1377619779, 47.73
1377619784, 47.73
1377619789, 47.73
1377619794, 47.73
1377619799, 47.73
1377619804, 47.73
1377619809, 47.73
1377619814, 47.73
1377619819, 47.73
1377619824, 47.73
1377619829, 47.73
1377619834, 47.73
1377619839, 47.73
1377619844, 47.73
1377619849, 47.73
1377619854, 47.73
1377619859, 47.73
1377619864, 47.73
1377619869, 47.73
1377619874, 47.73
1377619879, 47.73
1377619884, 47.73
1377619889, 47.77
1377619894, 47.73
1377619899, 47.73
1377619904, 47.73
1377619909, 47.73
1377619914, 47.73
1377619919, 47.73
1377619924, 47.73
1377619929, 47.73
1377619934, 47.73
1377619939, 47.73
1377619944, 47.73
1377619949, 47.73
1377619954, 47.73
1377619959, 47.73
1377619964, 47.73
1377619969, 47.73
1377619974, 47.73
1377619979, 47.73
1377619984, 47.77
1377619989, 47.77
1377619994, 47.77
1377619999, 47.77
1377620004, 47.77
1377620009, 47.73
1377620014, 47.73
1377620019, 47.77
1377620024, 47.77
1377620029, 47.77
1377620034, 47.77
1377620039, 47.77
1377620044, 47.77
1377620049, 47.77
1377620054, 47.77
1377620059, 47.77
1377620064, 47.77
1377620069, 47.77
1377620074, 47.77
1377620079, 47.77
1377620084, 47.77
1377620089, 47.77
1377620094, 47.77
1377620099, 47.77
1377620104, 47.80
1377620109, 47.80
1377620114, 47.77
1377620119, 47.80
1377620124, 47.77
1377620129, 47.77
1377620134, 47.77
1377620139, 47.77
1377620144, 47.80
1377620149, 47.77
1377620154, 47.80
1377620159, 47.80
1377620164, 47.80
1377620169, 47.80
1377620174, 47.80
1377620179, 47.80
1377620184, 47.80
1377620189, 47.80
1377620194, 47.80
1377620199, 47.80
1377620204, 47.80
1377620209, 47.80
1377620214, 47.80
1377620219, 47.80
1377620224, 47.80
1377620229, 47.80
1377620234, 47.80
1377620239, 47.80
1377620244, 47.80
1377620249, 47.80
1377620254, 47.80
1377620259, 47.80
1377620264, 47.80
1377620269, 47.80
1377620274, 47.80
1377620279, 47.80
1377620284, 47.80
1377620289, 47.83
1377620294, 47.80
1377620299, 47.80
1377620304, 47.80
1377620309, 47.80
1377620314, 47.80
1377620319, 47.80
1377620324, 47.80
1377620329, 47.80
1377620334, 47.80
1377620339, 47.80
1377620344, 47.80
1377620349, 47.80
1377620354, 47.80
1377620359, 47.80
1377620364, 47.83
1377620369, 47.80
1377620374, 47.80
1377620379, 47.83
1377620384, 47.80
1377620389, 47.83
1377620394, 47.80
1377620399, 47.83
1377620404, 47.80
1377620409, 47.83
1377620414, 47.80
1377620419, 47.83
1377620424, 47.80
1377620429, 47.83
1377620434, 47.83
1377620439, 47.83
1377620444, 47.80
1377620449, 47.80
1377620454, 47.83
1377620464, 47.83
1377620469, 47.83
1377620474, 47.83
1377620479, 47.83
1377620484, 47.83
1377620489, 47.86
1377620494, 47.83
1377620499, 47.83
1377620504, 47.83
1377620509, 47.83
1377620514, 47.83
1377620519, 47.83
1377620524, 47.86
1377620529, 47.83
1377620534, 47.80
1377620539, 47.86
1377620544, 47.86
1377620549, 47.83
1377620554, 47.83
1377620559, 47.83
1377620564, 47.83
1377620569, 47.86
1377620574, 47.86
1377620579, 47.86
1377620584, 47.86
1377620589, 47.83
1377620594, 47.86
1377620599, 47.83
1377620604, 47.86
1377620609, 47.86
1377620614, 47.86
1377620619, 47.86
1377620624, 47.86
1377620629, 47.86
1377620634, 47.86
1377620639, 47.86
1377620644, 47.86
1377620649, 47.86
1377620654, 47.86
1377620659, 47.86
1377620664, 47.86
1377620669, 47.86
1377620674, 47.86
1377620679, 47.86
1377620684, 47.86
1377620689, 47.86
1377620694, 47.86
1377620699, 47.86
1377620704, 47.86
1377620709, 47.86
1377620714, 47.86
1377620719, 47.86
1377620724, 47.86
1377620729, 47.86
1377620734, 47.86
1377620739, 47.86
1377620744, 47.86
1377620749, 47.86
1377620754, 47.86
1377620759, 47.86
1377620764, 47.86
1377620769, 47.90
1377620774, 47.90
1377620781, 47.86
1377620794, 47.90
1377620799, 47.90
1377620804, 47.90
1377620809, 47.90
1377620814, 47.90
1377620819, 47.90
1377620824, 47.90
1377620829, 47.90
1377620834, 47.90
1377620839, 47.90
1377620844, 47.90
1377620849, 47.93
1377620854, 47.90
1377620859, 47.90
1377620864, 47.90
1377620869, 47.90
1377620874, 47.90
1377620879, 47.86
1377620884, 47.90
1377620889, 47.90
1377620894, 47.90
1377620899, 47.93
1377620904, 47.90
1377620909, 47.93
1377620914, 47.93
1377620919, 47.90
1377620924, 47.93
1377620929, 47.90
1377620934, 47.93
1377620939, 47.93
1377620944, 47.93
1377620949, 47.93
1377620954, 47.93
1377620959, 47.93
1377620964, 47.93
1377620969, 47.93
1377620974, 47.93
1377620979, 47.96
1377620984, 47.93
1377620989, 47.93
1377620994, 47.93
1377620999, 47.93
1377621004, 47.93
1377621009, 47.93
1377621014, 47.93
1377621019, 47.96
1377621024, 47.93
1377621029, 47.93
1377621034, 47.93
1377621039, 47.93
1377621044, 47.93
1377621049, 47.93
1377621054, 47.93
1377621059, 47.96
1377621064, 47.93
1377621069, 47.96
1377621074, 47.96
1377621079, 47.96
1377621084, 47.96
1377621089, 47.96
1377621094, 47.96
1377621099, 47.93
1377621104, 47.96
1377621109, 47.96
1377621114, 47.96
1377621119, 47.96
1377621124, 47.96
1377621129, 47.96
1377621134, 47.96
1377621139, 47.96
1377621144, 47.99
1377621149, 47.99
1377621154, 47.96
1377621159, 47.99
1377621164, 47.96
1377621169, 47.96
1377621174, 47.96
1377621179, 47.96
1377621184, 47.99
1377621189, 47.96
1377621194, 47.99
1377621199, 47.96
1377621204, 47.99
1377621209, 47.96
1377621214, 47.96
1377621219, 47.99
1377621224, 47.96
1377621229, 47.96
1377621234, 47.96
1377621239, 47.99
1377621244, 47.96
1377621249, 47.99
1377621254, 47.99
1377621259, 47.93
1377621264, 47.99
1377621269, 47.99
1377621274, 47.99
1377621279, 47.96
1377621284, 47.99
1377621289, 47.99
1377621294, 47.99
1377621299, 47.99
1377621304, 47.99
1377621309, 47.99
1377621314, 47.99
1377621319, 47.99
1377621324, 47.99
1377621329, 47.99
1377621336, 47.99
1377621339, 47.99
1377621344, 47.99
1377621349, 47.99
1377621354, 47.99
1377621359, 47.99
1377621364, 47.99
1377621369, 47.99
1377621374, 47.99
1377621379, 48.03
1377621384, 47.99
1377621389, 47.99
1377621394, 47.99
1377621399, 47.99
1377621404, 47.99
1377621409, 47.99
1377621414, 47.99
1377621419, 47.99
1377621424, 48.03
1377621429, 48.03
1377621434, 47.99
1377621439, 47.99
1377621444, 47.99
1377621449, 47.99
1377621454, 47.99
1377621459, 47.99
1377621464, 47.99
1377621469, 47.99
1377621474, 47.99
1377621479, 47.99
1377621484, 47.99
1377621489, 47.99
1377621494, 47.99
1377621499, 47.99
1377621504, 47.99
1377621509, 47.99
1377621514, 47.99
1377621519, 48.03
1377621524, 48.03
1377621529, 47.99
1377621534, 47.99
1377621539, 47.99
1377621544, 47.99
1377621549, 47.99
1377621554, 48.03
1377621559, 48.03
1377621564, 48.03
1377621569, 47.99
1377621574, 47.99
1377621579, 48.03
1377621584, 47.99
1377621589, 47.99
1377621594, 48.03
1377621599, 48.03
1377621604, 47.99
1377621609, 47.99
1377621614, 47.99
1377621619, 48.03
1377621624, 47.99
1377621629, 47.99
1377621634, 48.03
1377621639, 47.99
1377621644, 47.99
1377621649, 47.99
1377621654, 47.99
1377621659, 48.03
1377621664, 47.99
1377621669, 47.99
1377621674, 47.99
1377621679, 47.99
1377621684, 47.99
1377621689, 47.99
1377621694, 47.99
1377621699, 47.99
1377621704, 47.99
1377621709, 47.99
1377621714, 47.99
1377621719, 47.99
1377621724, 47.99
1377621729, 47.99
1377621734, 47.99
1377621739, 47.99
1377621744, 47.99
1377621749, 47.99
1377621754, 47.99
1377621759, 47.99
1377621764, 47.99
1377621769, 47.99
1377621774, 47.99
1377621779, 47.99
1377621784, 47.99
1377621789, 47.99
1377621794, 47.99
1377621799, 47.99
1377621804, 47.99
1377621809, 47.99
1377621814, 47.99
1377621819, 47.99
1377621824, 47.99
1377621829, 47.99
1377621834, 47.99
1377621839, 47.99
1377621844, 47.99
1377621849, 47.96
1377621854, 47.99
1377621859, 47.99
1377621864, 47.99
1377621869, 47.96
1377621874, 47.99
1377621879, 47.99
1377621884, 47.99
1377621889, 47.99
1377621894, 47.99
1377621899, 47.99
1377621904, 47.99
1377621909, 47.96
1377621914, 47.96
1377621919, 47.99
1377621924, 47.96
1377621929, 47.96
1377621934, 47.96
1377621939, 47.96
1377621944, 47.99
1377621949, 47.99
1377621954, 47.99
1377621959, 47.99
1377621964, 47.99
1377621969, 47.99
1377621974, 47.96
1377621979, 47.99
1377621984, 47.99
1377621989, 47.96
1377621994, 47.99
1377621999, 47.96
1377622004, 47.99
1377622009, 47.99
1377622014, 47.99
1377622019, 47.99
1377622024, 47.99
1377622029, 47.99
1377622034, 47.99
1377622039, 47.96
1377622044, 47.96
1377622049, 47.96
1377622054, 47.99
1377622059, 47.96
1377622064, 47.96
1377622069, 47.99
1377622074, 47.99
1377622079, 47.99
1377622084, 47.96
1377622089, 47.96
1377622094, 47.96
1377622099, 47.99
1377622104, 47.99
1377622109, 47.96
1377622114, 47.99
1377622119, 47.96
1377622124, 47.99
1377622129, 47.99
1377622134, 47.99
1377622139, 47.99
1377622144, 47.99
1377622149, 47.96
1377622154, 47.99
1377622159, 47.99
1377622164, 47.99
1377622169, 47.99
1377622174, 47.99
1377622179, 47.99
1377622184, 47.99
1377622189, 47.99
1377622194, 47.99
1377622199, 47.96
1377622204, 47.99
1377622209, 47.96
1377622214, 47.99
1377622219, 47.99
1377622224, 47.99
1377622229, 47.99
1377622236, 47.96
1377622239, 47.99
1377622244, 47.96
1377622249, 47.99
1377622254, 47.96
1377622259, 47.96
1377622264, 47.96
1377622269, 47.96
1377622274, 47.99
1377622279, 47.99
1377622284, 47.96
1377622289, 47.99
1377622294, 47.99
1377622299, 47.99
1377622304, 47.96
1377622309, 47.96
1377622314, 47.99
1377622319, 47.99
1377622324, 47.96
1377622329, 47.99
1377622334, 47.99
1377622339, 47.96
1377622344, 47.99
1377622349, 47.99
1377622354, 47.96
1377622359, 47.99
1377622364, 47.99
1377622369, 47.96
1377622374, 47.96
1377622379, 47.99
1377622384, 47.96
1377622389, 47.96
1377622394, 47.99
1377622399, 47.99
1377622404, 47.99
1377622409, 47.99
1377622414, 47.96
1377622419, 47.96
1377622424, 47.96
1377622429, 47.99
1377622434, 47.96
1377622439, 47.99
1377622444, 47.99
1377622449, 47.99
1377622454, 47.96
1377622459, 47.96
1377622464, 47.96
1377622469, 47.99
1377622474, 47.96
1377622479, 47.99
1377622484, 47.99
1377622489, 47.93
1377622494, 47.96
1377622499, 47.99
1377622504, 47.99
1377622509, 47.96
1377622514, 47.99
1377622519, 47.99
1377622524, 47.96
1377622529, 47.99
1377622534, 47.99
1377622539, 47.99
1377622544, 47.96
1377622549, 47.99
1377622554, 47.99
1377622559, 47.99
1377622564, 47.99
1377622569, 47.99
1377622574, 47.99
1377622579, 47.99
1377622584, 47.96
1377622589, 47.96
1377622594, 47.96
1377622599, 47.96
1377622604, 47.96
1377622609, 47.96
1377622614, 47.99
1377622619, 47.99
1377622624, 47.99
1377622629, 47.96
1377622634, 47.96
1377622639, 47.99
1377622644, 47.99
1377622649, 47.99
1377622654, 47.99
1377622659, 47.96
1377622664, 47.96
1377622669, 47.99
1377622674, 47.96
1377622679, 47.99
1377622684, 47.96
1377622689, 47.99
1377622694, 47.99
1377622699, 47.99
1377622704, 47.99
1377622709, 47.96
1377622714, 47.99
1377622719, 47.99
1377622724, 47.99
1377622730, 47.99
1377622734, 47.99
1377622741, 47.99
1377622745, 47.99
1377622749, 47.99
1377622754, 47.99
1377622759, 47.99
1377622764, 47.99
1377622769, 47.99
1377622774, 47.99
1377622779, 47.96
1377622784, 47.99
1377622789, 47.99
1377622794, 47.99
1377622799, 47.99
1377622804, 47.99
1377622809, 47.99
1377622814, 47.99
1377622819, 47.99
1377622824, 47.99
1377622829, 47.99
1377622834, 47.99
1377622839, 47.99
1377622844, 47.99
1377622849, 47.99
1377622854, 47.99
1377622859, 47.99
1377622864, 47.99
1377622869, 47.99
1377622874, 47.99
1377622879, 47.99
1377622884, 47.99
1377622889, 47.99
1377622894, 47.99
1377622899, 47.99
1377622904, 47.99
1377622909, 47.99
1377622914, 47.99
1377622919, 47.99
1377622924, 47.99
1377622929, 47.99
1377622934, 47.99
1377622939, 47.99
1377622944, 47.99
1377622949, 48.03
1377622954, 47.99
1377622959, 47.99
1377622964, 48.03
1377622969, 47.99
1377622974, 47.99
1377622979, 47.99
1377622984, 48.03
1377622989, 47.99
1377622994, 47.99
1377622999, 47.99
1377623004, 48.03
1377623009, 47.99
1377623014, 47.99
1377623019, 47.99
1377623024, 47.99
1377623029, 47.99
1377623034, 47.99
1377623039, 48.03
1377623044, 48.03
1377623049, 47.99
1377623054, 47.99
1377623059, 48.03
1377623064, 47.99
1377623069, 48.03
1377623074, 48.03
1377623079, 48.03
1377623084, 47.99
1377623089, 48.03
1377623094, 48.03
1377623099, 48.03
1377623104, 48.03
1377623111, 48.03
1377623114, 47.99
1377623119, 48.03
1377623124, 47.99
1377623129, 48.03
1377623134, 48.03
1377623139, 47.99
1377623144, 48.03
1377623149, 48.06
1377623154, 48.03
1377623159, 48.03
1377623164, 48.06
1377623169, 48.03
1377623174, 48.03
1377623179, 48.06
1377623184, 48.03
1377623189, 48.03
1377623194, 48.03
1377623199, 48.03
1377623204, 48.03
1377623209, 48.03
1377623214, 48.06
1377623219, 48.03
1377623224, 48.06
1377623229, 48.03
1377623234, 48.03
1377623239, 48.03
1377623244, 48.03
1377623249, 48.03
1377623254, 48.06
1377623259, 48.03
1377623264, 48.06
1377623269, 48.06
1377623274, 48.06
1377623279, 48.03
1377623284, 48.03
1377623289, 48.06
1377623294, 48.06
1377623299, 48.06
1377623304, 48.06
1377623309, 48.06
1377623314, 48.06
1377623319, 48.06
1377623324, 48.06
1377623329, 48.06
1377623334, 48.06
1377623339, 48.06
1377623344, 48.03
1377623349, 48.03
1377623354, 48.03
1377623359, 48.03
1377623364, 48.06
1377623369, 48.06
1377623374, 48.06
1377623379, 48.06
1377623384, 48.06
1377623389, 48.06
1377623394, 48.06
1377623399, 48.06
1377623404, 48.06
1377623409, 48.06
1377623414, 48.06
1377623419, 48.06
1377623424, 48.06
1377623429, 48.06
1377623434, 48.06
1377623439, 48.06
1377623444, 48.06
1377623449, 48.06
1377623454, 48.06
1377623459, 48.06
1377623464, 48.06
1377623469, 48.06
1377623474, 48.09
1377623479, 48.06
1377623484, 48.06
1377623489, 48.06
1377623494, 48.06
1377623499, 48.09
1377623504, 48.06
1377623509, 48.09
1377623514, 48.09
1377623519, 48.06
1377623524, 48.06
1377623529, 48.09
1377623534, 48.09
1377623539, 48.06
1377623544, 48.09
1377623549, 48.06
1377623554, 48.09
1377623559, 48.06
1377623565, 48.09
1377623569, 48.09
1377623574, 48.09
1377623579, 48.06
1377623584, 48.09
1377623589, 48.09
1377623594, 48.09
1377623599, 48.09
1377623604, 48.09
1377623609, 48.09
1377623614, 48.09
1377623619, 48.12
1377623624, 48.09
1377623629, 48.09
1377623634, 48.09
1377623639, 48.12
1377623644, 48.06
1377623649, 48.12
1377623654, 48.09
1377623659, 48.12
1377623664, 48.09
1377623669, 48.12
1377623674, 48.12
1377623679, 48.09
1377623684, 48.12
1377623689, 48.12
1377623694, 48.12
1377623699, 48.12
1377623704, 48.12
1377623709, 48.12
1377623714, 48.12
1377623719, 48.12
1377623724, 48.12
1377623729, 48.12
1377623734, 48.12
1377623739, 48.12
1377623744, 48.12
1377623749, 48.12
1377623754, 48.12
1377623759, 48.12
1377623764, 48.12
1377623769, 48.12
1377623774, 48.12
1377623779, 48.12
1377623784, 48.12
1377623789, 48.12
1377623794, 48.12
1377623799, 48.12
1377623804, 48.12
1377623809, 48.12
1377623814, 48.12
1377623819, 48.12
1377623824, 48.12
1377623829, 48.12
1377623834, 48.12
1377623839, 48.12
1377623844, 48.12
1377623849, 48.12
1377623854, 48.12
1377623859, 48.12
1377623864, 48.16
1377623869, 48.12
1377623874, 48.16
1377623879, 48.16
1377623884, 48.12
1377623889, 48.12
1377623894, 48.16
1377623899, 48.16
1377623904, 48.16
1377623909, 48.16
1377623914, 48.16
1377623919, 48.16
1377623924, 48.16
1377623929, 48.16
1377623934, 48.12
1377623939, 48.16
1377623944, 48.16
1377623949, 48.16
1377623954, 48.16
1377623959, 48.16
1377623964, 48.16
1377623969, 48.16
1377623974, 48.16
1377623983, 48.16
1377623984, 48.19
1377623989, 48.19
1377623994, 48.16
1377623999, 48.16
1377624004, 48.16
1377624009, 48.16
1377624014, 48.16
1377624019, 48.16
1377624024, 48.19
1377624029, 48.19
1377624034, 48.19
1377624039, 48.19
1377624044, 48.19
1377624049, 48.16
1377624054, 48.19
1377624059, 48.16
1377624064, 48.19
1377624069, 48.19
1377624074, 48.19
1377624079, 48.19
1377624084, 48.19
1377624089, 48.19
1377624094, 48.19
1377624099, 48.19
1377624104, 48.19
1377624109, 48.19
1377624114, 48.19
1377624119, 48.19
1377624124, 48.19
1377624129, 48.19
1377624134, 48.19
1377624139, 48.19
1377624144, 48.19
1377624149, 48.19
1377624154, 48.19
1377624159, 48.19
1377624164, 48.19
1377624169, 48.19
1377624174, 48.19
1377624179, 48.19
1377624184, 48.19
1377624189, 48.19
1377624194, 48.19
1377624199, 48.19
1377624204, 48.19
1377624209, 48.19
1377624214, 48.19
1377624219, 48.19
1377624224, 48.19
1377624229, 48.19
1377624234, 48.19
1377624239, 48.19
1377624244, 48.22
1377624249, 48.22
1377624254, 48.22
1377624259, 48.22
1377624264, 48.22
1377624269, 48.22
1377624274, 48.19
1377624279, 48.22
1377624284, 48.19
1377624289, 48.22
1377624294, 48.22
1377624299, 48.22
1377624304, 48.19
1377624309, 48.22
1377624314, 48.22
1377624319, 48.22
1377624324, 48.22
1377624329, 48.22
1377624334, 48.22
1377624339, 48.22
1377624344, 48.22
1377624349, 48.22
1377624354, 48.22
1377624359, 48.22
1377624364, 48.25
1377624369, 48.22
1377624374, 48.22
1377624379, 48.22
1377624384, 48.22
1377624389, 48.22
1377624394, 48.25
1377624399, 48.22
1377624404, 48.22
1377624409, 48.25
1377624414, 48.25
1377624419, 48.25
1377624424, 48.25
1377624429, 48.25
1377624434, 48.25
1377624439, 48.22
1377624444, 48.25
1377624449, 48.25
1377624454, 48.25
1377624459, 48.22
1377624464, 48.22
1377624469, 48.25
1377624474, 48.25
1377624479, 48.25
1377624484, 48.25
1377624489, 48.25
1377624494, 48.25
1377624499, 48.25
1377624504, 48.25
1377624509, 48.25
1377624514, 48.25
1377624519, 48.25
1377624524, 48.25
1377624529, 48.25
1377624534, 48.25
1377624539, 48.25
1377624544, 48.25
1377624549, 48.25
1377624554, 48.25
1377624559, 48.25
1377624564, 48.25
1377624569, 48.25
1377624574, 48.25
1377624579, 48.25
1377624584, 48.25
1377624589, 48.25
1377624594, 48.25
1377624599, 48.25
1377624604, 48.25
1377624609, 48.25
1377624614, 48.25
1377624619, 48.25
1377624624, 48.29
1377624629, 48.25
1377624634, 48.25
1377624639, 48.25
1377624644, 48.25
1377624649, 48.25
1377624654, 48.29
1377624659, 48.29
1377624664, 48.25
1377624669, 48.29
1377624674, 48.25
1377624679, 48.29
1377624684, 48.29
1377624689, 48.29
1377624694, 48.29
1377624699, 48.29
1377624704, 48.25
1377624709, 48.25
1377624714, 48.29
1377624719, 48.29
1377624724, 48.25
1377624729, 48.29
1377624734, 48.29
1377624739, 48.29
1377624744, 48.29
1377624749, 48.29
1377624754, 48.25
1377624759, 48.29
1377624764, 48.32
1377624769, 48.29
1377624774, 48.29
1377624779, 48.29
1377624784, 48.32
1377624789, 48.29
1377624794, 48.29
1377624799, 48.32
1377624804, 48.29
1377624809, 48.25
1377624814, 48.29
1377624819, 48.29
1377624824, 48.29
1377624829, 48.32
1377624837, 48.29
1377624839, 48.29
1377624844, 48.32
1377624849, 48.32
1377624854, 48.32
1377624859, 48.32
1377624864, 48.29
1377624869, 48.29
1377624874, 48.32
1377624879, 48.32
1377624884, 48.32
1377624889, 48.32
1377624894, 48.32
1377624899, 48.32
1377624904, 48.32
1377624909, 48.32
1377624914, 48.32
1377624919, 48.29
1377624924, 48.32
1377624929, 48.32
1377624934, 48.32
1377624939, 48.32
1377624944, 48.32
1377624949, 48.32
1377624954, 48.32
1377624959, 48.32
1377624964, 48.32
1377624969, 48.32
1377624974, 48.32
1377624979, 48.32
1377624985, 48.32
1377624989, 48.32
1377624994, 48.32
1377624999, 48.32
1377625004, 48.32
1377625009, 48.32
1377625014, 48.32
1377625019, 48.32
1377625024, 48.32
1377625029, 48.32
1377625034, 48.32
1377625039, 48.35
1377625044, 48.32
1377625049, 48.32
1377625054, 48.32
1377625059, 48.32
1377625064, 48.32
1377625069, 48.32
1377625074, 48.32
1377625079, 48.32
1377625084, 48.32
1377625089, 48.32
1377625094, 48.32
1377625099, 48.32
1377625104, 48.32
1377625109, 48.32
1377625114, 48.35
1377625119, 48.32
1377625124, 48.35
1377625129, 48.32
1377625134, 48.35
1377625139, 48.32
1377625144, 48.35
1377625149, 48.35
1377625154, 48.32
1377625159, 48.32
1377625164, 48.35
1377625169, 48.35
1377625174, 48.35
1377625179, 48.35
1377625184, 48.35
1377625189, 48.35
1377625194, 48.32
1377625199, 48.35
1377625204, 48.32
1377625209, 48.35
1377625214, 48.35
1377625219, 48.35
1377625224, 48.35
1377625229, 48.35
1377625234, 48.35
1377625239, 48.35
1377625244, 48.35
1377625249, 48.35
1377625254, 48.35
1377625259, 48.35
1377625264, 48.35
1377625269, 48.35
1377625274, 48.35
1377625279, 48.35
1377625284, 48.38
1377625289, 48.35
1377625294, 48.35
1377625299, 48.35
1377625304, 48.38
1377625309, 48.35
1377625314, 48.35
1377625319, 48.35
1377625324, 48.38
1377625329, 48.35
1377625334, 48.35
1377625339, 48.35
1377625344, 48.35
1377625349, 48.35
1377625354, 48.38
1377625359, 48.35
1377625364, 48.38
1377625369, 48.38
1377625374, 48.35
1377625379, 48.38
1377625384, 48.35
1377625389, 48.38
1377625394, 48.38
1377625399, 48.38
1377625404, 48.38
1377625409, 48.38
1377625414, 48.38
1377625419, 48.38
1377625424, 48.35
1377625429, 48.38
1377625434, 48.38
1377625439, 48.38
1377625444, 48.35
1377625449, 48.38
1377625454, 48.38
1377625459, 48.38
1377625464, 48.38
1377625469, 48.38
1377625474, 48.38
1377625479, 48.38
1377625484, 48.38
1377625489, 48.38
1377625494, 48.38
1377625499, 48.35
1377625504, 48.38
1377625509, 48.38
1377625514, 48.38
1377625519, 48.38
1377625524, 48.38
1377625529, 48.38
1377625534, 48.38
1377625539, 48.38
1377625544, 48.38
1377625549, 48.38
1377625554, 48.38
1377625559, 48.38
1377625564, 48.38
1377625569, 48.38
1377625574, 48.38
1377625579, 48.38
1377625584, 48.38
1377625589, 48.38
1377625594, 48.38
1377625599, 48.38
1377625604, 48.38
1377625609, 48.38
1377625614, 48.38
1377625619, 48.38
1377625624, 48.38
1377625629, 48.38
1377625634, 48.38
1377625639, 48.38
1377625644, 48.38
1377625649, 48.38
1377625654, 48.38
1377625659, 48.38
1377625664, 48.38
1377625669, 48.38
1377625674, 48.38
1377625679, 48.38
1377625684, 48.38
1377625689, 48.38
1377625694, 48.38
1377625703, 48.38
1377625704, 48.38
1377625709, 48.38
1377625714, 48.38
1377625719, 48.38
1377625724, 48.38
1377625729, 48.38
1377625734, 48.38
1377625739, 48.42
1377625744, 48.38
1377625749, 48.42
1377625754, 48.42
1377625759, 48.38
1377625764, 48.38
1377625769, 48.38
1377625774, 48.42
1377625779, 48.38
1377625784, 48.42
1377625789, 48.38
1377625794, 48.38
1377625799, 48.38
1377625804, 48.38
1377625809, 48.38
1377625814, 48.42
1377625819, 48.38
1377625824, 48.38
1377625829, 48.38
1377625834, 48.42
1377625839, 48.38
1377625844, 48.38
1377625849, 48.38
1377625854, 48.38
1377625859, 48.42
1377625864, 48.38
1377625869, 48.38
1377625874, 48.38
1377625879, 48.42
1377625884, 48.38
1377625889, 48.38
1377625894, 48.38
1377625899, 48.38
1377625904, 48.42
1377625909, 48.42
1377625914, 48.42
1377625919, 48.38
1377625924, 48.38
1377625929, 48.42
1377625934, 48.38
1377625939, 48.38
1377625944, 48.38
1377625949, 48.42
1377625954, 48.42
1377625959, 48.42
1377625964, 48.42
1377625969, 48.38
1377625974, 48.38
1377625979, 48.42
1377625984, 48.42
1377625989, 48.42
1377625994, 48.42
1377625999, 48.42
1377626004, 48.38
1377626009, 48.42
1377626014, 48.42
1377626019, 48.38
1377626024, 48.42
1377626029, 48.38
1377626034, 48.42
1377626039, 48.42
1377626044, 48.38
1377626049, 48.42
1377626054, 48.42
1377626059, 48.38
1377626064, 48.38
1377626069, 48.42
1377626074, 48.42
1377626079, 48.42
1377626084, 48.42
1377626089, 48.42
1377626094, 48.42
1377626099, 48.42
1377626104, 48.42
1377626109, 48.42
1377626114, 48.42
1377626119, 48.42
1377626124, 48.38
1377626129, 48.42
1377626134, 48.42
1377626139, 48.38
1377626144, 48.45
1377626149, 48.42
1377626154, 48.45
1377626159, 48.42
1377626164, 48.42
1377626169, 48.38
1377626174, 48.42
1377626179, 48.45
1377626184, 48.42
1377626189, 48.42
1377626194, 48.42
1377626199, 48.45
1377626204, 48.42
1377626209, 48.42
1377626214, 48.45
1377626219, 48.42
1377626224, 48.42
1377626229, 48.42
1377626234, 48.42
1377626239, 48.42
1377626244, 48.42
1377626249, 48.42
1377626254, 48.42
1377626259, 48.42
1377626264, 48.42
1377626269, 48.42
1377626275, 48.42
1377626280, 48.42
1377626284, 48.42
1377626289, 48.42
1377626294, 48.45
1377626299, 48.42
1377626304, 48.42
1377626309, 48.42
1377626314, 48.42
1377626319, 48.42
1377626324, 48.42
1377626329, 48.42
1377626334, 48.42
1377626339, 48.42
1377626346, 48.45
1377626349, 48.45
1377626354, 48.42
1377626359, 48.42
1377626364, 48.42
1377626369, 48.42
1377626374, 48.42
1377626379, 48.42
1377626384, 48.45
1377626389, 48.38
1377626394, 48.42
1377626399, 48.45
1377626404, 48.45
1377626409, 48.42
1377626414, 48.42
1377626419, 48.42
1377626424, 48.42
1377626429, 48.45
1377626434, 48.45
1377626439, 48.42
1377626444, 48.42
1377626449, 48.45
1377626454, 48.45
1377626459, 48.42
1377626464, 48.45
1377626469, 48.42
1377626474, 48.45
1377626479, 48.45
1377626484, 48.45
1377626489, 48.45
1377626494, 48.45
1377626499, 48.42
1377626504, 48.45
1377626509, 48.45
1377626514, 48.42
1377626519, 48.45
1377626528, 48.45
1377626529, 48.45
1377626534, 48.45
1377626539, 48.45
1377626544, 48.45
1377626549, 48.45
1377626554, 48.45
1377626559, 48.45
1377626564, 48.45
1377626569, 48.45
1377626574, 48.45
1377626579, 48.45
1377626584, 48.45
1377626589, 48.45
1377626594, 48.45
1377626599, 48.42
1377626604, 48.45
1377626609, 48.42
1377626614, 48.45
1377626619, 48.45
1377626624, 48.45
1377626629, 48.45
1377626634, 48.45
1377626639, 48.45
1377626644, 48.42
1377626649, 48.45
1377626654, 48.45
1377626659, 48.45
1377626664, 48.45
1377626669, 48.45
1377626674, 48.45
1377626679, 48.45
1377626684, 48.45
1377626689, 48.45
1377626694, 48.45
1377626699, 48.45
1377626704, 48.45
1377626709, 48.45
1377626714, 48.45
1377626719, 48.45
1377626724, 48.45
1377626729, 48.45
1377626734, 48.45
1377626739, 48.45
1377626744, 48.45
1377626749, 48.45
1377626754, 48.45
1377645755, 49.48
1377645756, 49.48
1377645770, 49.52
1377645782, 49.48
1377645783, 49.48
1377645788, 49.52
1377645793, 49.48
1377645798, 49.48
1377645803, 49.48
1377645808, 49.48
1377645813, 49.48
1377645818, 49.52
1377645823, 49.48
1377645828, 49.48
1377645833, 49.48
1377645838, 49.48
1377645843, 49.52
1377645848, 49.48
1377645853, 49.52
1377645858, 49.52
1377645863, 49.52
1377645868, 49.52
1377645873, 49.52
1377645878, 49.52
1377645883, 49.52
1377645888, 49.52
1377645893, 49.48
1377645898, 49.52
1377645903, 49.48
1377645908, 49.52
1377645913, 49.52
1377645918, 49.52
1377645923, 49.55
1377645928, 49.52
1377645933, 49.48
1377645938, 49.52
1377645943, 49.52
1377645948, 49.48
1377645953, 49.48
1377645958, 49.52
1377645963, 49.52
1377645968, 49.52
1377645973, 49.52
1377645978, 49.52
1377645983, 49.52
1377645988, 49.52
1377645993, 49.52
1377645998, 49.55
1377646003, 49.52
1377646008, 49.52
1377646013, 49.52
1377646018, 49.55
1377646023, 49.52
1377646028, 49.52
1377646033, 49.52
1377646038, 49.52
1377646043, 49.52
1377646048, 49.52
1377646053, 49.52
1377646058, 49.52
1377646063, 49.55
1377646068, 49.55
1377646073, 49.52
1377646078, 49.55
1377646083, 49.55
1377646088, 49.55
1377646093, 49.55
1377646098, 49.55
1377646103, 49.52
1377646108, 49.55
1377646113, 49.55
1377646118, 49.52
1377646123, 49.55
1377646128, 49.55
1377646133, 49.55
1377646138, 49.55
1377646143, 49.55
1377646148, 49.55
1377646153, 49.55
1377646158, 49.52
1377646163, 49.52
1377646168, 49.55
1377646173, 49.55
1377646178, 49.55
1377646183, 49.55
1377646188, 49.55
1377646193, 49.55
1377646198, 49.55
1377646203, 49.55
1377646208, 49.55
1377646213, 49.55
1377646218, 49.55
1377646223, 49.55
1377646228, 49.55
1377646233, 49.55
1377646238, 49.55
1377646243, 49.55
1377646248, 49.55
1377646253, 49.52
1377646258, 49.55
1377646263, 49.55
1377646268, 49.55
1377646273, 49.55
1377646278, 49.55
1377646283, 49.55
1377646288, 49.55
1377646293, 49.55
1377646298, 49.55
1377646303, 49.55
1377646308, 49.55
1377646313, 49.55
1377646318, 49.55
1377646323, 49.55
1377646328, 49.55
1377646333, 49.55
1377646338, 49.55
1377646343, 49.55
1377646348, 49.55
1377646353, 49.55
1377646358, 49.55
1377646363, 49.58
1377646368, 49.55
1377646373, 49.55
1377646378, 49.55
1377646383, 49.55
1377646388, 49.55
1377646393, 49.55
1377646398, 49.55
1377646403, 49.55
1377646408, 49.55
1377646413, 49.55
1377646418, 49.55
1377646423, 49.55
1377646428, 49.55
1377646433, 49.55
1377646438, 49.55
1377646443, 49.55
1377646448, 49.55
1377646453, 49.55
1377646458, 49.55
1377646463, 49.58
1377646468, 49.58
1377646473, 49.55
1377646478, 49.55
1377646483, 49.55
1377646488, 49.55
1377646493, 49.55
1377646498, 49.58
1377646503, 49.58
1377646508, 49.55
1377646513, 49.55
1377646518, 49.55
1377646523, 49.55
1377646528, 49.55
1377646533, 49.58
1377646538, 49.58
1377646543, 49.55
1377646548, 49.58
1377646553, 49.55
1377646558, 49.58
1377646563, 49.55
1377646568, 49.58
1377646573, 49.58
1377646578, 49.58
1377646583, 49.58
1377646588, 49.58
1377646593, 49.58
1377646598, 49.55
1377646603, 49.58
1377646608, 49.58
1377646613, 49.58
1377646618, 49.58
1377646623, 49.58
1377646628, 49.58
1377646633, 49.55
1377646638, 49.58
1377646643, 49.58
1377646648, 49.61
1377646653, 49.58
1377646658, 49.61
1377646663, 49.58
1377646668, 49.61
1377646673, 49.58
1377646678, 49.61
1377646683, 49.58
1377646688, 49.58
1377646693, 49.58
1377646698, 49.58
1377646703, 49.58
1377646708, 49.61
1377646713, 49.58
1377646718, 49.61
1377646723, 49.61
1377646728, 49.58
1377646733, 49.58
1377646738, 49.58
1377646743, 49.61
1377646748, 49.61
1377646753, 49.61
1377646758, 49.61
1377646763, 49.58
1377646768, 49.61
1377646773, 49.61
1377646778, 49.61
1377646783, 49.61
1377646788, 49.61
1377646793, 49.61
1377646798, 49.61
1377646803, 49.58
1377646808, 49.61
1377646813, 49.61
1377646818, 49.61
1377646823, 49.61
1377646828, 49.61
1377646833, 49.61
1377646838, 49.61
1377646843, 49.61
1377646848, 49.61
1377646853, 49.61
1377646858, 49.61
1377646863, 49.61
1377646868, 49.61
1377646873, 49.61
1377646878, 49.61
1377646883, 49.61
1377646888, 49.61
1377646893, 49.61
1377646898, 49.61
1377646903, 49.65
1377646908, 49.61
1377646913, 49.61
1377646918, 49.61
1377646923, 49.65
1377646928, 49.61
1377646933, 49.61
1377646938, 49.65
1377646943, 49.65
1377646948, 49.61
1377646953, 49.61
1377646958, 49.61
1377646963, 49.61
1377646968, 49.61
1377646973, 49.61
1377646978, 49.61
1377646983, 49.65
1377646988, 49.65
1377646993, 49.61
1377646998, 49.65
1377647003, 49.61
1377647008, 49.61
1377647013, 49.65
1377647018, 49.65
1377647023, 49.61
1377647028, 49.65
1377647033, 49.65
1377647038, 49.61
1377647043, 49.61
1377647048, 49.65
1377647053, 49.65
1377647058, 49.65
1377647063, 49.65
1377647068, 49.65
1377647073, 49.61
1377647078, 49.65
1377647083, 49.65
1377647088, 49.65
1377647093, 49.65
1377647098, 49.61
1377647103, 49.65
1377647108, 49.65
1377647113, 49.68
1377647118, 49.61
1377647123, 49.65
1377647128, 49.65
1377647133, 49.68
1377647138, 49.65
1377647143, 49.68
1377647148, 49.65
1377647153, 49.65
1377647158, 49.68
1377647163, 49.68
1377647168, 49.68
1377647173, 49.68
1377647178, 49.68
1377647183, 49.65
1377647188, 49.68
1377647193, 49.68
1377647198, 49.68
1377647203, 49.68
1377647208, 49.68
1377647213, 49.68
1377647218, 49.68
1377647223, 49.68
1377647228, 49.68
1377647233, 49.68
1377647238, 49.68
1377647243, 49.68
1377647248, 49.68
1377647253, 49.68
1377647258, 49.68
1377647263, 49.68
1377647268, 49.68
1377647273, 49.68
1377647278, 49.68
1377647283, 49.68
1377647288, 49.68
1377647293, 49.68
1377647298, 49.68
1377647303, 49.68
1377647308, 49.71
1377647313, 49.68
1377647318, 49.71
1377647323, 49.68
1377647328, 49.68
1377647333, 49.71
1377647338, 49.68
1377647343, 49.71
1377647348, 49.71
1377647353, 49.71
1377647358, 49.68
1377647363, 49.71
1377647368, 49.71
1377647373, 49.71
1377647378, 49.71
1377647383, 49.71
1377647388, 49.71
1377647393, 49.71
1377647398, 49.68
1377647403, 49.71
1377647408, 49.71
1377647413, 49.71
1377647418, 49.71
1377647423, 49.71
1377647428, 49.74
1377647433, 49.71
1377647438, 49.74
1377647443, 49.71
1377647448, 49.71
1377647453, 49.71
1377647458, 49.74
1377647463, 49.71
1377647468, 49.71
1377647473, 49.71
1377647478, 49.74
1377647483, 49.71
1377647488, 49.71
1377647493, 49.74
1377647498, 49.74
1377647503, 49.74
1377647508, 49.74
1377647513, 49.74
1377647518, 49.74
1377647523, 49.74
1377647528, 49.74
1377647533, 49.74
1377647538, 49.74
1377647543, 49.74
1377647548, 49.74
1377647553, 49.74
1377647558, 49.74
1377647563, 49.74
1377647568, 49.74
1377647573, 49.74
1377647578, 49.74
1377647583, 49.74
1377647588, 49.74
1377647593, 49.74
1377647598, 49.74
1377647603, 49.74
1377647608, 49.74
1377647613, 49.74
1377647618, 49.71
1377647623, 49.74
1377647628, 49.74
1377647633, 49.74
1377647638, 49.74
1377647643, 49.74
1377647648, 49.74
1377647653, 49.77
1377647658, 49.74
1377647663, 49.74
1377647668, 49.74
1377647673, 49.74
1377647678, 49.74
1377647683, 49.74
1377647688, 49.74
1377647693, 49.74
1377647698, 49.74
1377647703, 49.74
1377647708, 49.74
1377647713, 49.74
1377647718, 49.74
1377647723, 49.74
1377647728, 49.77
1377647733, 49.74
1377647738, 49.74
1377647743, 49.74
1377647748, 49.74
1377647753, 49.74
1377647758, 49.77
1377647763, 49.77
1377647768, 49.77
1377647773, 49.74
1377647778, 49.74
1377647783, 49.77
1377647788, 49.74
1377647793, 49.77
1377647798, 49.77
1377647803, 49.74
1377647808, 49.74
1377647813, 49.74
1377647818, 49.77
1377647823, 49.77
1377647828, 49.74
1377647833, 49.77
1377647838, 49.77
1377647843, 49.77
1377647848, 49.77
1377647853, 49.77
1377647858, 49.74
1377647863, 49.77
1377647868, 49.77
1377647873, 49.77
1377647878, 49.77
1377647883, 49.74
1377647888, 49.77
1377647893, 49.77
1377647898, 49.77
1377647903, 49.77
1377647908, 49.77
1377647913, 49.77
1377647918, 49.77
1377647923, 49.77
1377647928, 49.77
1377647933, 49.77
1377647938, 49.77
1377647943, 49.77
1377647948, 49.77
1377647953, 49.77
1377647958, 49.77
1377647963, 49.77
1377647968, 49.77
1377647973, 49.81
1377647978, 49.77
1377647983, 49.81
1377647988, 49.77
1377647993, 49.77
1377647998, 49.81
1377648003, 49.81
1377648008, 49.77
1377648013, 49.81
1377648018, 49.81
1377648023, 49.77
1377648028, 49.81
1377648033, 49.81
1377648038, 49.77
1377648043, 49.81
1377648048, 49.77
1377648053, 49.77
1377648058, 49.77
1377648063, 49.81
1377648068, 49.77
1377648073, 49.81
1377648078, 49.77
1377648083, 49.81
1377648088, 49.81
1377648093, 49.81
1377648098, 49.77
1377648103, 49.81
1377648108, 49.81
1377648113, 49.81
1377648118, 49.77
1377648123, 49.81
1377648128, 49.77
1377648133, 49.81
1377648138, 49.81
1377648143, 49.81
1377648148, 49.81
1377648153, 49.81
1377648158, 49.81
1377648163, 49.81
1377648168, 49.81
1377648173, 49.81
1377648178, 49.81
1377648183, 49.81
1377648188, 49.81
1377648193, 49.81
1377648198, 49.81
1377648203, 49.77
1377648208, 49.81
1377648213, 49.81
1377648218, 49.81
1377648223, 49.81
1377648228, 49.81
1377648233, 49.81
1377648238, 49.81
1377648243, 49.81
1377648248, 49.81
1377648253, 49.81
1377648258, 49.81
1377648263, 49.77
1377648268, 49.81
1377648273, 49.81
1377648278, 49.81
1377648283, 49.81
1377648288, 49.81
1377648293, 49.81
1377648298, 49.81
1377648303, 49.81
1377648308, 49.81
1377648313, 49.81
1377648318, 49.81
1377648323, 49.81
1377648328, 49.81
1377648333, 49.81
1377648338, 49.81
1377648343, 49.81
1377648348, 49.81
1377648353, 49.81
1377648358, 49.81
1377648363, 49.81
1377648368, 49.81
1377648373, 49.81
1377648378, 49.81
1377648383, 49.81
1377648388, 49.81
1377648393, 49.84
1377648398, 49.81
1377648403, 49.81
1377648408, 49.81
1377648413, 49.81
1377648418, 49.81
1377648423, 49.81
1377648428, 49.81
1377648433, 49.81
1377648438, 49.81
1377648443, 49.81
1377648448, 49.81
1377648453, 49.84
1377648458, 49.81
1377648463, 49.84
1377648468, 49.84
1377648473, 49.81
1377648478, 49.84
1377648483, 49.81
1377648488, 49.84
1377648493, 49.84
1377648498, 49.84
1377648503, 49.81
1377648508, 49.81
1377648513, 49.84
1377648518, 49.81
1377648523, 49.84
1377648528, 49.84
1377648533, 49.81
1377648538, 49.81
1377648543, 49.84
1377648548, 49.81
1377648553, 49.81
1377648558, 49.81
1377648563, 49.84
1377648568, 49.84
1377648573, 49.84
1377648578, 49.81
1377648583, 49.84
1377648588, 49.84
1377648593, 49.84
1377648598, 49.87
1377648603, 49.81
1377648608, 49.84
1377648613, 49.84
1377648618, 49.84
1377648623, 49.84
1377648628, 49.81
1377648633, 49.84
1377648638, 49.84
1377648643, 49.81
1377648648, 49.84
1377648653, 49.84
1377648658, 49.84
1377648663, 49.84
1377648668, 49.84
1377648673, 49.84
1377648678, 49.84
1377648683, 49.81
1377648688, 49.84
1377648693, 49.84
1377648698, 49.84
1377648703, 49.84
1377648708, 49.84
1377648713, 49.84
1377648718, 49.84
1377648723, 49.84
1377648728, 49.87
1377648733, 49.87
1377648738, 49.84
1377648743, 49.87
1377648748, 49.84
1377648753, 49.84
1377648758, 49.87
1377648763, 49.87
1377648768, 49.87
1377648773, 49.87
1377648778, 49.87
1377648783, 49.87
1377648788, 49.87
1377648793, 49.87
1377648798, 49.84
1377648803, 49.87
1377648808, 49.87
1377648813, 49.87
1377648818, 49.87
1377648823, 49.87
1377648828, 49.87
1377648833, 49.87
1377648838, 49.87
1377648843, 49.87
1377648848, 49.87
1377648853, 49.87
1377648858, 49.87
1377648863, 49.87
1377648868, 49.84
1377648873, 49.87
1377648878, 49.87
1377648883, 49.87
1377648888, 49.87
1377648893, 49.87
1377648898, 49.87
1377648903, 49.87
1377648908, 49.87
1377648913, 49.87
1377648918, 49.87
1377648923, 49.87
1377648928, 49.87
1377648933, 49.87
1377648938, 49.87
1377648943, 49.87
1377648948, 49.87
1377648953, 49.87
1377648958, 49.87
1377648963, 49.87
1377648968, 49.87
1377648973, 49.87
1377648978, 49.87
1377648983, 49.87
1377648988, 49.87
1377648993, 49.87
1377648998, 49.87
1377649003, 49.87
1377649008, 49.87
1377649013, 49.90
1377649018, 49.87
1377649023, 49.90
1377649028, 49.87
1377649033, 49.87
1377649038, 49.87
1377649043, 49.90
1377649048, 49.90
1377649053, 49.87
1377649058, 49.87
1377649063, 49.87
1377649068, 49.90
1377649073, 49.87
1377649078, 49.90
1377649083, 49.90
1377649088, 49.87
1377649093, 49.90
1377649098, 49.87
1377649103, 49.90
1377649108, 49.90
1377649113, 49.90
1377649118, 49.90
1377649123, 49.90
1377649128, 49.90
1377649133, 49.90
1377649138, 49.90
1377649143, 49.90
1377649148, 49.90
1377649153, 49.90
1377649158, 49.90
1377649163, 49.94
1377649168, 49.94
1377649173, 49.90
1377649178, 49.90
1377649183, 49.94
1377649188, 49.90
1377649193, 49.94
1377649198, 49.90
1377649203, 49.90
1377649208, 49.94
1377649213, 49.90
1377649218, 49.90
1377649223, 49.90
1377649228, 49.94
1377649233, 49.94
1377649238, 49.90
1377649243, 49.94
1377649248, 49.94
1377649253, 49.94
1377649258, 49.90
1377649263, 49.94
1377649268, 49.94
1377649273, 49.94
1377649278, 49.94
1377649283, 49.94
1377649288, 49.94
1377649293, 49.94
1377649298, 49.90
1377649303, 49.94
1377649308, 49.94
1377649313, 49.94
1377649318, 49.94
1377649323, 49.94
1377649328, 49.94
1377649333, 49.94
1377649338, 49.94
1377649343, 49.94
1377649348, 49.94
1377649353, 49.94
1377649358, 49.94
1377649363, 49.94
1377649368, 49.94
1377649373, 49.94
1377649378, 49.94
1377649383, 49.94
1377649388, 49.94
1377649393, 49.94
1377649398, 49.94
1377649403, 49.94
1377649408, 49.94
1377649413, 49.94
1377649418, 49.94
1377649423, 49.94
1377649428, 49.94
1377649433, 49.94
1377649438, 49.94
1377649443, 49.94
1377649448, 49.97
1377649453, 49.94
1377649458, 49.94
1377649463, 49.94
1377649468, 49.94
1377649473, 49.94
1377649478, 49.94
1377649483, 49.94
1377649488, 49.94
1377649493, 49.94
1377649498, 49.94
1377649503, 49.97
1377649508, 49.94
1377649513, 49.97
1377649518, 49.97
1377649523, 49.94
1377649528, 49.97
1377649533, 49.94
1377649538, 49.94
1377649543, 49.97
1377649548, 49.97
1377649553, 49.94
1377649558, 49.97
1377649563, 49.94
1377649568, 49.94
1377649573, 49.97
1377649578, 49.97
1377649583, 49.94
1377649588, 49.97
1377649593, 49.97
1377649598, 49.97
1377649603, 49.97
1377649608, 49.97
1377649613, 49.97
1377649618, 49.97
1377649623, 50.00
1377649628, 49.97
1377649633, 49.94
1377649638, 49.97
1377649643, 49.97
1377649648, 49.97
1377649653, 49.97
1377649658, 49.97
1377649663, 49.97
1377649668, 49.97
1377649673, 49.97
1377649678, 49.97
1377649683, 49.97
1377649688, 49.97
1377649693, 50.00
1377649698, 50.00
1377649703, 49.97
1377649708, 49.97
1377649713, 49.97
1377649718, 49.97
1377649723, 49.97
1377649728, 49.97
1377649733, 49.97
1377649738, 49.97
1377649743, 50.00
1377649748, 49.97
1377649753, 50.00
1377649758, 50.00
1377649763, 49.97
1377649768, 49.97
1377649773, 50.00
1377649778, 50.00
1377649783, 49.97
1377649788, 50.00
1377649793, 49.97
1377649798, 49.97
1377649803, 50.00
1377649808, 50.00
1377649813, 50.00
1377649818, 50.00
1377649823, 49.97
1377649828, 49.97
1377649833, 50.00
1377649838, 50.00
1377649843, 49.97
1377649848, 50.00
1377649853, 50.00
1377649858, 50.00
1377649863, 49.97
1377649868, 49.97
1377649873, 49.97
1377649878, 50.00
1377649883, 50.00
1377649888, 49.97
1377649893, 50.00
1377649898, 50.00
1377649903, 50.00
1377649908, 50.00
1377649913, 49.97
1377649918, 49.97
1377649923, 49.97
1377649928, 49.97
1377649933, 50.00
1377649938, 50.00
1377649943, 49.97
1377649948, 49.97
1377649953, 50.00
1377649958, 50.00
1377649963, 49.97
1377649968, 50.00
1377649973, 50.00
1377649978, 49.97
1377649983, 50.00
1377649988, 49.97
1377649993, 50.00
1377649998, 50.00
1377650003, 50.00
1377650008, 49.97
1377650013, 50.00
1377650018, 49.97
1377650023, 50.00
1377650028, 49.97
1377650033, 50.00
1377650038, 50.00
1377650043, 50.00
1377650048, 50.00
1377650053, 49.97
1377650058, 49.97
1377650063, 49.97
1377650068, 49.97
1377650073, 50.00
1377650078, 49.97
1377650083, 50.00
1377650088, 50.00
1377650093, 49.97
1377650098, 50.00
1377650103, 50.00
1377650108, 49.97
1377650113, 50.00
1377650118, 49.97
1377650123, 49.97
1377650128, 50.00
1377650133, 50.00
1377650138, 50.00
1377650143, 50.00
1377650148, 50.00
1377650153, 50.00
1377650158, 50.00
1377650163, 50.00
1377650168, 50.00
1377650173, 50.00
1377650178, 50.00
1377650183, 50.00
1377650188, 50.00
1377650193, 50.00
1377650198, 49.97
1377650203, 50.00
1377650208, 50.00
1377650213, 49.97
1377650218, 50.00
1377650223, 50.00
1377650228, 50.00
1377650233, 50.00
1377650238, 50.00
1377650243, 50.00
1377650248, 50.00
1377650253, 50.00
1377650258, 50.00
1377650263, 50.00
1377650268, 50.00
1377650273, 50.00
1377650278, 50.00
1377650283, 50.00
1377650288, 49.97
1377650293, 50.00
1377650298, 50.00
1377650303, 50.00
1377650308, 50.00
1377650313, 50.00
1377650318, 50.00
1377650323, 50.00
1377650328, 50.00
1377650333, 50.00
1377650338, 50.00
1377650343, 50.00
1377650348, 50.00
1377650353, 50.00
1377650358, 50.00
1377650363, 50.00
1377650368, 50.00
1377650373, 50.00
1377650378, 50.00
1377650383, 50.00
1377650388, 50.00
1377650393, 50.00
1377650398, 50.00
1377650403, 50.00
1377650408, 50.00
1377650413, 50.00
1377650418, 50.00
1377650423, 50.00
1377650428, 50.00
1377650433, 50.00
1377650438, 50.00
1377650443, 50.00
1377650448, 50.00
1377650453, 50.00
1377650458, 50.00
1377650463, 50.00
1377650468, 50.00
1377650473, 50.00
1377650478, 50.00
1377650483, 50.00
1377650488, 50.00
1377650493, 50.00
1377650498, 50.00
1377650503, 50.03
1377650508, 50.00
1377650513, 50.00
1377650518, 50.00
1377650523, 50.00
1377650528, 50.00
1377650533, 50.00
1377650538, 50.00
1377650543, 50.00
1377650548, 50.03
1377650553, 50.00
1377650558, 50.00
1377650563, 50.00
1377650568, 50.03
1377650573, 50.00
1377650578, 50.03
1377650583, 50.00
1377650588, 50.00
1377650593, 50.00
1377650598, 50.03
1377650603, 50.00
1377650608, 50.03
1377650613, 50.00
1377650618, 50.03
1377650623, 50.03
1377650628, 50.03
1377650633, 50.00
1377650638, 50.00
1377650643, 50.00
1377650648, 50.00
1377650653, 50.00
1377650658, 50.00
1377650663, 50.00
1377650668, 50.00
1377650673, 50.03
1377650678, 50.00
1377650683, 50.03
1377650688, 50.00
1377650693, 50.00
1377650698, 50.03
1377650703, 50.03
1377650708, 50.00
1377650713, 50.00
1377650718, 50.03
1377650723, 50.00
1377650728, 50.03
1377650733, 50.03
1377650738, 50.03
1377650743, 50.03
1377650748, 50.03
1377650753, 50.03
1377650758, 50.03
1377650763, 50.03
1377650768, 50.03
1377650773, 50.03
1377650778, 50.03
1377650783, 50.06
1377650788, 50.03
1377650793, 50.03
1377650798, 50.03
1377650803, 50.06
1377650808, 50.03
1377650813, 50.03
1377650818, 50.03
1377650823, 50.03
1377650828, 50.03
1377650833, 50.03
1377650838, 50.03
1377650843, 50.00
1377650848, 50.03
1377650853, 50.03
1377650858, 50.03
1377650863, 50.03
1377650868, 50.03
1377650873, 50.03
1377650878, 50.03
1377650883, 50.06
1377650888, 50.06
1377650893, 50.06
1377650898, 50.03
1377650903, 50.03
1377650908, 50.06
1377650913, 50.06
1377650918, 50.03
1377650923, 50.03
1377650928, 50.06
1377650933, 50.06
1377650938, 50.03
1377650943, 50.06
1377650948, 50.06
1377650953, 50.03
1377650958, 50.06
1377650963, 50.06
1377650968, 50.06
1377650973, 50.06
1377650978, 50.06
1377650983, 50.06
1377650988, 50.06
1377650993, 50.06
1377650998, 50.06
1377651003, 50.06
1377651008, 50.03
1377651013, 50.06
1377651018, 50.06
1377651023, 50.03
1377651028, 50.06
1377651033, 50.06
1377651038, 50.06
1377651043, 50.06
1377651048, 50.06
1377651053, 50.06
1377651058, 50.06
1377651063, 50.06
1377651068, 50.06
1377651073, 50.06
1377651078, 50.06
1377651083, 50.06
1377651088, 50.06
1377651093, 50.06
1377651098, 50.06
1377651103, 50.06
1377651108, 50.06
1377651113, 50.06
1377651118, 50.06
1377651123, 50.06
1377651128, 50.06
1377651133, 50.06
1377651138, 50.06
1377651143, 50.06
1377651148, 50.06
1377651153, 50.06
1377651158, 50.06
1377651163, 50.10
1377651168, 50.06
1377651173, 50.06
1377651178, 50.06
1377651183, 50.06
1377651188, 50.06
1377651193, 50.06
1377651198, 50.06
1377651203, 50.10
1377651208, 50.06
1377651213, 50.06
1377651218, 50.10
1377651223, 50.06
1377651228, 50.06
1377651233, 50.10
1377651238, 50.10
1377651243, 50.06
1377651248, 50.06
1377651253, 50.06
1377651258, 50.10
1377651263, 50.06
1377651268, 50.10
1377651273, 50.10
1377651278, 50.06
1377651283, 50.06
1377651288, 50.10
1377651293, 50.06
1377651298, 50.10
1377651303, 50.06
1377651308, 50.10
1377651313, 50.10
1377651318, 50.10
1377651323, 50.06
1377651328, 50.10
1377651333, 50.10
1377651338, 50.10
1377651343, 50.06
1377651348, 50.10
1377651353, 50.10
1377651358, 50.10
1377651363, 50.10
1377651368, 50.10
1377651373, 50.06
1377651378, 50.10
1377651383, 50.10
1377651388, 50.10
1377651393, 50.10
1377651398, 50.06
1377651403, 50.10
1377651408, 50.10
1377651413, 50.10
1377651418, 50.10
1377651423, 50.10
1377651428, 50.10
1377651433, 50.10
1377651438, 50.10
1377651443, 50.13
1377651448, 50.10
1377651453, 50.10
1377651458, 50.10
1377651463, 50.13
1377651468, 50.10
1377651473, 50.10
1377651478, 50.13
1377651483, 50.10
1377651488, 50.10
1377651493, 50.10
1377651498, 50.10
1377651503, 50.10
1377651508, 50.10
1377651513, 50.10
1377651518, 50.13
1377651523, 50.10
1377651528, 50.13
1377651533, 50.10
1377651538, 50.13
1377651543, 50.13
1377651548, 50.13
1377651553, 50.13
1377651558, 50.13
1377651563, 50.13
1377651568, 50.13
1377651573, 50.10
1377651578, 50.13
1377651583, 50.13
1377651588, 50.13
1377651593, 50.13
1377651598, 50.13
1377651603, 50.13
1377651608, 50.13
1377651613, 50.13
1377651618, 50.13
1377651623, 50.13
1377651628, 50.13
1377651633, 50.13
1377651638, 50.13
1377651643, 50.13
1377651648, 50.13
1377651653, 50.13
1377651658, 50.13
1377651663, 50.13
1377651668, 50.13
1377651673, 50.13
1377651678, 50.13
1377651683, 50.13
1377651688, 50.13
1377651693, 50.13
1377651698, 50.13
1377651703, 50.13
1377651708, 50.13
1377651713, 50.13
1377651718, 50.13
1377651723, 50.13
1377651728, 50.13
1377651733, 50.13
1377651738, 50.13
1377651743, 50.13
1377651748, 50.13
1377651753, 50.13
1377651758, 50.13
1377651763, 50.13
1377651768, 50.13
1377651773, 50.13
1377651778, 50.13
1377651783, 50.13
1377651788, 50.13
1377651793, 50.13
1377651798, 50.13
1377651803, 50.13
1377651808, 50.13
1377651813, 50.13
1377651818, 50.13
1377651823, 50.13
1377651828, 50.13
1377651833, 50.13
1377651838, 50.13
1377651843, 50.13
1377651848, 50.13
1377651853, 50.16
1377651858, 50.13
1377651863, 50.13
1377651868, 50.16
1377651873, 50.13
1377651878, 50.13
1377651883, 50.13
1377651888, 50.13
1377651893, 50.13
1377651898, 50.13
1377651903, 50.13
1377651908, 50.16
1377651913, 50.13
1377651918, 50.13
1377651923, 50.13
1377651928, 50.13
1377651933, 50.13
1377651938, 50.13
1377651943, 50.13
1377651948, 50.13
1377651953, 50.13
1377651958, 50.13
1377651963, 50.13
1377651968, 50.13
1377651973, 50.13
1377651978, 50.13
1377651983, 50.13
1377651988, 50.16
1377651993, 50.16
1377651998, 50.13
1377652003, 50.13
1377652008, 50.13
1377652013, 50.13
1377652018, 50.13
1377652023, 50.13
1377652028, 50.13
1377652033, 50.13
1377652038, 50.13
1377652043, 50.13
1377652048, 50.13
1377652053, 50.16
1377652058, 50.13
1377652063, 50.13
1377652068, 50.16
1377652073, 50.13
1377652078, 50.16
1377652083, 50.13
1377652088, 50.13
1377652093, 50.13
1377652098, 50.13
1377652103, 50.16
1377652108, 50.13
1377652113, 50.13
1377652118, 50.13
1377652123, 50.13
1377652128, 50.13
1377652133, 50.13
1377652138, 50.16
1377652143, 50.13
1377652148, 50.13
1377652153, 50.13
1377652158, 50.13
1377652163, 50.13
1377652168, 50.16
1377652173, 50.13
1377652178, 50.13
1377652183, 50.16
1377652188, 50.13
1377652193, 50.13
1377652198, 50.13
1377652203, 50.13
1377652208, 50.16
1377652213, 50.16
1377652218, 50.13
1377652223, 50.13
1377652228, 50.16
1377652233, 50.16
1377652238, 50.13
1377652243, 50.16
1377652248, 50.16
1377652253, 50.16
1377652258, 50.13
1377652263, 50.13
1377652268, 50.16
1377652273, 50.13
1377652278, 50.16
1377652283, 50.16
1377652288, 50.13
1377652293, 50.16
1377652298, 50.13
1377652303, 50.13
1377652308, 50.16
1377652313, 50.16
1377652318, 50.16
1377652323, 50.13
1377652328, 50.16
1377652333, 50.16
1377652338, 50.16
1377652343, 50.16
1377652348, 50.16
1377652353, 50.16
1377652358, 50.13
1377652363, 50.16
1377652368, 50.16
1377652373, 50.16
1377652378, 50.16
1377652383, 50.16
1377652388, 50.16
1377652393, 50.16
1377652398, 50.13
1377652403, 50.16
1377652408, 50.16
1377652413, 50.16
1377652418, 50.16
1377652423, 50.16
1377652428, 50.16
1377652433, 50.16
1377652438, 50.16
1377652443, 50.16
1377652448, 50.13
1377652453, 50.16
1377652458, 50.16
1377652463, 50.16
1377652468, 50.16
1377652473, 50.16
1377652478, 50.16
1377652483, 50.16
1377652488, 50.16
1377652493, 50.16
1377652498, 50.16
1377652503, 50.13
1377652508, 50.19
1377652513, 50.16
1377652518, 50.16
1377652523, 50.19
1377652528, 50.16
1377652533, 50.16
1377652538, 50.16
1377652543, 50.19
1377652548, 50.16
1377652553, 50.16
1377652558, 50.13
1377652563, 50.16
1377652568, 50.16
1377652573, 50.16
1377652578, 50.16
1377652583, 50.16
1377652588, 50.16
1377652593, 50.19
1377652598, 50.19
1377652603, 50.16
1377652608, 50.16
1377652613, 50.16
1377652618, 50.16
1377652623, 50.13
1377652628, 50.16
1377652633, 50.16
1377652638, 50.16
1377652643, 50.16
1377652648, 50.16
1377652653, 50.16
1377652658, 50.19
1377652663, 50.19
1377652668, 50.16
1377652673, 50.16
1377652678, 50.16
1377652683, 50.16
1377652688, 50.16
1377652693, 50.16
1377652698, 50.16
1377652703, 50.16
1377652708, 50.16
1377652713, 50.16
1377652718, 50.19
1377652723, 50.16
1377652728, 50.16
1377652733, 50.16
1377652738, 50.16
1377652743, 50.19
1377652748, 50.13
1377652753, 50.19
1377652758, 50.16
1377652763, 50.19
1377652768, 50.16
1377652773, 50.16
1377652778, 50.19
1377652783, 50.19
1377652788, 50.16
1377652793, 50.19
1377652798, 50.16
1377652803, 50.16
1377652808, 50.19
1377652813, 50.19
1377652818, 50.16
1377652823, 50.19
1377652828, 50.19
1377652833, 50.16
1377652838, 50.16
1377652843, 50.19
1377652848, 50.19
1377652853, 50.19
1377652858, 50.16
1377652863, 50.19
1377652868, 50.19
1377652873, 50.16
1377652878, 50.19
1377652883, 50.16
1377652888, 50.19
1377652893, 50.19
1377652898, 50.16
1377652903, 50.16
1377652908, 50.19
1377652913, 50.19
1377652918, 50.19
1377652923, 50.16
1377652928, 50.19
1377652933, 50.19
1377652938, 50.16
1377652943, 50.16
1377652948, 50.19
1377652953, 50.16
1377652958, 50.19
1377652963, 50.19
1377652968, 50.19
1377652973, 50.16
1377652978, 50.16
1377652983, 50.16
1377652988, 50.19
1377652993, 50.19
1377652998, 50.19
1377653003, 50.19
1377653008, 50.16
1377653013, 50.19
1377653018, 50.19
1377653023, 50.19
1377653028, 50.19
1377653033, 50.19
1377653038, 50.19
1377653043, 50.19
1377653048, 50.19
1377653053, 50.19
1377653058, 50.19
1377653063, 50.19
1377653068, 50.19
1377653073, 50.19
1377653078, 50.19
1377653083, 50.19
1377653088, 50.19
1377653093, 50.19
1377653098, 50.19
1377653103, 50.19
1377653108, 50.19
1377653113, 50.19
1377653118, 50.19
1377653123, 50.19
1377653128, 50.19
1377653133, 50.19
1377653138, 50.19
1377653143, 50.19
1377653148, 50.19
1377653153, 50.19
1377653158, 50.19
1377653163, 50.19
1377653168, 50.19
1377653173, 50.19
1377653178, 50.19
1377653183, 50.19
1377653188, 50.19
1377653193, 50.19
1377653198, 50.19
1377653203, 50.19
1377653208, 50.19
1377653213, 50.19
1377653218, 50.19
1377653223, 50.19
1377653228, 50.19
1377653233, 50.19
1377653238, 50.23
1377653243, 50.23
1377653248, 50.19
1377653253, 50.19
1377653258, 50.19
1377653263, 50.19
1377653268, 50.23
1377653273, 50.23
1377653278, 50.23
1377653283, 50.23
1377653288, 50.23
1377653293, 50.23
1377653298, 50.19
1377653303, 50.23
1377653308, 50.23
1377653313, 50.19
1377653318, 50.23
1377653323, 50.19
1377653328, 50.23
1377653333, 50.23
1377653338, 50.23
1377653343, 50.23
1377653348, 50.23
1377653353, 50.19
1377653358, 50.23
1377653363, 50.19
1377653368, 50.23
1377653373, 50.23
1377653378, 50.23
1377653383, 50.23
1377653388, 50.23
1377653393, 50.26
1377653398, 50.23
1377653403, 50.23
1377653408, 50.23
1377653413, 50.23
1377653418, 50.23
1377653423, 50.23
1377653428, 50.23
1377653433, 50.23
1377653438, 50.23
1377653443, 50.23
1377653448, 50.23
1377653453, 50.23
1377653458, 50.23
1377653463, 50.23
1377653468, 50.23
1377653473, 50.23
1377653478, 50.23
1377653483, 50.23
1377653488, 50.26
1377653493, 50.26
1377653498, 50.23
1377653503, 50.23
1377653508, 50.23
1377653513, 50.23
1377653518, 50.23
1377653523, 50.23
1377653528, 50.23
1377653533, 50.26
1377653538, 50.26
1377653543, 50.23
1377653548, 50.26
1377653553, 50.23
1377653558, 50.23
1377653563, 50.26
1377653568, 50.26
1377653573, 50.26
1377653578, 50.23
1377653583, 50.23
1377653588, 50.26
1377653593, 50.23
1377653598, 50.26
1377653603, 50.26
1377653608, 50.23
1377653613, 50.23
1377653618, 50.26
1377653623, 50.23
1377653628, 50.23
1377653633, 50.23
1377653638, 50.23
1377653643, 50.23
1377653648, 50.23
1377653653, 50.26
1377653658, 50.23
1377653663, 50.26
1377653668, 50.23
1377653673, 50.23
1377653678, 50.23
1377653683, 50.26
1377653688, 50.23
1377653693, 50.26
1377653698, 50.23
1377653703, 50.23
1377653708, 50.26
1377653713, 50.23
1377653718, 50.23
1377653723, 50.23
1377653728, 50.26
1377653733, 50.26
1377653738, 50.23
1377653743, 50.23
1377653748, 50.23
1377653753, 50.23
1377653758, 50.23
1377653763, 50.26
1377653768, 50.23
1377653773, 50.23
1377653778, 50.23
1377653783, 50.26
1377653788, 50.26
1377653793, 50.26
1377653798, 50.26
1377653803, 50.23
1377653808, 50.26
1377653813, 50.23
1377653818, 50.23
1377653823, 50.23
1377653828, 50.23
1377653833, 50.23
1377653838, 50.23
1377653843, 50.26
1377653848, 50.23
1377653853, 50.19
1377653858, 50.23
1377653863, 50.23
1377653868, 50.23
1377653873, 50.23
1377653878, 50.23
1377653883, 50.23
1377653888, 50.23
1377653893, 50.23
1377653898, 50.23
1377653903, 50.26
1377653908, 50.23
1377653913, 50.19
1377653918, 50.23
1377653923, 50.23
1377653928, 50.26
1377653933, 50.23
1377653938, 50.19
1377653943, 50.23
1377653948, 50.23
1377653953, 50.19
1377653958, 50.26
1377653963, 50.23
1377653968, 50.23
1377653973, 50.26
1377653978, 50.23
1377653983, 50.23
1377653988, 50.23
1377653993, 50.26
1377653998, 50.23
1377654003, 50.23
1377654008, 50.26
1377654013, 50.26
1377654018, 50.23
1377654023, 50.23
1377654028, 50.23
1377654033, 50.23
1377654038, 50.26
1377654043, 50.23
1377654048, 50.23
1377654053, 50.23
1377654058, 50.23
1377654063, 50.26
1377654068, 50.23
1377654073, 50.26
1377654078, 50.23
1377654083, 50.26
1377654088, 50.26
1377654093, 50.23
1377654098, 50.23
1377654103, 50.23
1377654108, 50.23
1377654113, 50.26
1377654118, 50.26
1377654123, 50.23
1377654128, 50.23
1377654133, 50.23
1377654138, 50.26
1377654143, 50.23
1377654148, 50.23
1377654153, 50.23
1377654158, 50.23
1377654163, 50.26
1377654168, 50.23
1377654173, 50.26
1377654178, 50.23
1377654183, 50.26
1377654188, 50.23
1377654193, 50.23
1377654198, 50.23
1377654203, 50.23
1377654208, 50.23
1377654213, 50.23
1377654218, 50.23
1377654223, 50.26
1377654228, 50.26
1377654233, 50.23
1377654238, 50.26
1377654243, 50.23
1377654248, 50.23
1377654253, 50.23
1377654258, 50.23
1377654263, 50.26
1377654268, 50.23
1377654273, 50.23
1377654278, 50.26
1377654283, 50.23
1377654288, 50.23
1377654293, 50.26
1377654298, 50.23
1377654303, 50.23
1377654308, 50.23
1377654313, 50.23
1377654318, 50.23
1377654323, 50.23
1377654328, 50.23
1377654333, 50.23
1377654338, 50.26
1377654343, 50.26
1377654348, 50.26
1377654353, 50.23
1377654358, 50.26
1377654363, 50.23
1377654368, 50.26
1377654373, 50.23
1377654378, 50.23
1377654383, 50.23
1377654388, 50.26
1377654393, 50.23
1377654398, 50.23
1377654403, 50.23
1377654408, 50.23
1377654413, 50.26
1377654418, 50.23
1377654423, 50.23
1377654428, 50.26
1377654433, 50.23
1377654438, 50.26
1377654443, 50.23
1377654448, 50.23
1377654453, 50.26
1377654458, 50.23
1377654463, 50.26
1377654468, 50.26
1377654473, 50.23
1377654478, 50.23
1377654483, 50.26
1377654488, 50.23
1377654493, 50.23
1377654498, 50.26
1377654503, 50.26
1377654508, 50.23
1377654513, 50.26
1377654518, 50.26
1377654523, 50.23
1377654528, 50.26
1377654533, 50.26
1377654538, 50.23
1377654543, 50.23
1377654548, 50.26
1377654553, 50.26
1377654558, 50.26
1377654563, 50.23
1377654568, 50.26
1377654573, 50.26
1377654578, 50.23
1377654583, 50.26
1377654588, 50.26
1377654593, 50.26
1377654598, 50.23
1377654603, 50.23
1377654608, 50.26
1377654613, 50.26
1377654618, 50.23
1377654623, 50.26
1377654628, 50.26
1377654633, 50.23
1377654638, 50.26
1377654643, 50.26
1377654648, 50.26
1377654653, 50.26
1377654658, 50.26
1377654663, 50.26
1377654668, 50.26
1377654673, 50.26
1377654678, 50.26
1377654683, 50.26
1377654688, 50.26
1377654693, 50.26
1377654698, 50.26
1377654703, 50.26
1377654708, 50.26
1377654713, 50.26
1377654718, 50.26
1377654723, 50.26
1377654728, 50.23
1377654733, 50.26
1377654738, 50.26
1377654743, 50.26
1377654748, 50.26
1377654753, 50.26
1377654758, 50.26
1377654768, 50.23
1377654773, 50.26
1377654778, 50.23
1377654783, 50.26
1377654788, 50.26
1377654793, 50.26
1377654798, 50.26
1377654803, 50.26
1377654808, 50.26
1377654813, 50.26
1377654818, 50.26
1377654823, 50.26
1377654828, 50.26
1377654833, 50.26
1377654838, 50.26
1377654843, 50.26
1377654848, 50.26
1377654853, 50.26
1377654858, 50.26
1377654863, 50.26
1377654868, 50.26
1377654873, 50.26
1377654878, 50.26
1377654883, 50.26
1377654888, 50.26
1377654893, 50.26
1377654898, 50.26
1377654903, 50.26
1377654908, 50.26
1377654913, 50.26
1377654918, 50.26
1377654923, 50.23
1377654928, 50.26
1377654933, 50.26
1377654938, 50.23
1377654943, 50.26
1377654948, 50.26
1377654953, 50.26
1377654958, 50.26
1377654963, 50.26
1377654968, 50.23
1377654973, 50.26
1377654978, 50.26
1377654983, 50.23
1377654988, 50.26
1377654993, 50.26
1377654998, 50.26
1377655003, 50.26
1377655008, 50.26
1377655013, 50.26
1377655018, 50.26
1377655023, 50.26
1377655028, 50.26
1377655033, 50.26
1377655038, 50.23
1377655043, 50.26
1377655048, 50.23
1377655053, 50.26
1377655058, 50.26
1377655063, 50.26
1377655068, 50.26
1377655073, 50.26
1377655078, 50.26
1377655083, 50.26
1377655088, 50.26
1377655093, 50.26
1377655098, 50.26
1377655103, 50.26
1377655108, 50.26
1377655113, 50.26
1377655118, 50.26
1377655123, 50.26
1377655128, 50.26
1377655133, 50.26
1377655138, 50.26
1377655143, 50.26
1377655148, 50.26
1377655153, 50.26
1377655158, 50.26
1377655163, 50.26
1377655168, 50.26
1377655173, 50.26
1377655178, 50.23
1377655183, 50.23
1377655188, 50.26
1377655193, 50.26
1377655198, 50.26
1377655203, 50.26
1377655208, 50.26
1377655213, 50.26
1377655218, 50.26
1377655223, 50.23
1377655228, 50.26
1377655233, 50.26
1377655238, 50.26
1377655243, 50.26
1377655248, 50.26
1377655253, 50.26
1377655258, 50.26
1377655263, 50.26
1377655268, 50.26
1377655273, 50.26
1377655278, 50.26
1377655283, 50.26
1377655288, 50.26
1377655293, 50.26
1377655298, 50.26
1377655303, 50.26
1377655308, 50.26
1377655313, 50.26
1377655318, 50.23
1377655323, 50.26
1377655328, 50.23
1377655333, 50.26
1377655338, 50.26
1377655343, 50.26
1377655348, 50.26
1377655353, 50.26
1377655358, 50.26
1377655363, 50.26
1377655368, 50.26
1377655373, 50.26
1377655378, 50.26
1377655383, 50.26
1377655388, 50.26
1377655393, 50.26
1377655398, 50.26
1377655403, 50.26
1377655408, 50.26
1377655413, 50.26
1377655418, 50.26
1377655423, 50.26
1377655428, 50.26
1377655433, 50.26
1377655438, 50.26
1377655443, 50.26
1377655448, 50.26
1377655453, 50.26
1377655458, 50.26
1377655463, 50.26
1377655468, 50.29
1377655473, 50.29
1377655478, 50.26
1377655483, 50.26
1377655488, 50.29
1377655493, 50.26
1377655498, 50.26
1377655503, 50.26
1377655508, 50.26
1377655513, 50.26
1377655518, 50.26
1377655523, 50.29
1377655528, 50.29
1377655533, 50.29
1377655538, 50.29
1377655543, 50.29
1377655548, 50.26
1377655553, 50.29
1377655558, 50.29
1377655563, 50.26
1377655568, 50.29
1377655573, 50.29
1377655578, 50.26
1377655583, 50.26
1377655588, 50.29
1377655593, 50.29
1377655598, 50.29
1377655603, 50.29
1377655608, 50.29
1377655613, 50.29
1377655618, 50.29
1377655623, 50.29
1377655628, 50.29
1377655633, 50.29
1377655638, 50.26
1377655643, 50.32
1377655648, 50.29
1377655653, 50.32
1377655658, 50.29
1377655663, 50.29
1377655668, 50.26
1377655673, 50.29
1377655678, 50.29
1377655683, 50.29
1377655688, 50.32
1377655693, 50.32
1377655698, 50.32
1377655703, 50.32
1377655708, 50.32
1377655713, 50.29
1377655718, 50.29
1377655723, 50.29
1377655728, 50.29
1377655733, 50.29
1377655738, 50.32
1377655743, 50.32
1377655748, 50.32
1377655753, 50.29
1377655758, 50.32
1377655763, 50.32
1377655768, 50.29
1377655773, 50.32
1377655778, 50.32
1377655783, 50.32
1377655788, 50.32
1377655793, 50.32
1377655798, 50.29
1377655803, 50.29
1377655808, 50.32
1377655813, 50.32
1377655818, 50.32
1377655823, 50.32
1377655828, 50.32
1377655833, 50.32
1377655838, 50.32
1377655843, 50.32
1377655848, 50.32
1377655853, 50.32
1377655858, 50.32
1377655863, 50.32
1377655868, 50.32
1377655873, 50.32
1377655878, 50.32
1377655883, 50.32
1377655888, 50.32
1377655893, 50.32
1377655898, 50.32
1377655903, 50.32
1377655908, 50.32
1377655913, 50.32
1377655918, 50.32
1377655923, 50.32
1377655928, 50.32
1377655933, 50.32
1377655938, 50.32
1377655943, 50.32
1377655948, 50.32
1377655953, 50.32
1377655958, 50.32
1377655963, 50.32
1377655968, 50.32
1377655973, 50.32
1377655978, 50.35
1377655983, 50.35
1377655988, 50.35
1377655993, 50.32
1377655998, 50.32
1377656003, 50.32
1377656008, 50.32
1377656013, 50.32
1377656018, 50.32
1377656023, 50.32
1377656028, 50.32
1377656033, 50.35
1377656038, 50.32
1377656043, 50.35
1377656048, 50.35
1377656053, 50.35
1377656058, 50.35
1377656063, 50.32
1377656068, 50.35
1377656073, 50.32
1377656078, 50.35
1377656083, 50.32
1377656088, 50.35
1377656093, 50.35
1377656098, 50.39
1377656103, 50.35
1377656108, 50.35
1377656113, 50.35
1377656118, 50.35
1377656123, 50.39
1377656128, 50.35
1377656133, 50.35
1377656138, 50.35
1377656143, 50.39
1377656148, 50.39
1377656153, 50.35
1377656158, 50.35
1377656163, 50.39
1377656168, 50.39
1377656173, 50.35
1377656178, 50.39
1377656183, 50.35
1377656188, 50.35
1377656193, 50.35
1377656198, 50.39
1377656203, 50.39
1377656208, 50.39
1377656213, 50.39
1377656218, 50.39
1377656223, 50.39
1377656228, 50.39
1377656233, 50.39
1377656238, 50.39
1377656243, 50.39
1377656248, 50.39
1377656253, 50.39
1377656258, 50.39
1377656263, 50.39
1377656268, 50.39
1377656273, 50.39
1377656278, 50.39
1377656283, 50.39
1377656288, 50.39
1377656293, 50.39
1377656298, 50.39
1377656303, 50.39
1377656308, 50.39
1377656313, 50.39
1377656318, 50.39
1377656323, 50.39
1377656328, 50.39
1377656333, 50.39
1377656338, 50.39
1377656343, 50.39
1377656348, 50.39
1377656353, 50.39
1377656358, 50.39
1377656363, 50.39
1377656368, 50.39
1377656373, 50.39
1377656378, 50.39
1377656383, 50.39
1377656388, 50.39
1377656393, 50.39
1377656398, 50.39
1377656403, 50.39
1377656408, 50.39
1377656413, 50.39
1377656418, 50.39
1377656423, 50.39
1377656428, 50.42
1377656433, 50.42
1377656438, 50.39
1377656443, 50.42
1377656448, 50.42
1377656453, 50.42
1377656458, 50.42
1377656463, 50.42
1377656468, 50.39
1377656473, 50.42
1377656478, 50.45
1377656483, 50.42
1377656488, 50.42
1377656493, 50.42
1377656498, 50.42
1377656503, 50.42
1377656508, 50.42
1377656513, 50.42
1377656518, 50.42
1377656523, 50.45
1377656528, 50.45
1377656533, 50.45
1377656538, 50.42
1377656543, 50.42
1377656548, 50.45
1377656553, 50.42
1377656558, 50.45
1377656563, 50.45
1377656568, 50.45
1377656573, 50.45
1377656578, 50.45
1377656583, 50.45
1377656588, 50.42
1377656593, 50.42
1377656598, 50.45
1377656603, 50.42
1377656608, 50.45
1377656613, 50.45
1377656618, 50.45
1377656623, 50.45
1377656628, 50.45
1377656633, 50.45
1377656638, 50.45
1377656643, 50.45
1377656648, 50.45
1377656653, 50.45
1377656658, 50.45
1377656663, 50.45
1377656668, 50.45
1377656673, 50.45
1377656678, 50.45
1377656683, 50.45
1377656688, 50.45
1377656693, 50.48
1377656698, 50.45
1377656703, 50.45
1377656708, 50.48
1377656713, 50.48
1377656718, 50.48
1377656723, 50.48
1377656728, 50.45
1377656733, 50.45
1377656738, 50.45
1377656743, 50.45
1377656748, 50.48
1377656753, 50.48
1377656758, 50.45
1377656763, 50.48
1377656768, 50.48
1377656773, 50.48
1377656778, 50.45
1377656783, 50.51
1377656788, 50.45
1377656793, 50.48
1377656798, 50.48
1377656803, 50.48
1377656808, 50.48
1377656813, 50.48
1377656818, 50.48
1377656823, 50.48
1377656828, 50.48
1377656833, 50.48
1377656838, 50.48
1377656843, 50.51
1377656848, 50.51
1377656853, 50.51
1377656858, 50.48
1377656863, 50.48
1377656868, 50.48
1377656873, 50.48
1377656878, 50.51
1377656883, 50.48
1377656888, 50.51
1377656893, 50.51
1377656898, 50.51
1377656903, 50.51
1377656908, 50.51
1377656913, 50.51
1377656918, 50.51
1377656923, 50.51
1377656928, 50.51
1377656933, 50.51
1377656938, 50.51
1377656943, 50.51
1377656948, 50.51
1377656953, 50.51
1377656958, 50.51
1377656963, 50.51
1377656968, 50.51
1377656973, 50.51
1377656978, 50.51
1377656983, 50.51
1377656988, 50.51
1377656993, 50.51
1377656998, 50.51
1377657003, 50.51
1377657008, 50.51
1377657013, 50.51
1377657018, 50.51
1377657023, 50.51
1377657028, 50.51
1377657033, 50.55
1377657038, 50.51
1377657043, 50.51
1377657048, 50.51
1377657053, 50.51
1377657058, 50.51
1377657063, 50.55
1377657068, 50.55
1377657073, 50.51
1377657078, 50.55
1377657083, 50.55
1377657088, 50.55
1377657093, 50.55
1377657098, 50.55
1377657103, 50.55
1377657108, 50.58
1377657113, 50.55
1377657118, 50.55
1377657123, 50.55
1377657128, 50.55
1377657133, 50.58
1377657138, 50.58
1377657143, 50.55
1377657148, 50.58
1377657153, 50.55
1377657158, 50.58
1377657163, 50.58
1377657168, 50.58
1377657173, 50.55
1377657178, 50.58
1377657183, 50.55
1377657188, 50.55
1377657193, 50.58
1377657198, 50.55
1377657203, 50.58
1377657208, 50.58
1377657213, 50.58
1377657218, 50.58
1377657223, 50.58
1377657228, 50.58
1377657233, 50.58
1377657238, 50.58
1377657243, 50.58
1377657248, 50.58
1377657253, 50.58
1377657258, 50.58
1377657263, 50.55
1377657268, 50.58
1377657273, 50.58
1377657278, 50.58
1377657283, 50.58
1377657288, 50.58
1377657293, 50.58
1377657298, 50.58
1377657303, 50.58
1377657308, 50.58
1377657313, 50.58
1377657318, 50.58
1377657323, 50.61
1377657328, 50.58
1377657333, 50.58
1377657338, 50.58
1377657343, 50.58
1377657348, 50.58
1377657353, 50.58
1377657358, 50.58
1377657363, 50.58
1377657368, 50.58
1377657373, 50.58
1377657378, 50.58
1377657383, 50.58
1377657388, 50.61
1377657393, 50.58
1377657398, 50.58
1377657403, 50.58
1377657408, 50.58
1377657413, 50.61
1377657418, 50.58
1377657423, 50.58
1377657428, 50.58
1377657433, 50.61
1377657438, 50.61
1377657443, 50.58
1377657448, 50.58
1377657453, 50.58
1377657458, 50.58
1377657463, 50.61
1377657468, 50.61
1377657473, 50.58
1377657478, 50.58
1377657483, 50.61
1377657488, 50.58
1377657493, 50.61
1377657498, 50.58
1377657503, 50.61
1377657508, 50.61
1377657513, 50.61
1377657518, 50.61
1377657523, 50.61
1377657528, 50.61
1377657533, 50.61
1377657538, 50.61
1377657543, 50.61
1377657548, 50.61
1377657553, 50.61
1377657558, 50.64
1377657563, 50.58
1377657568, 50.61
1377657573, 50.61
1377657578, 50.61
1377657583, 50.61
1377657588, 50.61
1377657593, 50.64
1377657598, 50.61
1377657603, 50.61
1377657608, 50.61
1377657613, 50.61
1377657618, 50.61
1377657623, 50.64
1377657628, 50.64
1377657633, 50.61
1377657638, 50.64
1377657643, 50.64
1377657648, 50.64
1377657653, 50.64
1377657658, 50.64
1377657663, 50.64
1377657668, 50.64
1377657673, 50.64
1377657678, 50.64
1377657683, 50.64
1377657688, 50.64
1377657693, 50.64
1377657698, 50.64
1377657703, 50.64
1377657708, 50.64
1377657713, 50.64
1377657718, 50.64
1377657723, 50.64
1377657728, 50.64
1377657733, 50.64
1377657738, 50.64
1377657743, 50.64
1377657748, 50.64
1377657753, 50.64
1377657758, 50.64
1377657763, 50.64
1377657768, 50.64
1377657773, 50.64
1377657778, 50.64
1377657783, 50.64
1377657788, 50.64
1377657793, 50.64
1377657798, 50.64
1377657803, 50.64
1377657808, 50.64
1377657813, 50.64
1377657818, 50.64
1377657823, 50.64
1377657828, 50.64
1377657833, 50.64
1377657838, 50.64
1377657843, 50.64
1377657848, 50.64
1377657853, 50.64
1377657858, 50.64
1377657863, 50.64
1377657868, 50.64
1377657873, 50.64
1377657878, 50.64
1377657883, 50.64
1377657888, 50.64
1377657893, 50.64
1377657898, 50.64
1377657903, 50.64
1377657908, 50.64
1377657913, 50.64
1377657918, 50.64
1377657923, 50.64
1377657928, 50.67
1377657933, 50.64
1377657938, 50.64
1377657943, 50.64
1377657948, 50.64
1377657953, 50.64
1377657958, 50.64
1377657963, 50.67
1377657968, 50.67
1377657973, 50.64
1377657978, 50.64
1377657983, 50.64
1377657988, 50.67
1377657993, 50.64
1377657998, 50.64
1377658003, 50.67
1377658008, 50.67
1377658013, 50.64
1377658018, 50.64
1377658023, 50.64
1377658028, 50.64
1377658033, 50.64
1377658038, 50.64
1377658043, 50.67
1377658048, 50.64
1377658053, 50.64
1377658058, 50.64
1377658063, 50.64
1377658068, 50.67
1377658073, 50.64
1377658078, 50.64
1377658083, 50.67
1377658088, 50.67
1377658093, 50.67
1377658098, 50.64
1377658103, 50.67
1377658108, 50.64
1377658113, 50.67
1377658118, 50.64
1377658123, 50.64
1377658128, 50.64
1377658133, 50.67
1377658138, 50.64
1377658143, 50.67
1377658148, 50.64
1377658153, 50.64
1377658158, 50.67
1377658163, 50.64
1377658168, 50.64
1377658173, 50.64
1377658178, 50.67
1377658183, 50.67
1377658188, 50.64
1377658193, 50.67
1377658198, 50.67
1377658203, 50.64
1377658208, 50.67
1377658213, 50.67
1377658218, 50.67
1377658223, 50.67
1377658228, 50.67
1377658233, 50.67
1377658238, 50.67
1377658243, 50.67
1377658248, 50.67
1377658253, 50.64
1377658258, 50.64
1377658263, 50.67
1377658268, 50.67
1377658273, 50.67
1377658278, 50.67
1377658283, 50.67
1377658288, 50.67
1377658293, 50.67
1377658298, 50.67
1377658303, 50.67
1377658308, 50.67
1377658313, 50.67
1377658318, 50.67
1377658323, 50.67
1377658328, 50.67
1377658333, 50.67
1377658338, 50.67
1377658343, 50.71
1377658348, 50.67
1377658353, 50.67
1377658358, 50.67
1377658363, 50.67
1377658368, 50.67
1377658373, 50.67
1377658378, 50.67
1377658383, 50.67
1377658388, 50.67
1377658393, 50.67
1377658398, 50.67
1377658403, 50.64
1377658408, 50.71
1377658413, 50.67
1377658418, 50.67
1377658423, 50.67
1377658428, 50.67
1377658433, 50.67
1377658438, 50.67
1377658443, 50.64
1377658448, 50.67
1377658453, 50.64
1377658458, 50.67
1377658463, 50.67
1377658468, 50.67
1377658473, 50.67
1377658478, 50.64
1377658483, 50.67
1377658488, 50.64
1377658493, 50.64
1377658498, 50.64
1377658503, 50.67
1377658508, 50.67
1377658513, 50.64
1377658518, 50.64
1377658523, 50.64
1377658528, 50.67
1377658533, 50.67
1377658538, 50.67
1377658543, 50.64
1377658548, 50.67
1377658553, 50.64
1377658558, 50.64
1377658563, 50.64
1377658568, 50.64
1377658573, 50.64
1377658578, 50.64
1377658583, 50.64
1377658588, 50.67
1377658593, 50.64
1377658598, 50.67
1377658603, 50.67
1377658608, 50.64
1377658613, 50.64
1377658618, 50.64
1377658623, 50.64
1377658628, 50.64
1377658633, 50.64
1377658638, 50.64
1377658643, 50.64
1377658648, 50.64
1377658653, 50.64
1377658658, 50.64
1377658663, 50.64
1377658668, 50.64
1377658673, 50.64
1377658678, 50.64
1377658683, 50.64
1377658688, 50.67
1377658693, 50.64
1377658698, 50.64
1377658703, 50.64
1377658708, 50.64
1377658713, 50.64
1377658718, 50.64
1377658723, 50.64
1377658728, 50.64
1377658733, 50.64
1377658738, 50.64
1377658743, 50.64
1377658748, 50.64
1377658753, 50.64
1377658758, 50.64
1377658763, 50.64
1377658768, 50.64
1377658773, 50.64
1377658778, 50.64
1377658783, 50.64
1377658788, 50.64
1377658793, 50.67
1377658798, 50.64
1377658803, 50.64
1377658808, 50.64
1377658813, 50.64
1377658818, 50.64
1377658823, 50.64
1377658828, 50.64
1377658833, 50.64
1377658838, 50.64
1377658843, 50.64
1377658848, 50.64
1377658853, 50.64
1377658858, 50.64
1377658863, 50.64
1377658868, 50.64
1377658873, 50.64
1377658878, 50.64
1377658883, 50.64
1377658888, 50.64
1377658893, 50.64
1377658898, 50.67
1377658903, 50.64
1377658908, 50.64
1377658913, 50.64
1377658918, 50.64
1377658923, 50.64
1377658928, 50.64
1377658933, 50.64
1377658938, 50.64
1377658943, 50.64
1377658948, 50.67
1377658953, 50.64
1377658958, 50.64
1377658963, 50.64
1377658968, 50.64
1377658973, 50.64
1377658978, 50.64
1377658983, 50.64
1377658988, 50.64
1377658993, 50.64
1377658998, 50.64
1377659003, 50.64
1377659008, 50.64
1377659013, 50.64
1377659018, 50.64
1377659023, 50.64
1377659028, 50.64
1377659033, 50.64
1377659038, 50.64
1377659043, 50.64
1377659048, 50.64
1377659053, 50.64
1377659058, 50.64
1377659063, 50.67
1377659068, 50.64
1377659073, 50.64
1377659078, 50.64
1377659083, 50.64
1377659088, 50.67
1377659093, 50.64
1377659098, 50.64
1377659103, 50.64
1377659108, 50.64
1377659113, 50.64
1377659118, 50.67
1377659123, 50.64
1377659128, 50.64
1377659133, 50.64
1377659138, 50.64
1377659143, 50.64
1377659148, 50.64
1377659153, 50.67
1377659158, 50.67
1377659163, 50.64
1377659168, 50.67
1377659173, 50.67
1377659178, 50.64
1377659183, 50.67
1377659188, 50.67
1377659193, 50.67
1377659198, 50.64
1377659203, 50.67
1377659208, 50.67
1377659213, 50.64
1377659218, 50.67
1377659223, 50.67
1377659228, 50.64
1377659233, 50.67
1377659238, 50.67
1377659243, 50.67
1377659248, 50.64
1377659253, 50.64
1377659258, 50.67
1377659263, 50.67
1377659268, 50.67
1377659273, 50.67
1377659278, 50.67
1377659283, 50.67
1377659288, 50.67
1377659293, 50.67
1377659298, 50.67
1377659303, 50.67
1377659308, 50.67
1377659313, 50.67
1377659318, 50.67
1377659323, 50.67
1377659328, 50.67
1377659333, 50.67
1377659338, 50.71
1377659343, 50.67
1377659348, 50.67
1377659353, 50.67
1377659358, 50.67
1377659363, 50.71
1377659368, 50.71
1377659373, 50.67
1377659378, 50.71
1377659383, 50.67
1377659388, 50.71
1377659393, 50.71
1377659398, 50.71
1377659403, 50.71
1377659408, 50.71
1377659413, 50.71
1377659418, 50.71
1377659423, 50.71
1377659428, 50.71
1377659433, 50.71
1377659438, 50.71
1377659443, 50.71
1377659448, 50.71
1377659453, 50.71
1377659458, 50.71
1377659463, 50.67
1377659468, 50.71
1377659473, 50.71
1377659478, 50.71
1377659483, 50.71
1377659488, 50.71
1377659493, 50.71
1377659498, 50.71
1377659503, 50.71
1377659508, 50.74
1377659513, 50.71
1377659518, 50.71
1377659523, 50.71
1377659528, 50.71
1377659533, 50.71
1377659538, 50.71
1377659543, 50.71
1377659548, 50.71
1377659553, 50.71
1377659558, 50.71
1377659563, 50.71
1377659568, 50.71
1377659573, 50.71
1377659578, 50.71
1377659583, 50.71
1377659588, 50.74
1377659593, 50.71
1377659598, 50.71
1377659603, 50.71
1377659608, 50.74
1377659613, 50.74
1377659618, 50.74
1377659623, 50.74
1377659628, 50.74
1377659633, 50.74
1377659638, 50.71
1377659643, 50.71
1377659648, 50.74
1377659653, 50.71
1377659658, 50.74
1377659663, 50.74
1377659668, 50.74
1377659673, 50.74
1377659678, 50.74
1377659683, 50.77
1377659688, 50.74
1377659693, 50.77
1377659698, 50.74
1377659703, 50.74
1377659708, 50.74
1377659713, 50.74
1377659718, 50.74
1377659723, 50.74
1377659728, 50.77
1377659733, 50.77
1377659738, 50.74
1377659743, 50.74
1377659748, 50.77
1377659753, 50.74
1377659758, 50.77
1377659763, 50.77
1377659768, 50.77
1377659773, 50.77
1377659778, 50.77
1377659783, 50.77
1377659788, 50.77
1377659793, 50.77
1377659798, 50.77
1377659803, 50.77
1377659808, 50.77
1377659813, 50.77
1377659818, 50.77
1377659823, 50.77
1377659828, 50.77
1377659833, 50.77
1377659838, 50.77
1377659843, 50.77
1377659848, 50.77
1377659853, 50.77
1377659858, 50.77
1377659863, 50.77
1377659868, 50.77
1377659873, 50.77
1377659878, 50.77
1377659883, 50.77
1377659888, 50.77
1377659893, 50.77
1377659898, 50.77
1377659903, 50.80
1377659908, 50.77
1377659913, 50.77
1377659918, 50.80
1377659923, 50.77
1377659928, 50.77
1377659933, 50.77
1377659938, 50.80
1377659943, 50.77
1377659948, 50.77
1377659953, 50.80
1377659958, 50.77
1377659963, 50.80
1377659968, 50.80
1377659973, 50.80
1377659978, 50.80
1377659983, 50.80
1377659988, 50.77
1377659993, 50.80
1377659998, 50.80
1377660003, 50.80
1377660008, 50.80
1377660013, 50.80
1377660018, 50.80
1377660023, 50.80
1377660028, 50.80
1377660033, 50.80
1377660038, 50.80
1377660043, 50.80
1377660048, 50.80
1377660053, 50.80
1377660058, 50.80
1377660063, 50.80
1377660068, 50.80
1377660073, 50.83
1377660078, 50.83
1377660083, 50.80
1377660088, 50.83
1377660093, 50.80
1377660098, 50.83
1377660103, 50.83
1377660108, 50.83
1377660113, 50.83
1377660118, 50.83
1377660123, 50.83
1377660128, 50.83
1377660133, 50.83
1377660138, 50.83
1377660143, 50.83
1377660148, 50.83
1377660153, 50.83
1377660158, 50.83
1377660163, 50.83
1377660168, 50.83
1377660173, 50.83
1377660178, 50.83
1377660183, 50.83
1377660188, 50.83
1377660193, 50.83
1377660198, 50.83
1377660203, 50.83
1377660208, 50.83
1377660213, 50.83
1377660218, 50.83
1377660223, 50.83
1377660228, 50.83
1377660233, 50.83
1377660238, 50.83
1377660243, 50.87
1377660248, 50.83
1377660253, 50.83
1377660258, 50.83
1377660263, 50.83
1377660268, 50.83
1377660273, 50.87
1377660278, 50.83
1377660282, 50.83
1377660288, 50.83
1377660293, 50.83
1377660298, 50.83
1377660303, 50.87
1377660308, 50.83
1377660313, 50.87
1377660318, 50.83
1377660323, 50.87
1377660328, 50.87
1377660333, 50.87
1377660338, 50.87
1377660343, 50.87
1377660348, 50.87
1377660353, 50.87
1377660358, 50.90
1377660363, 50.87
1377660368, 50.87
1377660373, 50.90
1377660378, 50.90
1377660383, 50.90
1377660388, 50.90
1377660393, 50.87
1377660398, 50.87
1377660403, 50.90
1377660408, 50.90
1377660413, 50.90
1377660418, 50.90
1377660423, 50.90
1377660428, 50.90
1377660433, 50.90
1377660438, 50.90
1377660443, 50.90
1377660448, 50.90
1377660453, 50.90
1377660458, 50.90
1377660463, 50.90
1377660468, 50.90
1377660473, 50.90
1377660478, 50.90
1377660483, 50.90
1377660488, 50.90
1377660493, 50.90
1377660498, 50.90
1377660503, 50.90
1377660508, 50.90
1377660513, 50.90
1377660518, 50.90
1377660523, 50.90
1377660528, 50.90
1377660533, 50.90
1377660538, 50.90
1377660543, 50.90
1377660548, 50.93
1377660553, 50.93
1377660558, 50.90
1377660563, 50.90
1377660568, 50.90
1377660573, 50.93
1377660578, 50.93
1377660583, 50.90
1377660588, 50.90
1377660593, 50.90
1377660598, 50.93
1377660603, 50.93
1377660608, 50.93
1377660613, 50.93
1377660618, 50.93
1377660623, 50.93
1377660628, 50.93
1377660633, 50.93
1377660638, 50.93
1377660642, 50.93
1377660648, 50.93
1377660653, 50.93
1377660658, 50.96
1377660663, 50.93
1377660668, 50.96
1377660673, 50.96
1377660678, 50.96
1377660683, 50.96
1377660688, 50.93
1377660693, 50.93
1377660698, 50.96
1377660703, 50.96
1377660708, 50.96
1377660713, 50.93
1377660718, 50.96
1377660723, 50.96
1377660728, 50.96
1377660733, 50.96
1377660738, 50.96
1377660743, 50.93
1377660748, 50.96
1377660753, 50.96
1377660758, 50.96
1377660763, 50.96
1377660768, 50.96
1377660772, 50.96
1377660778, 50.96
1377660783, 50.96
1377660788, 50.96
1377660793, 50.96
1377660798, 50.96
1377660803, 50.96
1377660808, 50.96
1377660813, 50.96
1377660818, 50.96
1377660823, 50.96
1377660828, 50.96
1377660833, 50.96
1377660838, 50.99
1377660843, 50.96
1377660848, 50.96
1377660853, 50.96
1377660858, 50.96
1377660863, 50.96
1377660868, 50.96
1377660873, 50.96
1377660878, 50.99
1377660883, 50.99
1377660888, 50.99
1377660893, 50.96
1377660898, 50.96
1377660903, 50.99
1377660908, 50.99
1377660912, 50.96
1377660918, 50.99
1377660923, 51.03
1377660928, 50.99
1377660933, 50.99
1377660938, 50.99
1377660943, 51.03
1377660948, 50.99
1377660953, 51.03
1377660958, 50.99
1377660963, 50.99
1377660968, 50.99
1377660973, 50.99
1377660978, 51.03
1377660983, 50.99
1377660988, 50.99
1377660992, 51.03
1377660998, 50.99
1377661003, 51.03
1377661008, 51.03
1377661012, 51.03
1377661018, 50.99
1377661022, 51.03
1377661028, 51.03
1377661033, 51.03
1377661037, 51.03
1377661043, 51.03
1377661048, 51.03
1377661053, 51.03
1377661057, 51.03
1377661062, 51.03
1377661067, 50.99
1377661073, 51.03
1377661078, 51.03
1377661083, 51.03
1377661088, 51.03
1377661092, 51.03
1377661097, 51.03
1377661103, 51.03
1377661108, 51.03
1377661112, 51.03
1377661117, 51.03
1377661123, 51.03
1377661128, 51.03
1377661133, 51.03
1377661138, 51.03
1377661142, 51.06
1377661147, 51.03
1377661153, 51.03
1377661158, 51.03
1377661163, 51.03
1377661167, 51.03
1377661172, 51.03
1377661178, 51.03
1377661183, 51.03
1377661188, 51.03
1377661192, 51.06
1377661197, 51.03
1377661202, 51.03
1377661208, 51.03
1377661212, 51.03
1377661217, 51.03
1377661223, 51.03
1377661228, 51.06
1377661232, 51.06
1377661237, 51.06
1377661243, 51.03
1377661247, 51.06
1377661253, 51.03
1377661258, 51.06
1377661262, 51.06
1377661267, 51.06
1377661272, 51.06
1377661277, 51.06
1377661283, 51.06
1377661287, 51.06
1377661292, 51.06
1377661297, 51.06
1377661303, 51.06
1377661308, 51.06
1377661312, 51.06
1377661317, 51.09
1377661323, 51.03
1377661327, 51.09
1377661332, 51.06
1377661338, 51.06
1377661342, 51.09
1377661347, 51.06
1377661353, 51.06
1377661357, 51.09
1377661362, 51.06
1377661367, 51.09
1377661372, 51.09
1377661378, 51.09
1377661383, 51.06
1377661387, 51.06
1377661392, 51.06
1377661397, 51.09
1377661402, 51.09
1377661407, 51.09
1377661412, 51.06
1377661417, 51.09
1377661422, 51.09
1377661427, 51.09
1377661432, 51.09
1377661437, 51.06
1377661442, 51.09
1377661447, 51.09
1377661452, 51.09
1377661457, 51.09
1377661462, 51.09
1377661467, 51.09
1377661472, 51.09
1377661477, 51.09
1377661482, 51.09
1377661487, 51.09
1377661492, 51.09
1377661497, 51.09
1377661502, 51.09
1377661507, 51.09
1377661512, 51.09
1377661517, 51.09
1377661522, 51.09
1377661527, 51.09
1377661532, 51.09
1377661537, 51.09
1377661542, 51.09
1377661547, 51.09
1377661552, 51.09
1377661557, 51.09
1377661562, 51.09
1377661567, 51.09
1377661572, 51.09
1377661577, 51.09
1377661582, 51.09
1377661587, 51.09
1377661592, 51.09
1377661597, 51.09
1377661602, 51.09
1377661607, 51.09
1377661612, 51.09
1377661617, 51.09
1377661622, 51.09
1377661627, 51.09
1377661632, 51.09
1377661637, 51.09
1377661642, 51.09
1377661647, 51.09
1377661652, 51.12
1377661657, 51.12
1377661662, 51.09
1377661667, 51.09
1377661672, 51.12
1377661677, 51.09
1377661682, 51.12
1377661687, 51.09
1377661692, 51.12
1377661697, 51.09
1377661702, 51.09
1377661707, 51.12
1377661712, 51.09
1377661717, 51.09
1377661722, 51.12
1377661727, 51.12
1377661733, 51.12
1377661737, 51.12
1377661742, 51.09
1377661747, 51.12
1377661752, 51.12
1377661757, 51.12
1377661762, 51.12
1377661767, 51.12
1377661772, 51.12
1377661777, 51.12
1377661782, 51.12
1377661787, 51.09
1377661792, 51.12
1377661797, 51.12
1377661802, 51.12
1377661808, 51.15
1377661812, 51.12
1377661817, 51.12
1377661822, 51.12
1377661827, 51.12
1377661832, 51.15
1377661837, 51.12
1377661842, 51.12
1377661847, 51.12
1377661852, 51.12
1377661857, 51.12
1377661862, 51.15
1377661867, 51.12
1377661872, 51.15
1377661877, 51.12
1377661882, 51.15
1377661887, 51.15
1377661892, 51.15
1377661897, 51.12
1377661902, 51.15
1377661907, 51.15
1377661912, 51.15
1377661917, 51.15
1377661922, 51.15
1377661927, 51.15
1377661932, 51.15
1377661937, 51.12
1377661942, 51.15
1377661947, 51.15
1377661953, 51.15
1377661957, 51.15
1377661962, 51.15
1377661967, 51.15
1377661972, 51.15
1377661977, 51.15
1377661982, 51.15
1377661987, 51.15
1377661992, 51.15
1377661997, 51.15
1377662002, 51.15
1377662007, 51.15
1377662012, 51.15
1377662017, 51.12
1377662022, 51.15
1377662027, 51.15
1377662032, 51.15
1377662037, 51.15
1377662042, 51.15
1377662047, 51.15
1377662052, 51.15
1377662057, 51.15
1377662062, 51.15
1377662067, 51.15
1377662072, 51.15
1377662077, 51.15
1377662082, 51.19
1377662087, 51.15
1377662092, 51.15
1377662097, 51.15
1377662102, 51.15
1377662107, 51.15
1377662112, 51.15
1377662117, 51.15
1377662122, 51.15
1377662127, 51.15
1377662132, 51.15
1377662137, 51.15
1377662142, 51.15
1377662147, 51.15
1377662152, 51.15
1377662157, 51.19
1377662162, 51.19
1377662167, 51.15
1377662172, 51.19
1377662177, 51.15
1377662182, 51.15
1377662187, 51.15
1377662192, 51.15
1377662197, 51.15
1377662202, 51.19
1377662207, 51.19
1377662212, 51.15
1377662217, 51.15
1377662222, 51.15
1377662227, 51.15
1377662232, 51.19
1377662237, 51.19
1377662242, 51.15
1377662247, 51.19
1377662252, 51.15
1377662257, 51.19
1377662262, 51.19
1377662267, 51.19
1377662272, 51.15
1377662277, 51.19
1377662282, 51.22
1377662287, 51.19
1377662292, 51.19
1377662297, 51.15
1377662302, 51.19
1377662307, 51.19
1377662312, 51.15
1377662317, 51.15
1377662322, 51.19
1377662327, 51.19
1377662332, 51.19
1377662337, 51.19
1377662342, 51.19
1377662347, 51.19
1377662352, 51.19
1377662357, 51.19
1377662362, 51.19
1377662367, 51.19
1377662372, 51.19
1377662377, 51.19
1377662382, 51.19
1377662387, 51.19
1377662392, 51.22
1377662397, 51.22
1377662402, 51.22
1377662407, 51.22
1377662412, 51.19
1377662417, 51.19
1377662422, 51.22
1377662427, 51.22
1377662432, 51.22
1377662437, 51.19
1377662442, 51.22
1377662447, 51.19
1377662452, 51.22
1377662457, 51.22
1377662462, 51.19
1377662467, 51.19
1377662472, 51.22
1377662477, 51.19
1377662482, 51.19
1377662487, 51.22
1377662492, 51.22
1377662497, 51.22
1377662502, 51.19
1377662507, 51.22
1377662512, 51.19
1377662517, 51.19
1377662522, 51.22
1377662527, 51.22
1377662532, 51.19
1377662537, 51.22
1377662542, 51.22
1377662547, 51.19
1377662552, 51.22
1377662557, 51.22
1377662562, 51.22
1377662567, 51.19
1377662572, 51.22
1377662577, 51.22
1377662582, 51.22
1377662587, 51.22
1377662592, 51.19
1377662597, 51.19
1377662602, 51.22
1377662607, 51.22
1377662612, 51.22
1377662617, 51.22
1377662622, 51.22
1377662627, 51.22
1377662632, 51.22
1377662637, 51.19
1377662642, 51.22
1377662647, 51.22
1377662652, 51.22
1377662657, 51.22
1377662662, 51.22
1377662667, 51.22
1377662672, 51.22
1377662677, 51.22
1377662682, 51.22
1377662687, 51.22
1377662692, 51.22
1377662697, 51.22
1377662702, 51.22
1377662707, 51.22
1377662712, 51.22
1377662717, 51.22
1377662722, 51.22
1377662727, 51.22
1377662732, 51.22
1377662737, 51.22
1377662742, 51.22
1377662747, 51.22
1377662752, 51.22
1377662757, 51.22
1377662762, 51.22
1377662767, 51.22
1377662772, 51.22
1377662777, 51.22
1377662782, 51.22
1377662787, 51.22
1377662792, 51.22
1377662797, 51.22
1377662802, 51.22
1377662807, 51.22
1377662812, 51.22
1377662817, 51.22
1377662822, 51.22
1377662827, 51.22
1377662832, 51.22
1377662837, 51.22
1377662842, 51.22
1377662847, 51.22
1377662852, 51.22
1377662857, 51.22
1377662862, 51.22
1377662867, 51.22
1377662872, 51.22
1377662877, 51.22
1377662882, 51.22
1377662887, 51.22
1377662892, 51.22
1377662897, 51.22
1377662902, 51.22
1377662907, 51.22
1377662912, 51.22
1377662917, 51.25
1377662922, 51.22
1377662927, 51.22
1377662932, 51.22
1377662937, 51.25
1377662942, 51.22
1377662947, 51.25
1377662952, 51.22
1377662957, 51.22
1377662962, 51.22
1377662967, 51.25
1377662972, 51.25
1377662977, 51.25
1377662982, 51.25
1377662987, 51.25
1377662992, 51.25
1377662997, 51.25
1377663002, 51.25
1377663007, 51.25
1377663012, 51.25
1377663017, 51.28
1377663022, 51.25
1377663027, 51.25
1377663032, 51.25
1377663037, 51.25
1377663042, 51.25
1377663047, 51.25
1377663052, 51.25
1377663057, 51.25
1377663062, 51.25
1377663067, 51.28
1377663072, 51.25
1377663077, 51.28
1377663082, 51.25
1377663087, 51.25
1377663092, 51.28
1377663097, 51.28
1377663102, 51.25
1377663107, 51.28
1377663112, 51.28
1377663117, 51.28
1377663122, 51.25
1377663127, 51.25
1377663132, 51.28
1377663137, 51.28
1377663142, 51.28
1377663147, 51.28
1377663152, 51.28
1377663157, 51.28
1377663162, 51.28
1377663167, 51.25
1377663172, 51.25
1377663177, 51.25
1377663182, 51.28
1377663187, 51.25
1377663192, 51.28
1377663197, 51.28
1377663202, 51.28
1377663207, 51.28
1377663212, 51.28
1377663217, 51.28
1377663222, 51.28
1377663227, 51.28
1377663232, 51.28
1377663237, 51.28
1377663242, 51.28
1377663247, 51.28
1377663252, 51.28
1377663257, 51.28
1377663262, 51.28
1377663267, 51.28
1377663272, 51.28
1377663277, 51.28
1377663282, 51.28
1377663287, 51.28
1377663292, 51.28
1377663297, 51.28
1377663302, 51.28
1377663307, 51.28
1377663312, 51.28
1377663317, 51.28
1377663322, 51.28
1377663327, 51.28
1377663332, 51.28
1377663337, 51.28
1377663342, 51.28
1377663347, 51.28
1377663352, 51.28
1377663357, 51.28
1377663362, 51.31
1377663367, 51.28
1377663372, 51.28
1377663377, 51.28
1377663382, 51.31
1377663387, 51.28
1377663392, 51.28
1377663397, 51.31
1377663402, 51.31
1377663407, 51.31
1377663412, 51.28
1377663417, 51.31
1377663422, 51.28
1377663427, 51.31
1377663432, 51.28
1377663437, 51.28
1377663442, 51.28
1377663447, 51.28
1377663452, 51.28
1377663457, 51.28
1377663462, 51.28
1377663467, 51.31
1377663472, 51.28
1377663477, 51.31
1377663482, 51.28
1377663487, 51.28
1377663492, 51.28
1377663497, 51.28
1377663502, 51.31
1377663507, 51.35
1377663512, 51.31
1377663517, 51.31
1377663522, 51.31
1377663527, 51.31
1377663532, 51.28
1377663537, 51.31
1377663542, 51.31
1377663547, 51.31
1377663552, 51.31
1377663557, 51.28
1377663562, 51.28
1377663567, 51.28
1377663572, 51.31
1377663577, 51.28
1377663582, 51.28
1377663587, 51.31
1377663592, 51.31
1377663597, 51.31
1377663602, 51.28
1377663607, 51.31
1377663612, 51.28
1377663617, 51.28
1377663622, 51.31
1377663627, 51.31
1377663632, 51.31
1377663637, 51.31
1377663642, 51.31
1377663647, 51.31
1377663652, 51.31
1377663657, 51.31
1377663662, 51.31
1377663667, 51.31
1377663672, 51.31
1377663677, 51.31
1377663682, 51.28
1377663687, 51.31
1377663692, 51.31
1377663697, 51.35
1377663702, 51.31
1377663707, 51.31
1377663712, 51.31
1377663717, 51.35
1377663722, 51.31
1377663727, 51.35
1377663732, 51.31
1377663737, 51.35
1377663742, 51.31
1377663747, 51.31
1377663752, 51.31
1377663757, 51.35
1377663762, 51.35
1377663767, 51.31
1377663772, 51.35
1377663777, 51.31
1377663782, 51.31
1377663787, 51.35
1377663792, 51.35
1377663797, 51.35
1377663802, 51.31
1377663807, 51.31
1377663812, 51.31
1377663817, 51.35
1377663822, 51.35
1377663827, 51.31
1377663832, 51.35
1377663837, 51.35
1377663842, 51.35
1377663847, 51.35
1377663852, 51.35
1377663857, 51.35
1377663862, 51.35
1377663867, 51.35
1377663872, 51.35
1377663877, 51.35
1377663882, 51.35
1377663887, 51.31
1377663892, 51.35
1377663897, 51.35
1377663902, 51.35
1377663907, 51.31
1377663912, 51.35
1377663917, 51.35
1377663922, 51.35
1377663927, 51.35
1377663932, 51.35
1377663937, 51.35
1377663942, 51.35
1377663947, 51.31
1377663952, 51.35
1377663957, 51.35
1377663962, 51.35
1377663967, 51.35
1377663972, 51.35
1377663977, 51.35
1377663982, 51.35
1377663987, 51.35
1377663992, 51.35
1377663997, 51.35
1377664002, 51.35
1377664007, 51.35
1377664012, 51.35
1377664017, 51.35
1377664022, 51.35
1377664027, 51.35
1377664032, 51.35
1377664037, 51.35
1377664042, 51.35
1377664047, 51.35
1377664052, 51.35
1377664057, 51.35
1377664062, 51.35
1377664067, 51.35
1377664072, 51.35
1377664077, 51.35
1377664082, 51.35
1377664087, 51.35
1377664092, 51.35
1377664097, 51.35
1377664102, 51.35
1377664107, 51.35
1377664112, 51.35
1377664117, 51.35
1377664122, 51.38
1377664127, 51.35
1377664132, 51.35
1377664137, 51.35
1377664142, 51.35
1377664147, 51.35
1377664152, 51.35
1377664157, 51.35
1377664162, 51.38
1377664167, 51.38
1377664172, 51.35
1377664177, 51.38
1377664182, 51.35
1377664187, 51.35
1377664192, 51.38
1377664197, 51.38
1377664202, 51.35
1377664207, 51.35
1377664212, 51.35
1377664217, 51.38
1377664222, 51.38
1377664227, 51.38
1377664232, 51.38
1377664237, 51.38
1377664242, 51.38
1377664247, 51.38
1377664252, 51.38
1377664257, 51.38
1377664262, 51.38
1377664267, 51.38
1377664272, 51.38
1377664277, 51.38
1377664282, 51.38
1377664287, 51.38
1377664292, 51.35
1377664297, 51.38
1377664302, 51.41
1377664307, 51.38
1377664312, 51.38
1377664317, 51.38
1377664322, 51.38
1377664327, 51.38
1377664332, 51.38
1377664337, 51.38
1377664342, 51.38
1377664347, 51.38
1377664352, 51.38
1377664357, 51.38
1377664362, 51.38
1377664367, 51.38
1377664372, 51.38
1377664377, 51.38
1377664382, 51.38
1377664387, 51.38
1377664392, 51.38
1377664397, 51.38
1377664402, 51.41
1377664407, 51.38
1377664412, 51.38
1377664417, 51.38
1377664422, 51.38
1377664427, 51.38
1377664432, 51.38
1377664437, 51.38
1377664442, 51.38
1377664447, 51.41
1377664452, 51.41
1377664457, 51.38
1377664462, 51.41
1377664467, 51.38
1377664472, 51.38
1377664477, 51.41
1377664482, 51.38
1377664487, 51.41
1377664492, 51.41
1377664497, 51.41
1377664502, 51.41
1377664507, 51.38
1377664512, 51.41
1377664517, 51.41
1377664522, 51.38
1377664527, 51.41
1377664532, 51.41
1377664537, 51.41
1377664542, 51.41
1377664547, 51.41
1377664552, 51.41
1377664557, 51.41
1377664562, 51.38
1377664567, 51.41
1377664572, 51.41
1377664578, 51.41
1377664582, 51.41
1377664587, 51.41
1377664592, 51.41
1377664597, 51.41
1377664602, 51.41
1377664607, 51.41
1377664612, 51.41
1377664617, 51.41
1377664622, 51.41
1377664627, 51.41
1377664632, 51.41
1377664637, 51.41
1377664642, 51.41
1377664647, 51.41
1377664652, 51.41
1377664657, 51.38
1377664662, 51.41
1377664667, 51.41
1377664672, 51.41
1377664677, 51.41
1377664682, 51.41
1377664687, 51.41
1377664692, 51.41
1377664697, 51.41
1377664702, 51.41
1377664707, 51.41
1377664712, 51.41
1377664717, 51.41
1377664722, 51.41
1377664727, 51.41
1377664732, 51.41
1377664737, 51.41
1377664742, 51.44
1377664747, 51.41
1377664752, 51.44
1377664757, 51.41
1377664762, 51.41
1377664767, 51.41
1377664772, 51.44
1377664777, 51.41
1377664782, 51.41
1377664787, 51.44
1377664792, 51.44
1377664797, 51.41
1377664802, 51.41
1377664807, 51.41
1377664812, 51.41
1377664817, 51.44
1377664822, 51.41
1377664827, 51.41
1377664832, 51.44
1377664837, 51.44
1377664842, 51.44
1377664847, 51.41
1377664852, 51.44
1377664857, 51.41
1377664862, 51.41
1377664867, 51.41
1377664872, 51.44
1377664877, 51.41
1377664882, 51.41
1377664887, 51.41
1377664892, 51.41
1377664897, 51.44
1377664902, 51.44
1377664907, 51.41
1377664912, 51.41
1377664917, 51.41
1377664922, 51.41
1377664927, 51.44
1377664932, 51.44
1377664937, 51.41
1377664942, 51.44
1377664947, 51.41
1377664952, 51.44
1377664957, 51.44
1377664962, 51.44
1377664967, 51.44
1377664972, 51.44
1377664977, 51.44
1377664982, 51.44
1377664987, 51.44
1377664992, 51.44
1377664997, 51.47
1377665002, 51.44
1377665007, 51.41
1377665012, 51.44
1377665017, 51.44
1377665022, 51.44
1377665027, 51.47
1377665032, 51.47
1377665037, 51.44
1377665042, 51.44
1377665047, 51.44
1377665052, 51.44
1377665057, 51.44
1377665062, 51.44
1377665067, 51.44
1377665072, 51.47
1377665077, 51.47
1377665082, 51.47
1377665087, 51.44
1377665092, 51.47
1377665097, 51.47
1377665102, 51.44
1377665107, 51.44
1377665112, 51.44
1377665117, 51.44
1377665122, 51.44
1377665127, 51.44
1377665132, 51.47
1377665137, 51.47
1377665142, 51.44
1377665147, 51.47
1377665152, 51.47
1377665157, 51.47
1377665162, 51.44
1377665167, 51.47
1377665172, 51.44
1377665177, 51.44
1377665182, 51.44
1377665187, 51.44
1377665192, 51.44
1377665197, 51.47
1377665202, 51.47
1377665207, 51.44
1377665212, 51.47
1377665217, 51.44
1377665222, 51.47
1377665227, 51.44
1377665232, 51.47
1377665237, 51.47
1377665242, 51.44
1377665247, 51.47
1377665252, 51.47
1377665257, 51.47
1377665262, 51.44
1377665267, 51.47
1377665272, 51.47
1377665277, 51.47
1377665282, 51.44
1377665287, 51.47
1377665292, 51.47
1377665297, 51.44
1377665302, 51.47
1377665307, 51.47
1377665312, 51.47
1377665317, 51.47
1377665322, 51.47
1377665327, 51.47
1377665332, 51.47
1377665337, 51.47
1377665342, 51.47
1377665347, 51.47
1377665352, 51.47
1377665357, 51.44
1377665362, 51.47
1377665367, 51.47
1377665372, 51.47
1377665377, 51.47
1377665382, 51.47
1377665387, 51.47
1377665392, 51.47
1377665397, 51.47
1377665402, 51.47
1377665407, 51.47
1377665412, 51.47
1377665417, 51.47
1377665422, 51.47
1377665427, 51.47
1377665432, 51.47
1377665437, 51.47
1377665442, 51.47
1377665447, 51.47
1377665452, 51.47
1377665457, 51.47
1377665462, 51.47
1377665467, 51.47
1377665472, 51.47
1377665477, 51.47
1377665482, 51.44
1377665487, 51.47
1377665492, 51.47
1377665497, 51.47
1377665502, 51.47
1377665507, 51.51
1377665512, 51.47
1377665517, 51.47
1377665522, 51.47
1377665527, 51.47
1377665532, 51.47
1377665537, 51.47
1377665542, 51.47
1377665547, 51.47
1377665552, 51.47
1377665557, 51.47
1377665562, 51.47
1377665567, 51.47
1377665572, 51.47
1377665577, 51.47
1377665582, 51.47
1377665587, 51.47
1377665592, 51.47
1377665597, 51.47
1377665602, 51.51
1377665607, 51.51
1377665612, 51.47
1377665617, 51.47
1377665622, 51.51
1377665627, 51.47
1377665632, 51.47
1377665637, 51.47
1377665642, 51.47
1377665647, 51.47
1377665652, 51.47
1377665657, 51.51
1377665662, 51.47
1377665667, 51.47
1377665672, 51.47
1377665677, 51.47
1377665682, 51.47
1377665687, 51.47
1377665692, 51.47
1377665697, 51.51
1377665702, 51.47
1377665707, 51.47
1377665712, 51.47
1377665717, 51.51
1377665722, 51.51
1377665727, 51.51
1377665732, 51.51
1377665737, 51.51
1377665742, 51.47
1377665747, 51.51
1377665752, 51.51
1377665757, 51.51
1377665762, 51.51
1377665767, 51.47
1377665772, 51.51
1377665777, 51.51
1377665782, 51.51
1377665787, 51.51
1377665792, 51.51
1377665797, 51.51
1377665802, 51.51
1377665807, 51.47
1377665812, 51.47
1377665817, 51.51
1377665822, 51.54
1377665827, 51.47
1377665832, 51.51
1377665837, 51.54
1377665842, 51.51
1377665847, 51.51
1377665852, 51.51
1377665857, 51.51
1377665862, 51.51
1377665867, 51.51
1377665872, 51.47
1377665877, 51.51
1377665882, 51.51
1377665887, 51.51
1377665892, 51.51
1377665897, 51.51
1377665902, 51.51
1377665907, 51.51
1377665912, 51.51
1377665917, 51.51
1377665922, 51.51
1377665927, 51.54
1377665932, 51.51
1377665937, 51.51
1377665942, 51.54
1377665947, 51.51
1377665952, 51.54
1377665957, 51.47
1377665962, 51.51
1377665967, 51.51
1377665972, 51.51
1377665977, 51.54
1377665982, 51.51
1377665987, 51.51
1377665992, 51.51
1377665997, 51.54
1377666002, 51.51
1377666007, 51.51
1377666012, 51.54
1377666017, 51.51
1377666022, 51.47
1377666027, 51.51
1377666032, 51.51
1377666037, 51.51
1377666042, 51.51
1377666047, 51.54
1377666052, 51.47
1377666057, 51.54
1377666062, 51.51
1377666067, 51.54
1377666072, 51.51
1377666077, 51.54
1377666082, 51.54
1377666087, 51.51
1377666092, 51.54
1377666097, 51.54
1377666102, 51.54
1377666107, 51.51
1377666112, 51.54
1377666117, 51.51
1377666122, 51.51
1377666127, 51.51
1377666132, 51.51
1377666137, 51.54
1377666142, 51.51
1377666147, 51.54
1377666152, 51.54
1377666157, 51.54
1377666162, 51.54
1377666167, 51.51
1377666172, 51.54
1377666177, 51.54
1377666182, 51.54
1377666187, 51.51
1377666192, 51.54
1377666197, 51.51
1377666202, 51.51
1377666207, 51.51
1377666212, 51.54
1377666217, 51.54
1377666222, 51.54
1377666227, 51.51
1377666232, 51.54
1377666237, 51.54
1377666242, 51.51
1377666247, 51.54
1377666252, 51.51
1377666257, 51.54
1377666262, 51.51
1377666267, 51.51
1377666272, 51.54
1377666277, 51.51
1377666282, 51.54
1377666287, 51.54
1377666292, 51.54
1377666297, 51.51
1377666302, 51.51
1377666307, 51.54
1377666312, 51.54
1377666317, 51.51
1377666322, 51.54
1377666327, 51.54
1377666332, 51.54
1377666337, 51.54
1377666342, 51.54
1377666347, 51.54
1377666352, 51.54
1377666357, 51.54
1377666362, 51.51
1377666367, 51.51
1377666372, 51.54
1377666377, 51.54
1377666382, 51.54
1377666387, 51.54
1377666392, 51.54
1377666397, 51.54
1377666402, 51.51
1377666407, 51.51
1377666412, 51.51
1377666417, 51.51
1377666422, 51.51
1377666427, 51.51
1377666432, 51.51
1377666437, 51.54
1377666442, 51.54
1377666447, 51.51
1377666452, 51.54
1377666457, 51.54
1377666462, 51.54
1377666467, 51.54
1377666472, 51.54
1377666477, 51.51
1377666482, 51.54
1377666487, 51.51
1377666492, 51.51
1377666497, 51.54
1377666502, 51.51
1377666507, 51.51
1377666512, 51.54
1377666517, 51.54
1377666522, 51.51
1377666527, 51.54
1377666532, 51.54
1377666537, 51.51
1377666543, 51.51
1377666547, 51.51
1377666552, 51.54
1377666557, 51.51
1377666562, 51.54
1377666567, 51.51
1377666572, 51.51
1377666577, 51.51
1377666582, 51.51
1377666587, 51.51
1377666592, 51.54
1377666597, 51.51
1377666602, 51.51
1377666607, 51.51
1377666612, 51.51
1377666617, 51.51
1377666622, 51.54
1377666627, 51.54
1377666632, 51.54
1377666637, 51.54
1377666642, 51.51
1377666647, 51.54
1377666652, 51.51
1377666657, 51.54
1377666662, 51.54
1377666667, 51.54
1377666672, 51.51
1377666677, 51.54
1377666682, 51.54
1377666687, 51.51
1377666692, 51.54
1377666697, 51.54
1377666702, 51.54
1377666707, 51.54
1377666712, 51.51
1377666717, 51.54
1377666722, 51.51
1377666727, 51.54
1377666732, 51.54
1377666737, 51.54
1377666742, 51.51
1377666747, 51.54
1377666752, 51.51
1377666757, 51.51
1377666762, 51.54
1377666767, 51.54
1377666772, 51.51
1377666777, 51.54
1377666782, 51.54
1377666787, 51.51
1377666792, 51.54
1377666797, 51.54
1377666802, 51.54
1377666807, 51.54
1377666812, 51.54
1377666817, 51.54
1377666822, 51.54
1377666827, 51.54
1377666832, 51.51
1377666837, 51.54
1377666842, 51.54
1377666847, 51.54
1377666852, 51.54
1377666857, 51.54
1377666862, 51.54
1377666867, 51.54
1377666872, 51.54
1377666877, 51.54
1377666882, 51.54
1377666887, 51.54
1377666892, 51.54
1377666897, 51.54
1377666902, 51.54
1377666907, 51.54
1377666912, 51.54
1377666917, 51.51
1377666922, 51.54
1377666927, 51.54
1377666932, 51.54
1377666937, 51.54
1377666942, 51.54
1377666947, 51.54
1377666952, 51.54
1377666957, 51.54
1377666962, 51.54
1377666967, 51.54
1377666972, 51.54
1377666977, 51.54
1377666982, 51.54
1377666987, 51.54
1377666992, 51.54
1377666997, 51.54
1377667002, 51.54
1377667007, 51.54
1377667012, 51.54
1377667017, 51.54
1377667022, 51.54
1377667027, 51.54
1377667032, 51.54
1377667037, 51.54
1377667042, 51.54
1377667047, 51.54
1377667052, 51.54
1377667057, 51.54
1377667062, 51.54
1377667067, 51.54
1377667072, 51.54
1377667077, 51.54
1377667082, 51.54
1377667087, 51.54
1377667092, 51.54
1377667097, 51.54
1377667102, 51.54
1377667107, 51.54
1377667112, 51.54
1377667117, 51.54
1377667122, 51.54
1377667127, 51.54
1377667132, 51.54
1377667137, 51.54
1377667142, 51.54
1377667147, 51.54
1377667152, 51.54
1377667157, 51.54
1377667162, 51.54
1377667167, 51.54
1377667172, 51.54
1377667177, 51.54
1377667182, 51.54
1377667187, 51.54
1377667192, 51.54
1377667197, 51.54
1377667202, 51.54
1377667207, 51.54
1377667212, 51.54
1377667217, 51.54
1377667222, 51.54
1377667227, 51.54
1377667232, 51.54
1377667237, 51.54
1377667242, 51.54
1377667247, 51.54
1377667252, 51.54
1377667257, 51.54
1377667262, 51.54
1377667267, 51.54
1377667272, 51.54
1377667277, 51.54
1377667282, 51.54
1377667287, 51.54
1377667292, 51.54
1377667297, 51.54
1377667302, 51.54
1377667307, 51.54
1377667312, 51.54
1377667317, 51.54
1377667322, 51.54
1377667327, 51.54
1377667332, 51.54
1377667337, 51.54
1377667342, 51.54
1377667347, 51.54
1377667352, 51.54
1377667357, 51.54
1377667362, 51.54
1377667367, 51.54
1377667372, 51.54
1377667377, 51.54
1377667382, 51.54
1377667387, 51.54
1377667392, 51.54
1377667397, 51.54
1377667402, 51.54
1377667407, 51.54
1377667412, 51.54
1377667417, 51.54
1377667422, 51.54
1377667427, 51.54
1377667432, 51.54
1377667437, 51.54
1377667442, 51.54
1377667447, 51.54
1377667452, 51.54
1377667457, 51.54
1377667462, 51.54
1377667467, 51.54
1377667472, 51.54
1377667477, 51.54
1377667482, 51.54
1377667487, 51.54
1377667492, 51.54
1377667497, 51.54
1377667502, 51.54
1377667507, 51.54
1377667512, 51.54
1377667517, 51.54
1377667522, 51.54
1377667527, 51.54
1377667532, 51.54
1377667537, 51.54
1377667542, 51.54
1377667547, 51.54
1377667552, 51.54
1377667557, 51.54
1377667562, 51.54
1377667567, 51.54
1377667572, 51.54
1377667577, 51.54
1377667582, 51.54
1377667587, 51.54
1377667592, 51.54
1377667597, 51.54
1377667602, 51.54
1377667607, 51.54
1377667612, 51.54
1377667617, 51.54
1377667622, 51.54
1377667627, 51.54
1377667632, 51.54
1377667637, 51.54
1377667642, 51.54
1377667647, 51.54
1377667652, 51.54
1377667657, 51.54
1377667662, 51.54
1377667667, 51.54
1377667672, 51.57
1377667677, 51.54
1377667682, 51.57
1377667687, 51.54
1377667692, 51.57
1377667697, 51.54
1377667702, 51.57
1377667707, 51.54
1377667712, 51.57
1377667717, 51.57
1377667722, 51.57
1377667727, 51.54
1377667732, 51.57
1377667737, 51.57
1377667742, 51.57
1377667747, 51.54
1377667752, 51.57
1377667757, 51.54
1377667762, 51.57
1377667767, 51.57
1377667772, 51.57
1377667777, 51.57
1377667782, 51.57
1377667787, 51.57
1377667792, 51.60
1377667797, 51.60
1377667802, 51.57
1377667807, 51.60
1377667812, 51.57
1377667817, 51.57
1377667822, 51.60
1377667827, 51.57
1377667832, 51.57
1377667837, 51.57
1377667842, 51.57
1377667847, 51.57
1377667852, 51.57
1377667857, 51.57
1377667862, 51.57
1377667867, 51.57
1377667872, 51.57
1377667877, 51.57
1377667882, 51.57
1377667887, 51.57
1377667892, 51.57
1377667897, 51.60
1377667902, 51.57
1377667907, 51.57
1377667912, 51.57
1377667917, 51.57
1377667922, 51.60
1377667927, 51.60
1377667932, 51.57
1377667937, 51.57
1377667942, 51.60
1377667947, 51.60
1377667952, 51.60
1377667957, 51.57
1377667962, 51.60
1377667967, 51.60
1377667972, 51.60
1377667977, 51.57
1377667982, 51.60
1377667987, 51.60
1377667992, 51.60
1377667997, 51.60
1377668002, 51.57
1377668007, 51.60
1377668012, 51.60
1377668017, 51.57
1377668022, 51.60
1377668027, 51.60
1377668032, 51.57
1377668037, 51.60
1377668042, 51.60
1377668047, 51.60
1377668052, 51.60
1377668057, 51.60
1377668062, 51.60
1377668067, 51.60
1377668072, 51.60
1377668077, 51.60
1377668082, 51.60
1377668087, 51.60
1377668092, 51.60
1377668097, 51.57
1377668102, 51.60
1377668107, 51.60
1377668112, 51.60
1377668117, 51.60
1377668122, 51.60
1377668127, 51.60
1377668132, 51.60
1377668137, 51.60
1377668142, 51.60
1377668147, 51.60
1377668152, 51.60
1377668157, 51.60
1377668162, 51.60
1377668167, 51.60
1377668172, 51.60
1377668177, 51.60
1377668182, 51.60
1377668187, 51.60
1377668192, 51.60
1377668197, 51.60
1377668202, 51.60
1377668207, 51.60
1377668212, 51.60
1377668217, 51.60
1377668222, 51.60
1377668227, 51.60
1377668232, 51.60
1377668237, 51.60
1377668242, 51.60
1377668247, 51.60
1377668252, 51.60
1377668257, 51.63
1377668262, 51.60
1377668267, 51.60
1377668272, 51.60
1377668277, 51.63
1377668282, 51.60
1377668287, 51.63
1377668292, 51.63
1377668297, 51.60
1377668302, 51.63
1377668307, 51.60
1377668312, 51.60
1377668317, 51.63
1377668322, 51.60
1377668327, 51.60
1377668332, 51.60
1377668337, 51.60
1377668342, 51.63
1377668347, 51.60
1377668352, 51.63
1377668357, 51.63
1377668362, 51.63
1377668367, 51.60
1377668372, 51.63
1377668377, 51.63
1377668382, 51.63
1377668387, 51.63
1377668392, 51.63
1377668397, 51.63
1377668402, 51.63
1377668407, 51.63
1377668412, 51.63
1377668417, 51.63
1377668422, 51.63
1377668427, 51.63
1377668432, 51.67
1377668437, 51.63
1377668442, 51.63
1377668447, 51.60
1377668452, 51.63
1377668457, 51.63
1377668462, 51.63
1377668467, 51.63
1377668472, 51.67
1377668477, 51.63
1377668482, 51.67
1377668487, 51.63
1377668492, 51.63
1377668497, 51.63
1377668502, 51.63
1377668507, 51.63
1377668512, 51.67
1377668517, 51.67
1377668522, 51.67
1377668527, 51.67
1377668532, 51.63
1377668537, 51.63
1377668542, 51.67
1377668547, 51.63
1377668552, 51.67
1377668557, 51.67
1377668562, 51.67
1377668567, 51.63
1377668572, 51.67
1377668577, 51.63
1377668582, 51.67
1377668587, 51.67
1377668592, 51.67
1377668597, 51.63
1377668602, 51.67
1377668607, 51.67
1377668612, 51.67
1377668617, 51.63
1377668622, 51.67
1377668627, 51.67
1377668632, 51.67
1377668637, 51.67
1377668642, 51.67
1377668647, 51.67
1377668652, 51.67
1377668657, 51.67
1377668662, 51.67
1377668667, 51.67
1377668672, 51.63
1377668677, 51.67
1377668682, 51.67
1377668687, 51.67
1377668692, 51.67
1377668697, 51.67
1377668702, 51.67
1377668707, 51.67
1377668712, 51.67
1377668717, 51.67
1377668722, 51.67
1377668727, 51.67
1377668732, 51.70
1377668737, 51.67
1377668742, 51.67
1377668747, 51.67
1377668752, 51.67
1377668757, 51.67
1377668762, 51.67
1377668767, 51.67
1377668772, 51.67
1377668777, 51.67
1377668782, 51.67
1377668787, 51.67
1377668792, 51.70
1377668797, 51.67
1377668802, 51.70
1377668807, 51.67
1377668812, 51.67
1377668817, 51.67
1377668822, 51.67
1377668827, 51.67
1377668832, 51.67
1377668837, 51.67
1377668842, 51.67
1377668847, 51.67
1377668852, 51.70
1377668857, 51.67
1377668862, 51.67
1377668867, 51.67
1377668872, 51.67
1377668877, 51.70
1377668882, 51.67
1377668887, 51.67
1377668892, 51.70
1377668897, 51.70
1377668902, 51.70
1377668907, 51.67
1377668912, 51.70
1377668917, 51.67
1377668922, 51.70
1377668927, 51.67
1377668932, 51.70
1377668937, 51.67
1377668942, 51.67
1377668947, 51.70
1377668952, 51.67
1377668957, 51.67
1377668962, 51.67
1377668967, 51.67
1377668972, 51.67
1377668977, 51.67
1377668982, 51.70
1377668987, 51.67
1377668992, 51.67
1377668997, 51.67
1377669002, 51.67
1377669007, 51.67
1377669012, 51.67
1377669017, 51.67
1377669022, 51.67
1377669027, 51.67
1377669032, 51.67
1377669037, 51.67
1377669042, 51.67
1377669047, 51.67
1377669052, 51.67
1377669057, 51.67
1377669062, 51.67
1377669067, 51.67
1377669072, 51.70
1377669077, 51.67
1377669082, 51.67
1377669087, 51.67
1377669092, 51.67
1377669097, 51.70
1377669102, 51.67
1377669107, 51.67
1377669112, 51.67
1377669117, 51.67
1377669122, 51.67
1377669127, 51.70
1377669132, 51.67
1377669137, 51.67
1377669142, 51.67
1377669147, 51.67
1377669152, 51.67
1377669157, 51.67
1377669162, 51.67
1377669167, 51.67
1377669172, 51.67
1377669177, 51.67
1377669182, 51.67
1377669187, 51.67
1377669192, 51.67
1377669197, 51.67
1377669202, 51.67
1377669207, 51.67
1377669212, 51.67
1377669217, 51.67
1377669222, 51.67
1377669227, 51.67
1377669232, 51.67
1377669237, 51.67
1377669242, 51.67
1377669247, 51.67
1377669252, 51.67
1377669257, 51.67
1377669262, 51.67
1377669267, 51.67
1377669272, 51.67
1377669277, 51.67
1377669282, 51.67
1377669287, 51.67
1377669292, 51.67
1377669297, 51.67
1377669302, 51.67
1377669307, 51.67
1377669312, 51.67
1377669317, 51.67
1377669322, 51.67
1377669327, 51.67
1377669332, 51.67
1377669337, 51.67
1377669342, 51.67
1377669347, 51.67
1377669352, 51.67
1377669357, 51.67
1377669362, 51.67
1377669367, 51.67
1377669372, 51.67
1377669377, 51.67
1377669382, 51.67
1377669387, 51.67
1377669392, 51.67
1377669397, 51.67
1377669402, 51.67
1377669407, 51.67
1377669412, 51.67
1377669417, 51.67
1377669422, 51.67
1377669427, 51.67
1377669432, 51.67
1377669437, 51.67
1377669442, 51.67
1377669447, 51.67
1377669452, 51.67
1377669457, 51.67
1377669462, 51.67
1377669467, 51.67
1377669472, 51.67
1377669477, 51.67
1377669482, 51.63
1377669487, 51.67
1377669492, 51.67
1377669497, 51.67
1377669502, 51.67
1377669507, 51.63
1377669512, 51.67
1377669517, 51.67
1377669522, 51.67
1377669527, 51.63
1377669532, 51.67
1377669537, 51.63
1377669542, 51.67
1377669547, 51.67
1377669552, 51.67
1377669557, 51.67
1377669562, 51.63
1377669567, 51.67
1377669572, 51.67
1377669577, 51.63
1377669582, 51.67
1377669587, 51.67
1377669592, 51.67
1377669597, 51.63
1377669602, 51.67
1377669607, 51.63
1377669612, 51.63
1377669617, 51.67
1377669622, 51.67
1377669627, 51.67
1377669632, 51.67
1377669637, 51.63
1377669642, 51.67
1377669647, 51.67
1377669652, 51.67
1377669657, 51.67
1377669662, 51.67
1377669667, 51.63
1377669672, 51.63
1377669677, 51.67
1377669682, 51.63
1377669687, 51.63
1377669692, 51.63
1377669697, 51.67
1377669702, 51.63
1377669707, 51.63
1377669712, 51.63
1377669717, 51.67
1377669722, 51.63
1377669727, 51.67
1377669732, 51.63
1377669737, 51.63
1377669742, 51.63
1377669747, 51.63
1377669752, 51.63
1377669757, 51.63
1377669762, 51.63
1377669767, 51.63
1377669772, 51.63
1377669777, 51.63
1377669782, 51.63
1377669787, 51.60
1377669792, 51.63
1377669797, 51.63
1377669802, 51.63
1377669807, 51.60
1377669812, 51.67
1377669817, 51.63
1377669822, 51.63
1377669827, 51.63
1377669832, 51.63
1377669837, 51.63
1377669842, 51.63
1377669847, 51.63
1377669852, 51.60
1377669857, 51.60
1377669862, 51.63
1377669867, 51.63
1377669872, 51.67
1377669877, 51.63
1377669882, 51.63
1377669887, 51.63
1377669892, 51.63
1377669897, 51.60
1377669902, 51.67
1377669907, 51.63
1377669912, 51.63
1377669917, 51.60
1377669922, 51.60
1377669927, 51.63
1377669932, 51.60
1377669937, 51.63
1377669942, 51.60
1377669947, 51.63
1377669952, 51.60
1377669957, 51.63
1377669962, 51.60
1377669967, 51.63
1377669972, 51.63
1377669977, 51.60
1377669982, 51.63
1377669987, 51.63
1377669992, 51.60
1377669997, 51.60
1377670002, 51.60
1377670007, 51.60
1377670012, 51.60
1377670017, 51.63
1377670022, 51.63
1377670027, 51.63
1377670032, 51.63
1377670037, 51.60
1377670042, 51.60
1377670047, 51.63
1377670052, 51.60
1377670057, 51.60
1377670062, 51.60
1377670067, 51.63
1377670072, 51.63
1377670077, 51.63
1377670082, 51.60
1377670087, 51.60
1377670092, 51.60
1377670097, 51.63
1377670102, 51.60
1377670107, 51.60
1377670112, 51.60
1377670117, 51.60
1377670122, 51.63
1377670127, 51.60
1377670132, 51.60
1377670137, 51.60
1377670142, 51.60
1377670147, 51.60
1377670152, 51.60
1377670157, 51.60
1377670162, 51.60
1377670167, 51.60
1377670172, 51.60
1377670177, 51.60
1377670182, 51.63
1377670187, 51.60
1377670192, 51.60
1377670197, 51.60
1377670202, 51.60
1377670207, 51.60
1377670212, 51.60
1377670217, 51.60
1377670222, 51.60
1377670227, 51.60
1377670232, 51.60
1377670237, 51.60
1377670242, 51.60
1377670247, 51.60
1377670252, 51.60
1377670257, 51.60
1377670262, 51.60
1377670267, 51.60
1377670272, 51.60
1377670277, 51.60
1377670282, 51.60
1377670287, 51.60
1377670292, 51.60
1377670297, 51.60
1377670302, 51.60
1377670307, 51.60
1377670312, 51.60
1377670317, 51.60
1377670322, 51.60
1377670327, 51.60
1377670332, 51.60
1377670337, 51.60
1377670342, 51.60
1377670347, 51.60
1377670352, 51.60
1377670357, 51.60
1377670362, 51.60
1377670367, 51.60
1377670372, 51.60
1377670377, 51.60
1377670382, 51.60
1377670387, 51.60
1377670392, 51.60
1377670397, 51.60
1377670402, 51.60
1377670407, 51.60
1377670412, 51.57
1377670417, 51.60
1377670422, 51.60
1377670427, 51.60
1377670432, 51.60
1377670437, 51.60
1377670442, 51.60
1377670447, 51.60
1377670452, 51.60
1377670457, 51.60
1377670462, 51.60
1377670467, 51.60
1377670472, 51.60
1377670477, 51.60
1377670482, 51.60
1377670487, 51.60
1377670492, 51.60
1377670497, 51.60
1377670502, 51.60
1377670507, 51.60
1377670512, 51.60
1377670517, 51.60
1377670522, 51.60
1377670527, 51.60
1377670532, 51.60
1377670537, 51.60
1377670542, 51.60
1377670547, 51.60
1377670552, 51.60
1377670557, 51.60
1377670562, 51.60
1377670567, 51.60
1377670572, 51.60
1377670577, 51.60
1377670582, 51.60
1377670587, 51.60
1377670592, 51.60
1377670597, 51.60
1377670602, 51.57
1377670607, 51.60
1377670612, 51.60
1377670617, 51.60
1377670622, 51.57
1377670627, 51.60
1377670632, 51.60
1377670637, 51.60
1377670642, 51.60
1377670647, 51.60
1377670652, 51.60
1377670657, 51.60
1377670662, 51.57
1377670667, 51.60
1377670672, 51.57
1377670677, 51.60
1377670682, 51.60
1377670687, 51.60
1377670692, 51.60
1377670697, 51.57
1377670702, 51.60
1377670707, 51.60
1377670712, 51.60
1377670717, 51.60
1377670722, 51.60
1377670727, 51.60
1377670732, 51.60
1377670737, 51.57
1377670742, 51.60
1377670747, 51.60
1377670752, 51.60
1377670757, 51.60
1377670762, 51.60
1377670767, 51.60
1377670772, 51.57
1377670777, 51.57
1377670782, 51.60
1377670787, 51.60
1377670792, 51.57
1377670797, 51.60
1377670802, 51.60
1377670807, 51.57
1377670812, 51.57
1377670817, 51.60
1377670822, 51.60
1377670827, 51.57
1377670832, 51.57
1377670837, 51.57
1377670842, 51.57
1377670847, 51.57
1377670852, 51.57
1377670857, 51.60
1377670862, 51.60
1377670867, 51.57
1377670872, 51.60
1377670877, 51.60
1377670882, 51.60
1377670887, 51.57
1377670892, 51.57
1377670897, 51.60
1377670902, 51.57
1377670907, 51.60
1377670912, 51.57
1377670917, 51.57
1377670922, 51.57
1377670927, 51.57
1377670932, 51.60
1377670937, 51.60
1377670942, 51.57
1377670947, 51.57
1377670952, 51.57
1377670957, 51.57
1377670962, 51.57
1377670967, 51.57
1377670972, 51.57
1377670977, 51.60
1377670982, 51.57
1377670987, 51.60
1377670992, 51.57
1377670997, 51.57
1377671002, 51.60
1377671007, 51.57
1377671012, 51.57
1377671017, 51.57
1377671022, 51.57
1377671027, 51.57
1377671032, 51.57
1377671037, 51.57
1377671042, 51.57
1377671047, 51.57
1377671052, 51.57
1377671057, 51.57
1377671062, 51.57
1377671067, 51.57
1377671072, 51.57
1377671077, 51.57
1377671082, 51.57
1377671087, 51.57
1377671092, 51.60
1377671097, 51.57
1377671102, 51.57
1377671107, 51.57
1377671112, 51.57
1377671117, 51.57
1377671122, 51.57
1377671127, 51.57
1377671132, 51.57
1377671137, 51.54
1377671142, 51.54
1377671147, 51.54
1377671152, 51.57
1377671157, 51.57
1377671162, 51.57
1377671167, 51.57
1377671172, 51.60
1377671177, 51.57
1377671182, 51.57
1377671187, 51.57
1377671192, 51.54
1377671197, 51.57
1377671202, 51.57
1377671207, 51.57
1377671212, 51.54
1377671217, 51.54
1377671222, 51.57
1377671227, 51.57
1377671232, 51.54
1377671237, 51.57
1377671242, 51.57
1377671247, 51.57
1377671252, 51.54
1377671257, 51.54
1377671262, 51.54
1377671267, 51.54
1377671272, 51.57
1377671277, 51.54
1377671282, 51.57
1377671287, 51.54
1377671292, 51.54
1377671297, 51.57
1377671302, 51.54
1377671307, 51.57
1377671312, 51.57
1377671317, 51.54
1377671322, 51.57
1377671327, 51.57
1377671332, 51.57
1377671337, 51.57
1377671342, 51.54
1377671347, 51.54
1377671352, 51.57
1377671357, 51.54
1377671362, 51.54
1377671367, 51.54
1377671372, 51.54
1377671377, 51.57
1377671382, 51.54
1377671387, 51.54
1377671392, 51.57
1377671397, 51.54
1377671402, 51.54
1377671407, 51.57
1377671412, 51.54
1377671417, 51.57
1377671422, 51.54
1377671427, 51.57
1377671432, 51.54
1377671437, 51.54
1377671442, 51.54
1377671447, 51.57
1377671452, 51.54
1377671457, 51.54
1377671462, 51.57
1377671467, 51.57
1377671472, 51.57
1377671477, 51.54
1377671482, 51.57
1377671487, 51.54
1377671492, 51.57
1377671497, 51.57
1377671502, 51.54
1377671507, 51.54
1377671512, 51.54
1377671517, 51.54
1377671522, 51.54
1377671527, 51.54
1377671532, 51.54
1377671537, 51.57
1377671542, 51.57
1377671547, 51.57
1377671552, 51.54
1377671557, 51.54
1377671562, 51.57
1377671567, 51.54
1377671572, 51.54
1377671577, 51.54
1377671582, 51.54
1377671587, 51.54
1377671592, 51.54
1377671597, 51.54
1377671602, 51.57
1377671607, 51.54
1377671612, 51.54
1377671617, 51.54
1377671622, 51.57
1377671627, 51.54
1377671632, 51.54
1377671637, 51.54
1377671642, 51.54
1377671647, 51.54
1377671652, 51.57
1377671657, 51.54
1377671662, 51.54
1377671667, 51.57
1377671672, 51.57
1377671677, 51.54
1377671682, 51.54
1377671687, 51.54
1377671692, 51.54
1377671697, 51.57
1377671702, 51.54
1377671707, 51.54
1377671712, 51.54
1377671717, 51.54
1377671722, 51.54
1377671727, 51.54
1377671732, 51.54
1377671737, 51.54
1377671742, 51.54
1377671747, 51.54
1377671752, 51.54
1377671757, 51.54
1377671762, 51.54
1377671767, 51.54
1377671772, 51.54
1377671777, 51.54
1377671782, 51.54
1377671787, 51.54
1377671792, 51.54
1377671797, 51.54
1377671802, 51.54
1377671807, 51.54
1377671812, 51.54
1377671817, 51.54
1377671822, 51.57
1377671827, 51.57
1377671832, 51.54
1377671837, 51.54
1377671842, 51.54
1377671847, 51.54
1377671852, 51.54
1377671857, 51.54
1377671862, 51.54
1377671867, 51.54
1377671872, 51.54
1377671877, 51.54
1377671882, 51.54
1377671887, 51.54
1377671892, 51.54
1377671897, 51.54
1377671902, 51.54
1377671907, 51.54
1377671912, 51.54
1377671917, 51.54
1377671922, 51.54
1377671927, 51.54
1377671932, 51.54
1377671937, 51.54
1377671942, 51.54
1377671947, 51.54
1377671952, 51.54
1377671957, 51.54
1377671962, 51.54
1377671967, 51.54
1377671972, 51.54
1377671977, 51.54
1377671982, 51.54
1377671987, 51.54
1377671992, 51.54
1377671997, 51.54
1377672002, 51.54
1377672007, 51.54
1377672012, 51.54
1377672017, 51.54
1377672022, 51.54
1377672027, 51.51
1377672032, 51.54
1377672037, 51.54
1377672042, 51.54
1377672047, 51.54
1377672052, 51.54
1377672057, 51.54
1377672062, 51.54
1377672067, 51.54
1377672072, 51.54
1377672077, 51.54
1377672082, 51.54
1377672087, 51.57
1377672092, 51.54
1377672097, 51.54
1377672102, 51.54
1377672107, 51.54
1377672112, 51.54
1377672117, 51.54
1377672122, 51.54
1377672127, 51.54
1377672132, 51.54
1377672137, 51.54
1377672142, 51.54
1377672147, 51.54
1377672152, 51.54
1377672157, 51.54
1377672162, 51.54
1377672167, 51.54
1377672172, 51.54
1377672177, 51.54
1377672182, 51.54
1377672187, 51.54
1377672192, 51.54
1377672197, 51.54
1377672202, 51.54
1377672207, 51.54
1377672212, 51.54
1377672217, 51.54
1377672222, 51.54
1377672227, 51.54
1377672232, 51.54
1377672237, 51.54
1377672242, 51.54
1377672247, 51.54
1377672252, 51.54
1377672257, 51.54
1377672262, 51.54
1377672267, 51.54
1377672272, 51.54
1377672277, 51.54
1377672282, 51.54
1377672287, 51.54
1377672292, 51.54
1377672297, 51.54
1377672302, 51.54
1377672307, 51.54
1377672312, 51.54
1377672317, 51.54
1377672322, 51.54
1377672327, 51.54
1377672332, 51.54
1377672337, 51.54
1377672342, 51.54
1377672347, 51.54
1377672352, 51.54
1377672357, 51.54
1377672362, 51.54
1377672367, 51.54
1377672372, 51.54
1377672377, 51.54
1377672382, 51.54
1377672387, 51.51
1377672392, 51.54
1377672397, 51.54
1377672402, 51.54
1377672407, 51.54
1377672412, 51.54
1377672417, 51.54
1377672422, 51.54
1377672427, 51.54
1377672432, 51.54
1377672437, 51.51
1377672442, 51.54
1377672447, 51.54
1377672452, 51.54
1377672457, 51.54
1377672462, 51.54
1377672467, 51.54
1377672472, 51.54
1377672477, 51.54
1377672482, 51.54
1377672487, 51.54
1377672492, 51.51
1377672497, 51.54
1377672502, 51.51
1377672507, 51.54
1377672512, 51.54
1377672517, 51.54
1377672522, 51.54
1377672527, 51.54
1377672532, 51.51
1377672537, 51.54
1377672542, 51.54
1377672547, 51.54
1377672552, 51.54
1377672557, 51.54
1377672562, 51.54
1377672567, 51.54
1377672572, 51.51
1377672577, 51.54
1377672582, 51.54
1377672587, 51.54
1377672592, 51.54
1377672597, 51.54
1377672602, 51.54
1377672607, 51.54
1377672612, 51.54
1377672617, 51.54
1377672622, 51.54
1377672627, 51.54
1377672632, 51.51
1377672637, 51.54
1377672642, 51.54
1377672647, 51.54
1377672652, 51.54
1377672657, 51.54
1377672662, 51.54
1377672667, 51.54
1377672672, 51.54
1377672677, 51.54
1377672682, 51.54
1377672687, 51.54
1377672692, 51.54
1377672697, 51.51
1377672702, 51.54
1377672707, 51.51
1377672712, 51.54
1377672717, 51.54
1377672722, 51.54
1377672727, 51.54
1377672732, 51.54
1377672737, 51.54
1377672742, 51.51
1377672747, 51.51
1377672752, 51.51
1377672757, 51.54
1377672762, 51.51
1377672767, 51.54
1377672772, 51.54
1377672777, 51.54
1377672782, 51.54
1377672787, 51.51
1377672792, 51.54
1377672797, 51.54
1377672802, 51.54
1377672807, 51.54
1377672812, 51.54
1377672817, 51.54
1377672822, 51.54
1377672827, 51.51
1377672832, 51.51
1377672837, 51.54
1377672842, 51.51
1377672847, 51.54
1377672852, 51.54
1377672857, 51.51
1377672862, 51.51
1377672867, 51.51
1377672872, 51.51
1377672877, 51.54
1377672882, 51.54
1377672887, 51.54
1377672892, 51.54
1377672897, 51.51
1377672902, 51.54
1377672907, 51.54
1377672912, 51.51
1377672917, 51.54
1377672922, 51.51
1377672927, 51.54
1377672932, 51.54
1377672937, 51.51
1377672942, 51.54
1377672947, 51.51
1377672952, 51.51
1377672957, 51.51
1377672962, 51.51
1377672967, 51.51
1377672972, 51.51
1377672977, 51.51
1377672982, 51.54
1377672987, 51.54
1377672992, 51.51
1377672997, 51.51
1377673002, 51.51
1377673007, 51.51
1377673012, 51.54
1377673017, 51.47
1377673022, 51.47
1377673027, 51.51
1377673032, 51.54
1377673037, 51.51
1377673042, 51.51
1377673047, 51.51
1377673052, 51.51
1377673057, 51.51
1377673062, 51.51
1377673067, 51.51
1377673072, 51.51
1377673077, 51.51
1377673082, 51.51
1377673087, 51.51
1377673092, 51.51
1377673097, 51.47
1377673102, 51.51
1377673107, 51.47
1377673112, 51.51
1377673117, 51.51
1377673122, 51.51
1377673127, 51.51
1377673132, 51.51
1377673137, 51.51
1377673142, 51.47
1377673147, 51.47
1377673152, 51.51
1377673157, 51.51
1377673162, 51.51
1377673167, 51.51
1377673172, 51.47
1377673177, 51.47
1377673182, 51.51
1377673187, 51.51
1377673192, 51.47
1377673197, 51.47
1377673202, 51.47
1377673207, 51.51
1377673212, 51.51
1377673217, 51.47
1377673222, 51.51
1377673227, 51.47
1377673232, 51.47
1377673237, 51.47
1377673242, 51.51
1377673247, 51.51
1377673252, 51.51
1377673257, 51.47
1377673262, 51.47
1377673267, 51.47
1377673272, 51.47
1377673277, 51.47
1377673282, 51.47
1377673287, 51.51
1377673292, 51.47
1377673297, 51.47
1377673302, 51.51
1377673307, 51.51
1377673312, 51.51
1377673317, 51.51
1377673322, 51.51
1377673327, 51.51
1377673332, 51.51
1377673337, 51.47
1377673342, 51.47
1377673347, 51.51
1377673352, 51.47
1377673357, 51.51
1377673362, 51.51
1377673367, 51.51
1377673372, 51.51
1377673377, 51.51
1377673382, 51.47
1377673387, 51.51
1377673392, 51.47
1377673397, 51.47
1377673402, 51.47
1377673407, 51.47
1377673412, 51.51
1377673417, 51.51
1377673422, 51.51
1377673427, 51.51
1377673432, 51.47
1377673437, 51.51
1377673442, 51.51
1377673447, 51.51
1377673452, 51.47
1377673457, 51.51
1377673462, 51.51
1377673467, 51.51
1377673472, 51.47
1377673477, 51.51
1377673482, 51.47
1377673487, 51.51
1377673492, 51.51
1377673497, 51.47
1377673502, 51.51
1377673507, 51.47
1377673512, 51.51
1377673517, 51.51
1377673522, 51.51
1377673527, 51.51
1377673532, 51.47
1377673537, 51.51
1377673542, 51.51
1377673547, 51.51
1377673552, 51.51
1377673557, 51.51
1377673562, 51.54
1377673567, 51.51
1377673572, 51.51
1377673577, 51.51
1377673582, 51.51
1377673587, 51.51
1377673592, 51.51
1377673597, 51.51
1377673602, 51.51
1377673607, 51.51
1377673612, 51.51
1377673617, 51.51
1377673622, 51.51
1377673627, 51.51
1377673632, 51.51
1377673637, 51.51
1377673642, 51.51
1377673647, 51.51
1377673652, 51.51
1377673657, 51.51
1377673662, 51.51
1377673667, 51.51
1377673672, 51.51
1377673677, 51.51
1377673682, 51.51
1377673687, 51.51
1377673692, 51.51
1377673697, 51.51
1377673702, 51.51
1377673707, 51.51
1377673712, 51.54
1377673717, 51.51
1377673722, 51.51
1377673727, 51.51
1377673732, 51.54
1377673737, 51.54
1377673742, 51.51
1377673747, 51.51
1377673752, 51.51
1377673757, 51.51
1377673762, 51.51
1377673767, 51.51
1377673772, 51.51
1377673777, 51.51
1377673782, 51.51
1377673787, 51.51
1377673792, 51.47
1377673797, 51.51
1377673802, 51.51
1377673807, 51.51
1377673812, 51.51
1377673817, 51.51
1377673822, 51.51
1377673827, 51.51
1377673832, 51.51
1377673837, 51.51
1377673842, 51.51
1377673847, 51.51
1377673852, 51.51
1377673857, 51.51
1377673862, 51.51
1377673867, 51.51
1377673872, 51.51
1377673877, 51.54
1377673882, 51.51
1377673887, 51.51
1377673892, 51.51
1377673897, 51.54
1377673902, 51.51
1377673907, 51.47
1377673912, 51.51
1377673917, 51.51
1377673922, 51.51
1377673927, 51.51
1377673932, 51.54
1377673937, 51.51
1377673942, 51.51
1377673947, 51.51
1377673952, 51.51
1377673957, 51.51
1377673962, 51.51
1377673967, 51.51
1377673972, 51.51
1377673977, 51.51
1377673982, 51.51
1377673987, 51.51
1377673992, 51.51
1377673997, 51.51
1377674002, 51.51
1377674007, 51.51
1377674012, 51.51
1377674017, 51.51
1377674022, 51.51
1377674027, 51.47
1377674032, 51.51
1377674037, 51.51
1377674042, 51.51
1377674047, 51.47
1377674052, 51.47
1377674057, 51.51
1377674062, 51.51
1377674067, 51.51
1377674072, 51.47
1377674077, 51.51
1377674082, 51.51
1377674087, 51.51
1377674092, 51.51
1377674097, 51.51
1377674102, 51.51
1377674107, 51.51
1377674112, 51.47
1377674117, 51.51
1377674122, 51.51
1377674127, 51.51
1377674132, 51.51
1377674137, 51.51
1377674142, 51.51
1377674147, 51.51
1377674152, 51.51
1377674157, 51.51
1377674162, 51.51
1377674167, 51.51
1377674172, 51.51
1377674177, 51.51
1377674182, 51.51
1377674187, 51.51
1377674192, 51.51
1377674197, 51.51
1377674202, 51.51
1377674207, 51.51
1377674212, 51.47
1377674217, 51.51
1377674222, 51.47
1377674227, 51.51
1377674232, 51.51
1377674237, 51.51
1377674242, 51.54
1377674247, 51.51
1377674252, 51.51
1377674257, 51.47
1377674262, 51.51
1377674267, 51.51
1377674272, 51.54
1377674277, 51.51
1377674282, 51.51
1377674287, 51.51
1377674292, 51.51
1377674297, 51.51
1377674302, 51.51
1377674307, 51.51
1377674312, 51.47
1377674317, 51.51
1377674322, 51.51
1377674327, 51.51
1377674332, 51.51
1377674337, 51.51
1377674342, 51.54
1377674347, 51.47
1377674352, 51.51
1377674357, 51.51
1377674362, 51.51
1377674367, 51.51
1377674372, 51.51
1377674377, 51.51
1377674382, 51.51
1377674387, 51.54
1377674392, 51.51
1377674397, 51.51
1377674402, 51.51
1377674407, 51.51
1377674412, 51.51
1377674417, 51.51
1377674422, 51.54
1377674427, 51.51
1377674432, 51.47
1377674437, 51.51
1377674442, 51.51
1377674447, 51.54
1377674452, 51.51
1377674457, 51.51
1377674462, 51.51
1377674467, 51.51
1377674472, 51.51
1377674477, 51.51
1377674482, 51.51
1377674487, 51.54
1377674492, 51.51
1377674497, 51.51
1377674502, 51.51
1377674507, 51.51
1377674512, 51.51
1377674517, 51.51
1377674522, 51.51
1377674527, 51.51
1377674532, 51.51
1377674537, 51.54
1377674542, 51.51
1377674547, 51.54
1377674552, 51.51
1377674557, 51.51
1377674562, 51.51
1377674567, 51.54
1377674572, 51.54
1377674577, 51.51
1377674582, 51.51
1377674587, 51.51
1377674592, 51.51
1377674597, 51.54
1377674602, 51.51
1377674607, 51.51
1377674612, 51.51
1377674617, 51.51
1377674622, 51.51
1377674627, 51.51
1377674632, 51.51
1377674637, 51.51
1377674642, 51.51
1377674647, 51.54
1377674652, 51.51
1377674657, 51.54
1377674662, 51.51
1377674667, 51.51
1377674672, 51.51
1377674677, 51.51
1377674682, 51.51
1377674687, 51.51
1377674692, 51.47
1377674697, 51.51
1377674702, 51.51
1377674707, 51.51
1377674712, 51.51
1377674717, 51.51
1377674722, 51.51
1377674727, 51.54
1377674732, 51.54
1377674737, 51.51
1377674742, 51.51
1377674747, 51.51
1377674752, 51.51
1377674757, 51.47
1377674762, 51.51
1377674767, 51.51
1377674772, 51.51
1377674777, 51.51
1377674782, 51.51
1377674787, 51.51
1377674792, 51.51
1377674797, 51.51
1377674802, 51.51
1377674807, 51.51
1377674812, 51.51
1377674817, 51.47
1377674822, 51.51
1377674827, 51.51
1377674832, 51.51
1377674837, 51.51
1377674842, 51.51
1377674847, 51.51
1377674852, 51.51
1377674857, 51.51
1377674862, 51.51
1377674867, 51.51
1377674872, 51.51
1377674877, 51.51
1377674882, 51.51
1377674887, 51.54
1377674892, 51.51
1377674897, 51.51
1377674902, 51.51
1377674907, 51.54
1377674912, 51.51
1377674917, 51.51
1377674922, 51.51
1377674927, 51.51
1377674932, 51.51
1377674937, 51.51
1377674942, 51.54
1377674947, 51.51
1377674952, 51.51
1377674957, 51.51
1377674962, 51.51
1377674967, 51.51
1377674972, 51.51
1377674977, 51.54
1377674982, 51.54
1377674987, 51.51
1377674992, 51.54
1377674997, 51.54
1377675002, 51.54
1377675007, 51.51
1377675012, 51.54
1377675017, 51.54
1377675022, 51.51
1377675027, 51.54
1377675032, 51.54
1377675037, 51.51
1377675042, 51.51
1377675047, 51.51
1377675052, 51.51
1377675057, 51.51
1377675062, 51.51
1377675067, 51.51
1377675072, 51.54
1377675077, 51.51
1377675082, 51.54
1377675087, 51.54
1377675092, 51.51
1377675097, 51.54
1377675102, 51.51
1377675107, 51.54
1377675112, 51.54
1377675117, 51.51
1377675122, 51.54
1377675127, 51.54
1377675132, 51.51
1377675137, 51.54
1377675142, 51.54
1377675147, 51.51
1377675152, 51.51
1377675157, 51.51
1377675162, 51.51
1377675167, 51.51
1377675172, 51.51
1377675177, 51.54
1377675182, 51.47
1377675187, 51.54
1377675192, 51.54
1377675197, 51.54
1377675202, 51.51
1377675207, 51.51
1377675212, 51.51
1377675217, 51.51
1377675222, 51.54
1377675227, 51.54
1377675232, 51.54
1377675237, 51.51
1377675242, 51.51
1377675247, 51.54
1377675252, 51.51
1377675257, 51.51
1377675262, 51.51
1377675267, 51.51
1377675272, 51.51
1377675277, 51.51
1377675282, 51.54
1377675287, 51.51
1377675292, 51.51
1377675297, 51.51
1377675302, 51.51
1377675307, 51.51
1377675312, 51.54
1377675317, 51.51
1377675322, 51.51
1377675327, 51.51
1377675332, 51.51
1377675337, 51.51
1377675342, 51.51
1377675347, 51.51
1377675352, 51.51
1377675357, 51.51
1377675362, 51.51
1377675367, 51.51
1377675372, 51.51
1377675377, 51.51
1377675382, 51.51
1377675387, 51.51
1377675392, 51.51
1377675397, 51.51
1377675402, 51.51
1377675407, 51.51
1377675412, 51.54
1377675417, 51.51
1377675422, 51.51
1377675427, 51.51
1377675432, 51.47
1377675437, 51.54
1377675442, 51.51
1377675447, 51.51
1377675452, 51.51
1377675457, 51.51
1377675462, 51.51
1377675467, 51.51
1377675472, 51.51
1377675477, 51.51
1377675482, 51.51
1377675487, 51.51
1377675492, 51.51
1377675497, 51.51
1377675502, 51.51
1377675507, 51.51
1377675512, 51.47
1377675517, 51.51
1377675522, 51.51
1377675527, 51.47
1377675532, 51.51
1377675537, 51.51
1377675542, 51.51
1377675547, 51.51
1377675552, 51.51
1377675557, 51.51
1377675562, 51.47
1377675567, 51.54
1377675572, 51.51
1377675577, 51.51
1377675582, 51.51
1377675587, 51.51
1377675592, 51.51
1377675597, 51.51
1377675602, 51.51
1377675607, 51.47
1377675612, 51.51
1377675617, 51.51
1377675622, 51.47
1377675627, 51.51
1377675632, 51.47
1377675637, 51.51
1377675642, 51.47
1377675647, 51.47
1377675652, 51.51
1377675657, 51.51
1377675662, 51.47
1377675667, 51.51
1377675672, 51.47
1377675677, 51.47
1377675682, 51.47
1377675687, 51.47
1377675692, 51.47
1377675697, 51.47
1377675702, 51.47
1377675707, 51.47
1377675712, 51.47
1377675717, 51.47
1377675722, 51.47
1377675727, 51.47
1377675732, 51.47
1377675737, 51.47
1377675742, 51.47
1377675747, 51.47
1377675752, 51.47
1377675757, 51.47
1377675762, 51.47
1377675767, 51.47
1377675772, 51.47
1377675777, 51.47
1377675782, 51.47
1377675787, 51.47
1377675792, 51.47
1377675797, 51.47
1377675802, 51.47
1377675807, 51.47
1377675812, 51.47
1377675817, 51.47
1377675822, 51.47
1377675827, 51.47
1377675832, 51.47
1377675837, 51.47
1377675842, 51.47
1377675847, 51.47
1377675852, 51.47
1377675857, 51.47
1377675862, 51.44
1377675867, 51.47
1377675872, 51.47
1377675877, 51.47
1377675882, 51.47
1377675887, 51.47
1377675892, 51.47
1377675897, 51.44
1377675902, 51.47
1377675907, 51.47
1377675912, 51.47
1377675917, 51.47
1377675922, 51.47
1377675927, 51.44
1377675932, 51.47
1377675937, 51.44
1377675942, 51.47
1377675947, 51.44
1377675952, 51.47
1377675957, 51.47
1377675962, 51.44
1377675967, 51.44
1377675972, 51.47
1377675977, 51.47
1377675982, 51.47
1377675987, 51.47
1377675992, 51.47
1377675997, 51.44
1377676002, 51.44
1377676007, 51.44
1377676012, 51.44
1377676017, 51.44
1377676022, 51.44
1377676027, 51.47
1377676032, 51.44
1377676037, 51.44
1377676042, 51.47
1377676047, 51.47
1377676052, 51.44
1377676057, 51.47
1377676062, 51.47
1377676067, 51.44
1377676072, 51.44
1377676077, 51.44
1377676082, 51.41
1377676087, 51.44
1377676092, 51.47
1377676097, 51.44
1377676102, 51.44
1377676107, 51.44
1377676112, 51.44
1377676117, 51.44
1377676122, 51.44
1377676127, 51.47
1377676132, 51.44
1377676137, 51.44
1377676142, 51.44
1377676147, 51.44
1377676152, 51.44
1377676157, 51.44
1377676162, 51.44
1377676167, 51.44
1377676172, 51.44
1377676177, 51.44
1377676182, 51.41
1377676187, 51.44
1377676192, 51.44
1377676197, 51.47
1377676202, 51.44
1377676207, 51.44
1377676212, 51.44
1377676217, 51.44
1377676222, 51.47
1377676227, 51.44
1377676232, 51.44
1377676237, 51.41
1377676242, 51.41
1377676247, 51.44
1377676252, 51.44
1377676257, 51.44
1377676262, 51.44
1377676267, 51.44
1377676272, 51.44
1377676277, 51.44
1377676282, 51.44
1377676287, 51.44
1377676292, 51.44
1377676297, 51.41
1377676302, 51.44
1377676307, 51.44
1377676312, 51.44
1377676317, 51.44
1377676322, 51.44
1377676327, 51.44
1377676332, 51.41
1377676337, 51.44
1377676342, 51.41
1377676347, 51.41
1377676352, 51.44
1377676357, 51.44
1377676362, 51.44
1377676367, 51.44
1377676372, 51.44
1377676377, 51.41
1377676382, 51.44
1377676387, 51.41
1377676392, 51.41
1377676397, 51.44
1377676402, 51.44
1377676407, 51.41
1377676412, 51.41
1377676417, 51.44
1377676422, 51.44
1377676427, 51.44
1377676432, 51.41
1377676437, 51.44
1377676442, 51.44
1377676447, 51.44
1377676452, 51.41
1377676457, 51.41
1377676462, 51.44
1377676467, 51.41
1377676472, 51.44
1377676477, 51.41
1377676482, 51.41
1377676487, 51.41
1377676492, 51.41
1377676497, 51.41
1377676502, 51.44
1377676507, 51.41
1377676512, 51.41
1377676517, 51.41
1377676522, 51.41
1377676527, 51.41
1377676532, 51.44
1377676537, 51.44
1377676542, 51.41
1377676547, 51.41
1377676552, 51.44
1377676557, 51.44
1377676562, 51.44
1377676567, 51.44
1377676572, 51.41
1377676577, 51.41
1377676582, 51.44
1377676587, 51.41
1377676592, 51.41
1377676597, 51.41
1377676602, 51.41
1377676607, 51.44
1377676612, 51.41
1377676617, 51.44
1377676622, 51.44
1377676627, 51.41
1377676632, 51.41
1377676637, 51.41
1377676642, 51.41
1377676647, 51.41
1377676652, 51.41
1377676657, 51.41
1377676662, 51.44
1377676667, 51.41
1377676672, 51.44
1377676677, 51.41
1377676682, 51.41
1377676687, 51.41
1377676692, 51.41
1377676697, 51.41
1377676702, 51.44
1377676707, 51.41
1377676712, 51.41
1377676717, 51.41
1377676722, 51.44
1377676727, 51.41
1377676732, 51.41
1377676737, 51.41
1377676742, 51.41
1377676747, 51.41
1377676752, 51.41
1377676757, 51.41
1377676762, 51.41
1377676767, 51.41
1377676772, 51.44
1377676777, 51.44
1377676782, 51.41
1377676787, 51.44
1377676792, 51.41
1377676797, 51.44
1377676802, 51.41
1377676807, 51.41
1377676812, 51.41
1377676817, 51.41
1377676822, 51.41
1377676827, 51.41
1377676832, 51.44
1377676837, 51.41
1377676842, 51.44
1377676847, 51.44
1377676852, 51.44
1377676857, 51.44
1377676862, 51.41
1377676867, 51.44
1377676872, 51.41
1377676877, 51.41
1377676882, 51.41
1377676887, 51.44
1377676892, 51.44
1377676897, 51.44
1377676902, 51.44
1377676907, 51.44
1377676912, 51.41
1377676917, 51.44
1377676922, 51.44
1377676927, 51.44
1377676932, 51.41
1377676937, 51.44
1377676942, 51.41
1377676947, 51.44
1377676952, 51.44
1377676957, 51.41
1377676962, 51.44
1377676967, 51.44
1377676972, 51.41
1377676977, 51.44
1377676982, 51.41
1377676987, 51.44
1377676992, 51.44
1377676997, 51.44
1377677002, 51.44
1377677007, 51.44
1377677012, 51.44
1377677017, 51.41
1377677022, 51.44
1377677027, 51.44
1377677032, 51.44
1377677037, 51.44
1377677042, 51.44
1377677047, 51.44
1377677052, 51.44
1377677057, 51.44
1377677062, 51.44
1377677067, 51.44
1377677072, 51.44
1377677077, 51.44
1377677082, 51.44
1377677087, 51.44
1377677092, 51.44
1377677097, 51.41
1377677102, 51.44
1377677107, 51.44
1377677112, 51.44
1377677117, 51.41
1377677122, 51.47
1377677127, 51.44
1377677132, 51.44
1377677137, 51.41
1377677142, 51.47
1377677147, 51.44
1377677152, 51.44
1377677157, 51.44
1377677162, 51.44
1377677167, 51.44
1377677172, 51.44
1377677177, 51.47
1377677182, 51.44
1377677187, 51.44
1377677192, 51.44
1377677197, 51.47
1377677202, 51.44
1377677207, 51.44
1377677212, 51.44
1377677217, 51.44
1377677222, 51.44
1377677227, 51.44
1377677232, 51.44
1377677237, 51.47
1377677242, 51.41
1377677247, 51.44
1377677252, 51.44
1377677257, 51.44
1377677262, 51.44
1377677267, 51.47
1377677272, 51.44
1377677277, 51.44
1377677282, 51.44
1377677287, 51.44
1377677292, 51.44
1377677297, 51.44
1377677302, 51.44
1377677307, 51.47
1377677312, 51.44
1377677317, 51.44
1377677322, 51.44
1377677327, 51.44
1377677332, 51.44
1377677337, 51.47
1377677342, 51.44
1377677347, 51.44
1377677352, 51.44
1377677357, 51.44
1377677362, 51.44
1377677367, 51.41
1377677372, 51.44
1377677377, 51.44
1377677382, 51.44
1377677387, 51.44
1377677392, 51.44
1377677397, 51.44
1377677402, 51.44
1377677407, 51.44
1377677412, 51.44
1377677417, 51.44
1377677422, 51.44
1377677427, 51.44
1377677432, 51.44
1377677437, 51.44
1377677442, 51.41
1377677447, 51.44
1377677452, 51.44
1377677457, 51.44
1377677462, 51.44
1377677467, 51.44
1377677472, 51.44
1377677477, 51.44
1377677482, 51.44
1377677487, 51.44
1377677492, 51.44
1377677497, 51.44
1377677502, 51.44
1377677507, 51.44
1377677512, 51.44
1377677517, 51.44
1377677522, 51.44
1377677527, 51.41
1377677532, 51.44
1377677537, 51.41
1377677542, 51.44
1377677547, 51.44
1377677552, 51.44
1377677557, 51.44
1377677562, 51.44
1377677567, 51.44
1377677572, 51.41
1377677577, 51.41
1377677582, 51.41
1377677587, 51.44
1377677592, 51.44
1377677597, 51.44
1377677602, 51.44
1377677607, 51.41
1377677612, 51.41
1377677617, 51.41
1377677622, 51.44
1377677627, 51.41
1377677632, 51.44
1377677637, 51.41
1377677642, 51.41
1377677647, 51.41
1377677652, 51.41
1377677657, 51.41
1377677662, 51.41
1377677667, 51.44
1377677672, 51.41
1377677677, 51.41
1377677682, 51.44
1377677687, 51.41
1377677692, 51.41
1377677697, 51.41
1377677702, 51.41
1377677707, 51.41
1377677712, 51.38
1377677717, 51.41
1377677722, 51.41
1377677727, 51.41
1377677732, 51.41
1377677737, 51.41
1377677742, 51.41
1377677747, 51.41
1377677752, 51.41
1377677757, 51.41
1377677762, 51.41
1377677767, 51.41
1377677772, 51.41
1377677777, 51.41
1377677782, 51.41
1377677787, 51.41
1377677792, 51.41
1377677797, 51.41
1377677802, 51.41
1377677807, 51.41
1377677812, 51.41
1377677817, 51.41
1377677822, 51.41
1377677827, 51.41
1377677832, 51.41
1377677837, 51.41
1377677842, 51.41
1377677847, 51.41
1377677852, 51.41
1377677857, 51.41
1377677862, 51.41
1377677867, 51.41
1377677872, 51.41
1377677877, 51.41
1377677882, 51.41
1377677887, 51.41
1377677892, 51.41
1377677897, 51.41
1377677902, 51.41
1377677907, 51.41
1377677912, 51.41
1377677917, 51.41
1377677922, 51.41
1377677927, 51.41
1377677932, 51.41
1377677937, 51.41
1377677942, 51.41
1377677947, 51.41
1377677952, 51.41
1377677957, 51.41
1377677962, 51.41
1377677967, 51.41
1377677972, 51.41
1377677977, 51.41
1377677982, 51.41
1377677987, 51.41
1377677992, 51.41
1377677997, 51.41
1377678002, 51.41
1377678007, 51.41
1377678012, 51.41
1377678017, 51.41
1377678022, 51.41
1377678027, 51.41
1377678032, 51.41
1377678037, 51.41
1377678042, 51.41
1377678047, 51.41
1377678052, 51.41
1377678057, 51.41
1377678062, 51.41
1377678067, 51.41
1377678072, 51.41
1377678077, 51.41
1377678082, 51.41
1377678087, 51.41
1377678092, 51.41
1377678097, 51.41
1377678102, 51.41
1377678107, 51.41
1377678112, 51.41
1377678117, 51.41
1377678122, 51.41
1377678127, 51.41
1377678132, 51.41
1377678137, 51.41
1377678142, 51.41
1377678147, 51.41
1377678152, 51.41
1377678157, 51.41
1377678162, 51.41
1377678167, 51.41
1377678172, 51.41
1377678177, 51.41
1377678182, 51.41
1377678187, 51.41
1377678192, 51.41
1377678197, 51.41
1377678202, 51.41
1377678207, 51.41
1377678212, 51.44
1377678217, 51.41
1377678222, 51.41
1377678227, 51.41
1377678232, 51.41
1377678237, 51.41
1377678242, 51.41
1377678247, 51.41
1377678252, 51.41
1377678257, 51.41
1377678262, 51.41
1377678267, 51.41
1377678272, 51.41
1377678277, 51.41
1377678282, 51.41
1377678287, 51.41
1377678292, 51.41
1377678297, 51.41
1377678302, 51.41
1377678307, 51.41
1377678312, 51.41
1377678317, 51.41
1377678322, 51.41
1377678327, 51.41
1377678332, 51.41
1377678337, 51.41
1377678342, 51.41
1377678347, 51.41
1377678352, 51.44
1377678357, 51.41
1377678362, 51.41
1377678367, 51.41
1377678372, 51.41
1377678377, 51.41
1377678382, 51.41
1377678387, 51.41
1377678392, 51.41
1377678397, 51.41
1377678402, 51.41
1377678407, 51.41
1377678412, 51.41
1377678417, 51.41
1377678422, 51.41
1377678427, 51.41
1377678432, 51.41
1377678437, 51.41
1377678442, 51.41
1377678447, 51.41
1377678452, 51.41
1377678457, 51.41
1377678462, 51.41
1377678467, 51.38
1377678472, 51.41
1377678477, 51.41
1377678482, 51.41
1377678487, 51.41
1377678492, 51.41
1377678497, 51.41
1377678502, 51.38
1377678507, 51.41
1377678512, 51.41
1377678517, 51.41
1377678522, 51.41
1377678527, 51.38
1377678532, 51.41
1377678537, 51.41
1377678542, 51.41
1377678547, 51.41
1377678552, 51.41
1377678557, 51.38
1377678562, 51.41
1377678567, 51.41
1377678572, 51.41
1377678577, 51.41
1377678582, 51.41
1377678587, 51.41
1377678592, 51.38
1377678597, 51.41
1377678602, 51.41
1377678607, 51.41
1377678612, 51.41
1377678617, 51.38
1377678622, 51.41
1377678627, 51.41
1377678632, 51.41
1377678637, 51.41
1377678642, 51.41
1377678647, 51.38
1377678652, 51.41
1377678657, 51.41
1377678662, 51.41
1377678667, 51.41
1377678672, 51.41
1377678677, 51.41
1377678682, 51.41
1377678687, 51.38
1377678692, 51.41
1377678697, 51.41
1377678702, 51.41
1377678707, 51.38
1377678712, 51.38
1377678717, 51.41
1377678722, 51.38
1377678727, 51.41
1377678732, 51.41
1377678737, 51.38
1377678742, 51.38
1377678747, 51.38
1377678752, 51.41
1377678757, 51.38
1377678762, 51.38
1377678767, 51.38
1377678772, 51.38
1377678777, 51.38
1377678782, 51.41
1377678787, 51.41
1377678792, 51.38
1377678797, 51.41
1377678802, 51.38
1377678807, 51.38
1377678812, 51.38
1377678817, 51.38
1377678822, 51.41
1377678827, 51.41
1377678832, 51.41
1377678837, 51.38
1377678842, 51.38
1377678847, 51.38
1377678852, 51.41
1377678857, 51.41
1377678862, 51.38
1377678867, 51.38
1377678872, 51.38
1377678877, 51.38
1377678882, 51.38
1377678887, 51.38
1377678892, 51.38
1377678897, 51.38
1377678902, 51.38
1377678907, 51.38
1377678912, 51.38
1377678917, 51.38
1377678922, 51.35
1377678927, 51.38
1377678932, 51.41
1377678937, 51.38
1377678942, 51.38
1377678947, 51.38
1377678952, 51.35
1377678957, 51.38
1377678962, 51.38
1377678967, 51.38
1377678972, 51.35
1377678977, 51.38
1377678982, 51.38
1377678987, 51.35
1377678992, 51.38
1377678997, 51.38
1377679002, 51.38
1377679007, 51.35
1377679012, 51.38
1377679017, 51.35
1377679022, 51.38
1377679027, 51.38
1377679032, 51.38
1377679037, 51.38
1377679042, 51.35
1377679047, 51.38
1377679052, 51.35
1377679057, 51.35
1377679062, 51.38
1377679067, 51.35
1377679072, 51.38
1377679077, 51.38
1377679082, 51.38
1377679087, 51.35
1377679092, 51.38
1377679097, 51.38
1377679102, 51.38
1377679107, 51.38
1377679112, 51.38
1377679117, 51.35
1377679122, 51.38
1377679127, 51.38
1377679132, 51.35
1377679137, 51.35
1377679142, 51.35
1377679147, 51.38
1377679152, 51.38
1377679157, 51.38
1377679162, 51.38
1377679167, 51.38
1377679172, 51.38
1377679177, 51.38
1377679182, 51.38
1377679187, 51.35
1377679192, 51.35
1377679197, 51.38
1377679202, 51.38
1377679207, 51.35
1377679212, 51.38
1377679217, 51.35
1377679222, 51.38
1377679227, 51.35
1377679232, 51.38
1377679237, 51.38
1377679242, 51.38
1377679247, 51.38
1377679252, 51.38
1377679257, 51.38
1377679262, 51.35
1377679267, 51.38
1377679272, 51.35
1377679277, 51.38
1377679282, 51.38
1377679287, 51.38
1377679292, 51.38
1377679297, 51.38
1377679302, 51.38
1377679307, 51.38
1377679312, 51.38
1377679317, 51.38
1377679322, 51.35
1377679327, 51.38
1377679332, 51.38
1377679337, 51.38
1377679342, 51.35
1377679347, 51.38
1377679352, 51.38
1377679357, 51.38
1377679362, 51.41
1377679367, 51.41
1377679372, 51.38
1377679377, 51.35
1377679382, 51.38
1377679387, 51.38
1377679392, 51.38
1377679397, 51.38
1377679402, 51.38
1377679407, 51.38
1377679412, 51.38
1377679417, 51.38
1377679422, 51.38
1377679427, 51.35
1377679432, 51.38
1377679437, 51.38
1377679442, 51.38
1377679447, 51.38
1377679452, 51.38
1377679457, 51.38
1377679462, 51.38
1377679467, 51.38
1377679472, 51.38
1377679477, 51.38
1377679482, 51.38
1377679487, 51.38
1377679492, 51.38
1377679497, 51.38
1377679502, 51.38
1377679507, 51.38
1377679512, 51.35
1377679517, 51.38
1377679522, 51.35
1377679527, 51.38
1377679532, 51.38
1377679537, 51.35
1377679542, 51.38
1377679547, 51.35
1377679552, 51.38
1377679557, 51.38
1377679562, 51.35
1377679567, 51.38
1377679572, 51.35
1377679577, 51.38
1377679582, 51.35
1377679587, 51.35
1377679592, 51.38
1377679597, 51.38
1377679602, 51.38
1377679607, 51.38
1377679612, 51.35
1377679617, 51.35
1377679622, 51.38
1377679627, 51.38
1377679632, 51.38
1377679637, 51.35
1377679642, 51.35
1377679647, 51.35
1377679652, 51.35
1377679657, 51.35
1377679662, 51.35
1377679667, 51.38
1377679672, 51.38
1377679677, 51.38
1377679682, 51.35
1377679687, 51.38
1377679692, 51.38
1377679697, 51.38
1377679702, 51.38
1377679707, 51.35
1377679712, 51.35
1377679717, 51.35
1377679722, 51.35
1377679727, 51.38
1377679732, 51.38
1377679737, 51.35
1377679742, 51.38
1377679747, 51.38
1377679752, 51.35
1377679757, 51.38
1377679762, 51.38
1377679767, 51.38
1377679772, 51.35
1377679777, 51.35
1377679782, 51.35
1377679787, 51.38
1377679792, 51.35
1377679797, 51.35
1377679802, 51.38
1377679807, 51.38
1377679812, 51.35
1377679817, 51.38
1377679822, 51.35
1377679827, 51.35
1377679832, 51.35
1377679837, 51.38
1377679842, 51.38
1377679847, 51.35
1377679852, 51.38
1377679857, 51.38
1377679862, 51.35
1377679867, 51.35
1377679872, 51.38
1377679877, 51.35
1377679882, 51.35
1377679887, 51.35
1377679892, 51.35
1377679897, 51.38
1377679902, 51.35
1377679907, 51.35
1377679912, 51.35
1377679917, 51.35
1377679922, 51.35
1377679927, 51.35
1377679932, 51.35
1377679937, 51.38
1377679942, 51.35
1377679947, 51.35
1377679952, 51.35
1377679957, 51.35
1377679962, 51.35
1377679967, 51.35
1377679972, 51.35
1377679977, 51.35
1377679982, 51.35
1377679987, 51.35
1377679992, 51.35
1377679997, 51.35
1377680002, 51.35
1377680007, 51.35
1377680012, 51.35
1377680017, 51.35
1377680022, 51.35
1377680027, 51.35
1377680032, 51.35
1377680037, 51.35
1377680042, 51.35
1377680047, 51.35
1377680052, 51.35
1377680057, 51.35
1377680062, 51.35
1377680067, 51.35
1377680072, 51.35
1377680077, 51.35
1377680082, 51.35
1377680087, 51.35
1377680092, 51.35
1377680097, 51.35
1377680102, 51.35
1377680107, 51.35
1377680112, 51.35
1377680117, 51.35
1377680122, 51.35
1377680127, 51.35
1377680132, 51.35
1377680137, 51.35
1377680142, 51.35
1377680147, 51.35
1377680152, 51.35
1377680157, 51.31
1377680162, 51.35
1377680167, 51.35
1377680172, 51.35
1377680177, 51.31
1377680182, 51.35
1377680187, 51.35
1377680192, 51.35
1377680197, 51.35
1377680202, 51.31
1377680207, 51.31
1377680212, 51.35
1377680217, 51.35
1377680222, 51.31
1377680227, 51.35
1377680232, 51.35
1377680237, 51.35
1377680242, 51.35
1377680247, 51.31
1377680252, 51.31
1377680257, 51.31
1377680262, 51.35
1377680267, 51.31
1377680272, 51.31
1377680277, 51.35
1377680282, 51.35
1377680287, 51.31
1377680292, 51.35
1377680297, 51.35
1377680302, 51.35
1377680307, 51.31
1377680312, 51.35
1377680317, 51.31
1377680322, 51.35
1377680327, 51.31
1377680332, 51.35
1377680337, 51.35
1377680342, 51.31
1377680347, 51.35
1377680352, 51.35
1377680357, 51.35
1377680362, 51.31
1377680367, 51.35
1377680372, 51.31
1377680377, 51.35
1377680382, 51.31
1377680387, 51.35
1377680392, 51.35
1377680397, 51.31
1377680402, 51.35
1377680407, 51.35
1377680412, 51.35
1377680417, 51.35
1377680422, 51.35
1377680427, 51.31
1377680432, 51.35
1377680437, 51.31
1377680442, 51.35
1377680447, 51.35
1377680452, 51.35
1377680457, 51.35
1377680462, 51.35
1377680467, 51.35
1377680472, 51.35
1377680477, 51.35
1377680482, 51.35
1377680487, 51.35
1377680492, 51.35
1377680497, 51.35
1377680502, 51.31
1377680507, 51.35
1377680512, 51.35
1377680517, 51.35
1377680522, 51.35
1377680527, 51.35
1377680532, 51.35
1377680537, 51.35
1377680542, 51.35
1377680547, 51.35
1377680552, 51.35
1377680557, 51.35
1377680562, 51.35
1377680567, 51.35
1377680572, 51.35
1377680577, 51.31
1377680582, 51.35
1377680587, 51.35
1377680592, 51.35
1377680597, 51.35
1377680602, 51.35
1377680607, 51.35
1377680612, 51.35
1377680617, 51.31
1377680622, 51.35
1377680627, 51.35
1377680632, 51.35
1377680637, 51.35
1377680642, 51.35
1377680647, 51.31
1377680652, 51.31
1377680657, 51.31
1377680662, 51.35
1377680667, 51.35
1377680672, 51.35
1377680677, 51.35
1377680682, 51.31
1377680687, 51.31
1377680692, 51.35
1377680697, 51.35
1377680702, 51.35
1377680707, 51.35
1377680712, 51.35
1377680717, 51.35
1377680722, 51.35
1377680727, 51.35
1377680732, 51.31
1377680737, 51.35
1377680742, 51.31
1377680747, 51.35
1377680752, 51.35
1377680757, 51.35
1377680762, 51.31
1377680767, 51.35
1377680772, 51.35
1377680777, 51.35
1377680782, 51.35
1377680787, 51.31
1377680792, 51.35
1377680797, 51.35
1377680802, 51.31
1377680807, 51.35
1377680812, 51.35
1377680817, 51.35
1377680822, 51.31
1377680827, 51.31
1377680832, 51.31
1377680837, 51.31
1377680842, 51.31
1377680847, 51.35
1377680852, 51.35
1377680857, 51.35
1377680862, 51.31
1377680867, 51.31
1377680872, 51.31
1377680877, 51.35
1377680882, 51.31
1377680887, 51.31
1377680892, 51.35
1377680897, 51.35
1377680902, 51.31
1377680907, 51.35
1377680912, 51.35
1377680917, 51.35
1377680922, 51.31
1377680927, 51.35
1377680932, 51.31
1377680937, 51.35
1377680942, 51.31
1377680947, 51.31
1377680952, 51.35
1377680957, 51.35
1377680962, 51.31
1377680967, 51.35
1377680972, 51.31
1377680977, 51.31
1377680982, 51.35
1377680987, 51.31
1377680992, 51.35
1377680997, 51.35
1377681002, 51.35
1377681007, 51.35
1377681012, 51.35
1377681017, 51.31
1377681022, 51.35
1377681027, 51.35
1377681032, 51.31
1377681037, 51.31
1377681042, 51.35
1377681047, 51.35
1377681052, 51.35
1377681057, 51.35
1377681062, 51.31
1377681067, 51.31
1377681072, 51.35
1377681077, 51.35
1377681082, 51.35
1377681087, 51.35
1377681092, 51.35
1377681097, 51.35
1377681102, 51.35
1377681107, 51.35
1377681112, 51.35
1377681117, 51.35
1377681122, 51.31
1377681127, 51.35
1377681132, 51.35
1377681137, 51.35
1377681142, 51.35
1377681147, 51.35
1377681152, 51.35
1377681157, 51.35
1377681162, 51.35
1377681167, 51.35
1377681172, 51.31
1377681177, 51.35
1377681182, 51.35
1377681187, 51.35
1377681192, 51.35
1377681197, 51.35
1377681202, 51.35
1377681207, 51.35
1377681212, 51.35
1377681217, 51.35
1377681222, 51.35
1377681227, 51.35
1377681232, 51.35
1377681237, 51.35
1377681242, 51.35
1377681247, 51.35
1377681252, 51.35
1377681257, 51.35
1377681262, 51.35
1377681267, 51.35
1377681272, 51.35
1377681277, 51.35
1377681282, 51.35
1377681287, 51.38
1377681292, 51.35
1377681297, 51.35
1377681302, 51.35
1377681307, 51.35
1377681312, 51.35
1377681317, 51.35
1377681322, 51.38
1377681327, 51.35
1377681332, 51.35
1377681337, 51.35
1377681342, 51.35
1377681347, 51.35
1377681352, 51.35
1377681357, 51.35
1377681362, 51.35
1377681367, 51.38
1377681372, 51.35
1377681377, 51.35
1377681382, 51.35
1377681387, 51.35
1377681392, 51.35
1377681397, 51.35
1377681402, 51.38
1377681407, 51.38
1377681412, 51.35
1377681417, 51.38
1377681422, 51.38
1377681427, 51.35
1377681432, 51.38
1377681437, 51.38
1377681442, 51.35
1377681447, 51.38
1377681452, 51.38
1377681457, 51.35
1377681462, 51.35
1377681467, 51.38
1377681472, 51.38
1377681477, 51.38
1377681482, 51.38
1377681487, 51.38
1377681492, 51.38
1377681497, 51.38
1377681502, 51.38
1377681507, 51.38
1377681512, 51.35
1377681517, 51.38
1377681522, 51.38
1377681527, 51.38
1377681532, 51.38
1377681537, 51.35
1377681542, 51.38
1377681547, 51.38
1377681552, 51.38
1377681557, 51.38
1377681562, 51.35
1377681567, 51.38
1377681572, 51.38
1377681577, 51.35
1377681582, 51.38
1377681587, 51.38
1377681592, 51.35
1377681597, 51.35
1377681602, 51.35
1377681607, 51.38
1377681612, 51.35
1377681617, 51.38
1377681622, 51.38
1377681627, 51.38
1377681632, 51.38
1377681637, 51.38
1377681642, 51.35
1377681647, 51.38
1377681652, 51.35
1377681657, 51.38
1377681662, 51.38
1377681667, 51.38
1377681672, 51.38
1377681677, 51.38
1377681682, 51.38
1377681687, 51.38
1377681692, 51.35
1377681697, 51.38
1377681702, 51.38
1377681707, 51.38
1377681712, 51.38
1377681717, 51.38
1377681722, 51.38
1377681727, 51.38
1377681732, 51.38
1377681737, 51.38
1377681742, 51.35
1377681747, 51.38
1377681752, 51.38
1377681757, 51.38
1377681762, 51.38
1377681767, 51.35
1377681772, 51.38
1377681777, 51.38
1377681782, 51.38
1377681787, 51.38
1377681792, 51.38
1377681797, 51.38
1377681802, 51.38
1377681807, 51.35
1377681812, 51.35
1377681817, 51.38
1377681822, 51.38
1377681827, 51.38
1377681832, 51.38
1377681837, 51.38
1377681842, 51.35
1377681847, 51.38
1377681852, 51.38
1377681857, 51.35
1377681862, 51.38
1377681867, 51.35
1377681872, 51.35
1377681877, 51.38
1377681882, 51.38
1377681887, 51.35
1377681892, 51.38
1377681897, 51.38
1377681902, 51.38
1377681907, 51.35
1377681912, 51.38
1377681917, 51.38
1377681922, 51.38
1377681927, 51.38
1377681932, 51.38
1377681937, 51.35
1377681942, 51.35
1377681947, 51.38
1377681952, 51.35
1377681957, 51.38
1377681962, 51.35
1377681967, 51.35
1377681972, 51.35
1377681977, 51.35
1377681982, 51.35
1377681987, 51.35
1377681992, 51.38
1377681997, 51.35
1377682002, 51.38
1377682007, 51.38
1377682012, 51.35
1377682017, 51.35
1377682022, 51.35
1377682027, 51.35
1377682032, 51.35
1377682037, 51.35
1377682042, 51.35
1377682047, 51.38
1377682052, 51.35
1377682057, 51.38
1377682062, 51.35
1377682067, 51.35
1377682072, 51.35
1377682077, 51.35
1377682082, 51.38
1377682087, 51.35
1377682092, 51.35
1377682097, 51.35
1377682102, 51.35
1377682107, 51.35
1377682112, 51.35
1377682117, 51.35
1377682122, 51.35
1377682127, 51.35
1377682132, 51.35
1377682137, 51.35
1377682142, 51.35
1377682147, 51.35
1377682152, 51.38
1377682157, 51.35
1377682162, 51.35
1377682167, 51.35
1377682172, 51.35
1377682177, 51.35
1377682182, 51.35
1377682187, 51.35
1377682192, 51.35
1377682197, 51.35
1377682202, 51.35
1377682207, 51.35
1377682212, 51.35
1377682217, 51.35
1377682222, 51.35
1377682227, 51.35
1377682232, 51.35
1377682237, 51.35
1377682242, 51.35
1377682247, 51.35
1377682252, 51.35
1377682257, 51.35
1377682262, 51.35
1377682267, 51.35
1377682272, 51.35
1377682277, 51.35
1377682282, 51.35
1377682287, 51.35
1377682292, 51.35
1377682297, 51.35
1377682302, 51.35
1377682307, 51.35
1377682312, 51.35
1377682317, 51.35
1377682322, 51.35
1377682327, 51.35
1377682332, 51.35
1377682337, 51.35
1377682342, 51.35
1377682347, 51.35
1377682352, 51.35
1377682357, 51.35
1377682362, 51.35
1377682367, 51.35
1377682372, 51.35
1377682377, 51.35
1377682382, 51.35
1377682387, 51.35
1377682392, 51.35
1377682397, 51.35
1377682402, 51.35
1377682407, 51.35
1377682412, 51.35
1377682417, 51.35
1377682422, 51.35
1377682427, 51.35
1377682432, 51.35
1377682437, 51.35
1377682442, 51.35
1377682447, 51.35
1377682452, 51.35
1377682457, 51.35
1377682462, 51.35
1377682467, 51.35
1377682472, 51.35
1377682477, 51.35
1377682482, 51.35
1377682487, 51.35
1377682492, 51.35
1377682497, 51.35
1377682502, 51.35
1377682507, 51.35
1377682512, 51.35
1377682517, 51.35
1377682522, 51.35
1377682527, 51.35
1377682532, 51.35
1377682537, 51.35
1377682542, 51.35
1377682547, 51.35
1377682552, 51.35
1377682557, 51.35
1377682562, 51.35
1377682567, 51.35
1377682572, 51.35
1377682577, 51.35
1377682582, 51.35
1377682587, 51.35
1377682592, 51.35
1377682597, 51.35
1377682602, 51.35
1377682607, 51.35
1377682612, 51.38
1377682617, 51.35
1377682622, 51.35
1377682627, 51.35
1377682632, 51.35
1377682637, 51.35
1377682642, 51.35
1377682647, 51.35
1377682652, 51.35
1377682657, 51.35
1377682662, 51.35
1377682667, 51.35
1377682672, 51.35
1377682677, 51.35
1377682682, 51.35
1377682687, 51.35
1377682692, 51.35
1377682697, 51.35
1377682702, 51.35
1377682707, 51.35
1377682712, 51.35
1377682717, 51.35
1377682722, 51.35
1377682727, 51.35
1377682732, 51.35
1377682737, 51.35
1377682742, 51.35
1377682747, 51.35
1377682752, 51.35
1377682757, 51.35
1377682762, 51.35
1377682767, 51.35
1377682772, 51.35
1377682777, 51.35
1377682782, 51.35
1377682787, 51.35
1377682792, 51.35
1377682797, 51.35
1377682802, 51.35
1377682807, 51.35
1377682812, 51.35
1377682817, 51.35
1377682822, 51.35
1377682827, 51.35
1377682832, 51.35
1377682837, 51.35
1377682842, 51.35
1377682847, 51.35
1377682852, 51.35
1377682857, 51.35
1377682862, 51.35
1377682867, 51.35
1377682872, 51.35
1377682877, 51.35
1377682882, 51.35
1377682887, 51.35
1377682892, 51.35
1377682897, 51.35
1377682902, 51.35
1377682907, 51.35
1377682912, 51.35
1377682917, 51.35
1377682922, 51.35
1377682927, 51.31
1377682932, 51.35
1377682937, 51.35
1377682942, 51.35
1377682947, 51.35
1377682952, 51.35
1377682957, 51.35
1377682962, 51.35
1377682967, 51.35
1377682972, 51.31
1377682977, 51.35
1377682982, 51.35
1377682987, 51.35
1377682992, 51.35
1377682997, 51.35
1377683002, 51.35
1377683007, 51.35
1377683012, 51.35
1377683017, 51.35
1377683022, 51.35
1377683027, 51.31
1377683032, 51.35
1377683037, 51.35
1377683042, 51.35
1377683047, 51.35
1377683052, 51.35
1377683057, 51.35
1377683062, 51.35
1377683067, 51.35
1377683072, 51.35
1377683077, 51.35
1377683082, 51.35
1377683087, 51.31
1377683092, 51.35
1377683097, 51.35
1377683102, 51.35
1377683107, 51.35
1377683112, 51.35
1377683117, 51.35
1377683122, 51.35
1377683127, 51.35
1377683132, 51.35
1377683137, 51.35
1377683142, 51.35
1377683147, 51.35
1377683152, 51.35
1377683157, 51.35
1377683162, 51.35
1377683167, 51.35
1377683172, 51.35
1377683177, 51.35
1377683182, 51.35
1377683187, 51.35
1377683192, 51.35
1377683197, 51.35
1377683202, 51.35
1377683207, 51.35
1377683212, 51.35
1377683217, 51.35
1377683222, 51.31
1377683227, 51.35
1377683232, 51.35
1377683237, 51.35
1377683242, 51.35
1377683247, 51.35
1377683252, 51.35
1377683257, 51.35
1377683262, 51.35
1377683267, 51.35
1377683272, 51.31
1377683277, 51.35
1377683282, 51.35
1377683287, 51.35
1377683292, 51.35
1377683297, 51.35
1377683302, 51.31
1377683307, 51.35
1377683312, 51.35
1377683317, 51.35
1377683322, 51.35
1377683327, 51.35
1377683332, 51.35
1377683337, 51.35
1377683342, 51.35
1377683347, 51.35
1377683352, 51.35
1377683357, 51.35
1377683362, 51.35
1377683367, 51.31
1377683372, 51.35
1377683377, 51.35
1377683382, 51.35
1377683387, 51.35
1377683392, 51.35
1377683397, 51.35
1377683402, 51.35
1377683407, 51.35
1377683412, 51.35
1377683417, 51.35
1377683422, 51.35
1377683427, 51.31
1377683432, 51.35
1377683437, 51.35
1377683442, 51.35
1377683447, 51.35
1377683452, 51.35
1377683457, 51.35
1377683462, 51.35
1377683467, 51.35
1377683472, 51.35
1377683477, 51.35
1377683482, 51.35
1377683487, 51.35
1377683492, 51.35
1377683497, 51.35
1377683502, 51.35
1377683507, 51.35
1377683512, 51.35
1377683517, 51.35
1377683522, 51.35
1377683527, 51.35
1377683532, 51.35
1377683537, 51.35
1377683542, 51.35
1377683547, 51.35
1377683552, 51.35
1377683557, 51.35
1377683562, 51.35
1377683567, 51.35
1377683572, 51.35
1377683577, 51.35
1377683582, 51.35
1377683587, 51.35
1377683592, 51.35
1377683597, 51.35
1377683602, 51.35
1377683607, 51.35
1377683612, 51.35
1377683617, 51.31
1377683622, 51.35
1377683627, 51.35
1377683632, 51.35
1377683637, 51.35
1377683642, 51.35
1377683647, 51.35
1377683652, 51.35
1377683657, 51.35
1377683662, 51.31
1377683667, 51.35
1377683672, 51.35
1377683677, 51.35
1377683682, 51.35
1377683687, 51.35
1377683692, 51.35
1377683697, 51.35
1377683702, 51.35
1377683707, 51.35
1377683712, 51.31
1377683717, 51.35
1377683722, 51.35
1377683727, 51.35
1377683732, 51.35
1377683737, 51.35
1377683742, 51.35
1377683747, 51.35
1377683752, 51.35
1377683757, 51.35
1377683762, 51.35
1377683767, 51.31
1377683772, 51.31
1377683777, 51.35
1377683782, 51.31
1377683787, 51.35
1377683792, 51.31
1377683797, 51.35
1377683802, 51.35
1377683807, 51.35
1377683812, 51.35
1377683817, 51.35
1377683822, 51.35
1377683827, 51.35
1377683832, 51.35
1377683837, 51.35
1377683842, 51.35
1377683847, 51.35
1377683852, 51.31
1377683857, 51.35
1377683862, 51.35
1377683867, 51.35
1377683872, 51.35
1377683877, 51.35
1377683882, 51.35
1377683887, 51.35
1377683892, 51.35
1377683897, 51.35
1377683902, 51.35
1377683907, 51.35
1377683912, 51.35
1377683917, 51.31
1377683922, 51.35
1377683927, 51.35
1377683932, 51.35
1377683937, 51.31
1377683942, 51.31
1377683947, 51.35
1377683952, 51.35
1377683957, 51.31
1377683962, 51.35
1377683967, 51.31
1377683972, 51.35
1377683977, 51.31
1377683982, 51.35
1377683987, 51.35
1377683992, 51.31
1377683997, 51.31
1377684002, 51.31
1377684007, 51.31
1377684012, 51.31
1377684017, 51.31
1377684022, 51.31
1377684027, 51.31
1377684032, 51.31
1377684037, 51.35
1377684042, 51.35
1377684047, 51.35
1377684052, 51.35
1377684057, 51.35
1377684062, 51.31
1377684067, 51.35
1377684072, 51.31
1377684077, 51.31
1377684082, 51.35
1377684087, 51.31
1377684092, 51.35
1377684097, 51.31
1377684102, 51.31
1377684107, 51.31
1377684112, 51.28
1377684117, 51.31
1377684122, 51.31
1377684127, 51.35
1377684132, 51.31
1377684137, 51.31
1377684142, 51.31
1377684147, 51.31
1377684152, 51.31
1377684157, 51.28
1377684162, 51.31
1377684167, 51.31
1377684172, 51.31
1377684177, 51.31
1377684182, 51.31
1377684187, 51.31
1377684192, 51.31
1377684197, 51.28
1377684202, 51.31
1377684207, 51.31
1377684212, 51.31
1377684217, 51.28
1377684222, 51.28
1377684227, 51.28
1377684232, 51.28
1377684237, 51.28
1377684242, 51.31
1377684247, 51.31
1377684252, 51.28
1377684257, 51.28
1377684262, 51.28
1377684267, 51.28
1377684272, 51.28
1377684277, 51.28
1377684282, 51.28
1377684287, 51.28
1377684292, 51.28
1377684297, 51.31
1377684302, 51.28
1377684307, 51.28
1377684312, 51.31
1377684317, 51.28
1377684322, 51.28
1377684327, 51.28
1377684332, 51.28
1377684337, 51.31
1377684342, 51.28
1377684347, 51.28
1377684352, 51.28
1377684357, 51.28
1377684362, 51.28
1377684367, 51.28
1377684372, 51.28
1377684377, 51.28
1377684382, 51.28
1377684387, 51.28
1377684392, 51.28
1377684397, 51.28
1377684402, 51.28
1377684407, 51.28
1377684412, 51.28
1377684417, 51.28
1377684422, 51.28
1377684427, 51.28
1377684432, 51.28
1377684437, 51.28
1377684442, 51.28
1377684447, 51.31
1377684452, 51.28
1377684457, 51.28
1377684462, 51.28
1377684467, 51.28
1377684472, 51.28
1377684477, 51.28
1377684482, 51.28
1377684487, 51.28
1377684492, 51.28
1377684497, 51.28
1377684502, 51.28
1377684507, 51.28
1377684512, 51.28
1377684517, 51.31
1377684522, 51.28
1377684527, 51.28
1377684532, 51.28
1377684537, 51.28
1377684542, 51.28
1377684547, 51.28
1377684552, 51.28
1377684557, 51.31
1377684562, 51.28
1377684567, 51.28
1377684572, 51.28
1377684577, 51.28
1377684582, 51.28
1377684587, 51.28
1377684592, 51.28
1377684597, 51.28
1377684602, 51.28
1377684607, 51.28
1377684612, 51.28
1377684617, 51.28
1377684622, 51.28
1377684627, 51.31
1377684632, 51.28
1377684637, 51.28
1377684642, 51.31
1377684647, 51.28
1377684652, 51.28
1377684657, 51.31
1377684662, 51.28
1377684667, 51.31
1377684672, 51.28
1377684677, 51.28
1377684682, 51.31
1377684687, 51.28
1377684692, 51.28
1377684697, 51.31
1377684702, 51.31
1377684707, 51.31
1377684712, 51.28
1377684717, 51.31
1377684722, 51.31
1377684727, 51.28
1377684732, 51.31
1377684737, 51.31
1377684742, 51.31
1377684747, 51.28
1377684752, 51.31
1377684757, 51.31
1377684762, 51.28
1377684767, 51.31
1377684772, 51.31
1377684777, 51.31
1377684782, 51.28
1377684787, 51.31
1377684792, 51.31
1377684797, 51.31
1377684802, 51.31
1377684807, 51.35
1377684812, 51.31
1377684817, 51.31
1377684822, 51.28
1377684827, 51.31
1377684832, 51.31
1377684837, 51.28
1377684842, 51.31
1377684847, 51.31
1377684852, 51.31
1377684857, 51.31
1377684862, 51.31
1377684867, 51.31
1377684872, 51.31
1377684877, 51.35
1377684882, 51.31
1377684887, 51.31
1377684892, 51.31
1377684897, 51.31
1377684902, 51.35
1377684907, 51.35
1377684912, 51.31
1377684917, 51.31
1377684922, 51.35
1377684927, 51.31
1377684932, 51.31
1377684937, 51.31
1377684942, 51.31
1377684947, 51.31
1377684952, 51.31
1377684957, 51.31
1377684962, 51.31
1377684967, 51.31
1377684972, 51.31
1377684977, 51.31
1377684982, 51.31
1377684987, 51.35
1377684992, 51.31
1377684997, 51.31
1377685002, 51.31
1377685007, 51.31
1377685012, 51.31
1377685017, 51.31
1377685022, 51.31
1377685027, 51.31
1377685032, 51.31
1377685037, 51.31
1377685042, 51.35
1377685047, 51.31
1377685052, 51.31
1377685057, 51.35
1377685062, 51.31
1377685067, 51.35
1377685072, 51.35
1377685077, 51.35
1377685082, 51.31
1377685087, 51.31
1377685092, 51.31
1377685097, 51.31
1377685102, 51.31
1377685107, 51.35
1377685112, 51.31
1377685117, 51.35
1377685122, 51.35
1377685127, 51.35
1377685132, 51.31
1377685137, 51.35
1377685142, 51.35
1377685147, 51.31
1377685152, 51.31
1377685157, 51.31
1377685162, 51.31
1377685167, 51.35
1377685172, 51.31
1377685177, 51.35
1377685182, 51.35
1377685187, 51.35
1377685192, 51.35
1377685197, 51.31
1377685202, 51.35
1377685207, 51.35
1377685212, 51.31
1377685217, 51.31
1377685222, 51.35
1377685227, 51.35
1377685232, 51.31
1377685237, 51.35
1377685242, 51.35
1377685247, 51.35
1377685252, 51.31
1377685257, 51.35
1377685262, 51.35
1377685267, 51.31
1377685272, 51.35
1377685277, 51.35
1377685282, 51.35
1377685287, 51.35
1377685292, 51.35
1377685297, 51.35
1377685302, 51.35
1377685307, 51.35
1377685312, 51.35
1377685317, 51.35
1377685322, 51.35
1377685327, 51.35
1377685332, 51.35
1377685337, 51.35
1377685342, 51.35
1377685347, 51.35
1377685352, 51.35
1377685357, 51.35
1377685362, 51.35
1377685367, 51.31
1377685372, 51.35
1377685377, 51.35
1377685382, 51.35
1377685387, 51.31
1377685392, 51.35
1377685397, 51.35
1377685402, 51.35
1377685407, 51.35
1377685412, 51.35
1377685417, 51.35
1377685422, 51.35
1377685427, 51.35
1377685432, 51.35
1377685437, 51.35
1377685442, 51.35
1377685447, 51.35
1377685452, 51.35
1377685457, 51.35
1377685462, 51.35
1377685467, 51.35
1377685472, 51.35
1377685477, 51.35
1377685482, 51.35
1377685487, 51.35
1377685492, 51.35
1377685497, 51.35
1377685502, 51.35
1377685507, 51.35
1377685512, 51.35
1377685517, 51.35
1377685522, 51.35
1377685527, 51.35
1377685532, 51.35
1377685537, 51.35
1377685542, 51.35
1377685547, 51.35
1377685552, 51.35
1377685557, 51.35
1377685562, 51.35
1377685567, 51.35
1377685572, 51.35
1377685577, 51.35
1377685582, 51.35
1377685587, 51.35
1377685592, 51.35
1377685597, 51.35
1377685602, 51.35
1377685607, 51.35
1377685612, 51.35
1377685617, 51.35
1377685622, 51.35
1377685627, 51.35
1377685632, 51.35
1377685637, 51.35
1377685642, 51.35
1377685647, 51.35
1377685652, 51.35
1377685657, 51.35
1377685662, 51.38
1377685667, 51.38
1377685672, 51.35
1377685677, 51.35
1377685682, 51.35
1377685687, 51.35
1377685692, 51.35
1377685697, 51.35
1377685702, 51.38
1377685707, 51.35
1377685712, 51.38
1377685717, 51.38
1377685722, 51.38
1377685727, 51.38
1377685732, 51.35
1377685737, 51.38
1377685742, 51.38
1377685747, 51.38
1377685752, 51.38
1377685757, 51.38
1377685762, 51.38
1377685767, 51.38
1377685772, 51.38
1377685777, 51.35
1377685782, 51.35
1377685787, 51.38
1377685792, 51.38
1377685797, 51.35
1377685802, 51.38
1377685807, 51.38
1377685812, 51.41
1377685817, 51.38
1377685822, 51.38
1377685827, 51.38
1377685832, 51.38
1377685837, 51.38
1377685842, 51.38
1377685847, 51.38
1377685852, 51.38
1377685857, 51.38
1377685862, 51.41
1377685867, 51.41
1377685872, 51.41
1377685877, 51.38
1377685882, 51.38
1377685887, 51.41
1377685892, 51.41
1377685897, 51.41
1377685902, 51.38
1377685907, 51.41
1377685912, 51.41
1377685917, 51.38
1377685922, 51.38
1377685927, 51.41
1377685932, 51.41
1377685937, 51.41
1377685942, 51.38
1377685947, 51.38
1377685952, 51.41
1377685957, 51.41
1377685962, 51.41
1377685967, 51.41
1377685972, 51.41
1377685977, 51.41
1377685982, 51.41
1377685987, 51.41
1377685992, 51.41
1377685997, 51.41
1377686002, 51.41
1377686007, 51.41
1377686012, 51.41
1377686017, 51.41
1377686022, 51.41
1377686027, 51.41
1377686032, 51.41
1377686037, 51.41
1377686042, 51.41
1377686047, 51.41
1377686052, 51.41
1377686057, 51.41
1377686062, 51.41
1377686067, 51.38
1377686072, 51.41
1377686077, 51.41
1377686082, 51.41
1377686087, 51.41
1377686092, 51.41
1377686097, 51.41
1377686102, 51.41
1377686107, 51.41
1377686112, 51.41
1377686117, 51.41
1377686122, 51.41
1377686127, 51.41
1377686132, 51.41
1377686137, 51.41
1377686142, 51.41
1377686147, 51.41
1377686152, 51.41
1377686157, 51.41
1377686162, 51.44
1377686167, 51.41
1377686172, 51.41
1377686177, 51.41
1377686182, 51.41
1377686187, 51.41
1377686192, 51.41
1377686197, 51.41
1377686202, 51.41
1377686207, 51.41
1377686212, 51.41
1377686217, 51.41
1377686222, 51.41
1377686227, 51.41
1377686232, 51.44
1377686237, 51.41
1377686242, 51.41
1377686247, 51.41
1377686252, 51.41
1377686257, 51.41
1377686262, 51.41
1377686267, 51.41
1377686272, 51.41
1377686277, 51.41
1377686282, 51.41
1377686287, 51.41
1377686292, 51.41
1377686297, 51.41
1377686302, 51.41
1377686307, 51.41
1377686312, 51.41
1377686317, 51.41
1377686322, 51.41
1377686327, 51.41
1377686332, 51.41
1377686337, 51.41
1377686342, 51.41
1377686347, 51.41
1377686352, 51.41
1377686357, 51.41
1377686362, 51.41
1377686367, 51.41
1377686372, 51.41
1377686377, 51.41
1377686382, 51.41
1377686387, 51.41
1377686392, 51.41
1377686397, 51.41
1377686402, 51.41
1377686407, 51.41
1377686412, 51.41
1377686417, 51.41
1377686422, 51.41
1377686427, 51.41
1377686432, 51.41
1377686437, 51.41
1377686442, 51.41
1377686447, 51.41
1377686452, 51.41
1377686457, 51.41
1377686462, 51.41
1377686467, 51.41
1377686472, 51.41
1377686477, 51.41
1377686482, 51.41
1377686487, 51.41
1377686492, 51.41
1377686497, 51.41
1377686502, 51.41
1377686507, 51.41
1377686512, 51.41
1377686517, 51.41
1377686522, 51.41
1377686527, 51.41
1377686532, 51.41
1377686537, 51.41
1377686542, 51.41
1377686547, 51.41
1377686552, 51.41
1377686557, 51.44
1377686562, 51.41
1377686567, 51.41
1377686572, 51.41
1377686577, 51.41
1377686582, 51.41
1377686587, 51.41
1377686592, 51.41
1377686597, 51.41
1377686602, 51.41
1377686607, 51.41
1377686612, 51.41
1377686617, 51.41
1377686622, 51.41
1377686627, 51.41
1377686632, 51.41
1377686637, 51.44
1377686642, 51.41
1377686647, 51.41
1377686652, 51.41
1377686657, 51.44
1377686662, 51.44
1377686667, 51.41
1377686672, 51.44
1377686677, 51.44
1377686682, 51.41
1377686686, 51.41
1377686692, 51.44
1377686697, 51.41
1377686702, 51.41
1377686706, 51.44
1377686711, 51.41
1377686717, 51.44
1377686722, 51.44
1377686727, 51.44
1377686732, 51.44
1377686736, 51.44
1377686742, 51.44
1377686747, 51.44
1377686752, 51.44
1377686756, 51.41
1377686761, 51.44
1377686767, 51.44
1377686772, 51.44
1377686776, 51.41
1377686782, 51.44
1377686786, 51.41
1377686792, 51.41
1377686797, 51.41
1377686801, 51.44
1377686806, 51.44
1377686812, 51.41
1377686817, 51.44
1377686822, 51.44
1377686826, 51.44
1377686831, 51.44
1377686837, 51.47
1377686842, 51.41
1377686847, 51.44
1377686851, 51.44
1377686857, 51.44
1377686862, 51.44
1377686867, 51.44
1377686872, 51.44
1377686877, 51.44
1377686882, 51.41
1377686887, 51.44
1377686892, 51.41
1377686896, 51.44
1377686901, 51.41
1377686907, 51.41
1377686912, 51.41
1377686916, 51.44
1377686921, 51.44
1377686926, 51.44
1377686932, 51.41
1377686936, 51.41
1377686942, 51.44
1377686947, 51.44
1377686951, 51.41
1377686956, 51.41
1377686962, 51.44
1377686967, 51.44
1377686971, 51.44
1377686976, 51.41
1377686981, 51.41
1377686986, 51.44
1377686992, 51.41
1377686996, 51.44
1377687002, 51.44
1377687006, 51.44
1377687011, 51.41
1377687016, 51.41
1377687022, 51.44
1377687026, 51.44
1377687031, 51.41
1377687037, 51.41
1377687041, 51.44
1377687046, 51.41
1377687051, 51.41
1377687056, 51.44
1377687061, 51.44
1377687066, 51.44
1377687071, 51.44
1377687077, 51.41
1377687082, 51.44
1377687086, 51.41
1377687091, 51.44
1377687096, 51.41
1377687102, 51.44
1377687107, 51.44
1377687111, 51.44
1377687116, 51.41
1377687122, 51.44
1377687126, 51.44
1377687132, 51.44
1377687136, 51.41
1377687141, 51.44
1377687146, 51.44
1377687152, 51.41
1377687157, 51.44
1377687161, 51.41
1377687166, 51.41
1377687171, 51.41
1377687177, 51.44
1377687181, 51.44
1377687186, 51.41
1377687191, 51.44
1377687196, 51.41
1377687201, 51.44
1377687206, 51.44
1377687211, 51.41
1377687216, 51.41
1377687221, 51.44
1377687226, 51.41
1377687231, 51.41
1377687236, 51.41
1377687242, 51.44
1377687246, 51.41
1377687251, 51.41
1377687256, 51.44
1377687262, 51.44
1377687266, 51.41
1377687271, 51.41
1377687276, 51.41
1377687281, 51.41
1377687286, 51.41
1377687291, 51.41
1377687297, 51.41
1377687301, 51.41
1377687306, 51.41
1377687312, 51.41
1377687316, 51.41
1377687321, 51.41
1377687326, 51.41
1377687331, 51.44
1377687336, 51.41
1377687342, 51.41
1377687346, 51.41
1377687351, 51.41
1377687356, 51.41
1377687362, 51.44
1377687366, 51.44
1377687371, 51.41
1377687376, 51.41
1377687381, 51.44
1377687386, 51.44
1377687392, 51.41
1377687396, 51.41
1377687402, 51.44
1377687406, 51.44
1377687411, 51.44
1377687416, 51.44
1377687421, 51.44
1377687426, 51.44
1377687431, 51.41
1377687436, 51.41
1377687441, 51.44
1377687446, 51.41
1377687452, 51.41
1377687456, 51.41
1377687461, 51.41
1377687466, 51.44
1377687471, 51.41
1377687476, 51.44
1377687481, 51.44
1377687486, 51.41
1377687491, 51.44
1377687496, 51.44
1377687501, 51.41
1377687506, 51.44
1377687511, 51.44
1377687516, 51.41
1377687521, 51.41
1377687527, 51.44
1377687531, 51.44
1377687536, 51.44
1377687541, 51.44
1377687546, 51.41
1377687551, 51.44
1377687556, 51.44
1377687561, 51.44
1377687566, 51.41
1377687572, 51.44
1377687576, 51.44
1377687582, 51.44
1377687586, 51.44
1377687591, 51.44
1377687596, 51.41
1377687601, 51.44
1377687606, 51.44
1377687611, 51.44
1377687616, 51.41
1377687621, 51.44
1377687626, 51.41
1377687631, 51.44
1377687636, 51.44
1377687641, 51.44
1377687646, 51.44
1377687652, 51.44
1377687657, 51.44
1377687661, 51.44
1377687667, 51.44
1377687671, 51.44
1377687676, 51.44
1377687681, 51.44
1377687686, 51.41
1377687691, 51.44
1377687696, 51.44
1377687701, 51.47
1377687706, 51.44
1377687711, 51.41
1377687717, 51.44
1377687721, 51.44
1377687726, 51.44
1377687731, 51.44
1377687736, 51.44
1377687742, 51.44
1377687746, 51.44
1377687752, 51.44
1377687756, 51.44
1377687761, 51.44
1377687766, 51.44
1377687771, 51.41
1377687776, 51.44
1377687781, 51.44
1377687786, 51.44
1377687791, 51.44
1377687796, 51.44
1377687801, 51.44
1377687806, 51.44
1377687811, 51.44
1377687816, 51.44
1377687821, 51.47
1377687826, 51.44
1377687831, 51.44
1377687836, 51.44
1377687841, 51.44
1377687846, 51.44
1377687851, 51.44
1377687856, 51.44
1377687861, 51.44
1377687866, 51.44
1377687871, 51.44
1377687876, 51.44
1377687881, 51.47
1377687886, 51.44
1377687891, 51.47
1377687896, 51.44
1377687901, 51.47
1377687906, 51.44
1377687911, 51.44
1377687916, 51.47
1377687921, 51.47
1377687926, 51.44
1377687931, 51.47
1377687936, 51.47
1377687941, 51.47
1377687946, 51.47
1377687951, 51.47
1377687956, 51.44
1377687961, 51.44
1377687966, 51.47
1377687971, 51.47
1377687976, 51.47
1377687981, 51.47
1377687986, 51.47
1377687991, 51.47
1377687996, 51.44
1377688001, 51.44
1377688006, 51.47
1377688011, 51.44
1377688016, 51.44
1377688021, 51.44
1377688026, 51.47
1377688031, 51.47
1377688036, 51.47
1377688041, 51.47
1377688046, 51.47
1377688051, 51.47
1377688056, 51.47
1377688061, 51.44
1377688066, 51.47
1377688071, 51.47
1377688076, 51.44
1377688081, 51.47
1377688086, 51.47
1377688091, 51.47
1377688096, 51.47
1377688101, 51.47
1377688106, 51.44
1377688111, 51.47
1377688116, 51.47
1377688121, 51.47
1377688126, 51.47
1377688131, 51.47
1377688136, 51.47
1377688141, 51.47
1377688146, 51.47
1377688151, 51.47
1377688156, 51.44
1377688161, 51.47
1377688166, 51.47
1377688171, 51.47
1377688176, 51.47
1377688181, 51.47
1377688186, 51.47
1377688191, 51.47
1377688196, 51.47
1377688201, 51.47
1377688206, 51.47
1377688211, 51.47
1377688216, 51.47
1377688221, 51.47
1377688226, 51.47
1377688231, 51.47
1377688236, 51.47
1377688241, 51.47
1377688246, 51.47
1377688251, 51.47
1377688256, 51.47
1377688261, 51.47
1377688266, 51.47
1377688271, 51.47
1377688276, 51.47
1377688281, 51.47
1377688286, 51.47
1377688291, 51.47
1377688296, 51.47
1377688301, 51.47
1377688306, 51.47
1377688311, 51.47
1377688316, 51.47
1377688321, 51.47
1377688326, 51.47
1377688331, 51.47
1377688336, 51.47
1377688341, 51.47
1377688346, 51.47
1377688351, 51.47
1377688356, 51.47
1377688361, 51.47
1377688366, 51.47
1377688371, 51.47
1377688376, 51.47
1377688381, 51.47
1377688386, 51.47
1377688391, 51.47
1377688396, 51.47
1377688401, 51.47
1377688406, 51.47
1377688411, 51.47
1377688416, 51.47
1377688421, 51.47
1377688426, 51.47
1377688431, 51.47
1377688436, 51.47
1377688441, 51.47
1377688446, 51.47
1377688451, 51.47
1377688456, 51.47
1377688461, 51.47
1377688466, 51.51
1377688471, 51.47
1377688476, 51.47
1377688481, 51.47
1377688486, 51.51
1377688491, 51.47
1377688496, 51.47
1377688501, 51.47
1377688506, 51.47
1377688511, 51.47
1377688516, 51.47
1377688521, 51.47
1377688526, 51.47
1377688531, 51.47
1377688536, 51.47
1377688541, 51.47
1377688546, 51.47
1377688551, 51.47
1377688556, 51.47
1377688561, 51.51
1377688566, 51.47
1377688571, 51.47
1377688576, 51.47
1377688581, 51.47
1377688586, 51.47
1377688591, 51.47
1377688596, 51.47
1377688601, 51.47
1377688606, 51.47
1377688611, 51.47
1377688616, 51.47
1377688621, 51.47
1377688626, 51.47
1377688631, 51.47
1377688636, 51.47
1377688641, 51.47
1377688646, 51.47
1377688651, 51.47
1377688656, 51.47
1377688661, 51.47
1377688666, 51.47
1377688671, 51.47
1377688676, 51.47
1377688681, 51.47
1377688686, 51.47
1377688691, 51.47
1377688696, 51.47
1377688701, 51.47
1377688706, 51.47
1377688711, 51.47
1377688716, 51.47
1377688721, 51.47
1377688726, 51.47
1377688731, 51.47
1377688736, 51.47
1377688741, 51.47
1377688747, 51.47
1377688751, 51.47
1377688756, 51.47
1377688761, 51.44
1377688766, 51.47
1377688771, 51.47
1377688776, 51.47
1377688781, 51.47
1377688786, 51.47
1377688791, 51.47
1377688796, 51.47
1377688801, 51.47
1377688806, 51.47
1377688811, 51.47
1377688816, 51.47
1377688821, 51.47
1377688826, 51.47
1377688831, 51.47
1377688836, 51.47
1377688841, 51.47
1377688846, 51.47
1377688851, 51.47
1377688856, 51.47
1377688861, 51.47
1377688866, 51.47
1377688871, 51.47
1377688876, 51.47
1377688881, 51.47
1377688886, 51.47
1377688891, 51.47
1377688896, 51.47
1377688901, 51.47
1377688906, 51.47
1377688911, 51.47
1377688916, 51.47
1377688921, 51.47
1377688926, 51.47
1377688931, 51.47
1377688936, 51.47
1377688941, 51.47
1377688946, 51.47
1377688951, 51.47
1377688956, 51.47
1377688961, 51.47
1377688966, 51.47
1377688971, 51.47
1377688976, 51.47
1377688981, 51.47
1377688986, 51.47
1377688991, 51.47
1377688996, 51.47
1377689001, 51.47
1377689006, 51.47
1377689011, 51.47
1377689016, 51.47
1377689021, 51.47
1377689026, 51.47
1377689031, 51.47
1377689036, 51.47
1377689041, 51.47
1377689046, 51.47
1377689051, 51.47
1377689056, 51.47
1377689061, 51.47
1377689066, 51.47
1377689071, 51.47
1377689076, 51.47
1377689081, 51.47
1377689086, 51.47
1377689091, 51.47
1377689096, 51.44
1377689101, 51.47
1377689106, 51.47
1377689111, 51.47
1377689116, 51.47
1377689121, 51.47
1377689126, 51.47
1377689131, 51.47
1377689136, 51.47
1377689141, 51.47
1377689146, 51.47
1377689151, 51.47
1377689156, 51.47
1377689161, 51.47
1377689166, 51.47
1377689171, 51.47
1377689176, 51.44
1377689181, 51.47
1377689186, 51.44
1377689191, 51.47
1377689196, 51.47
1377689201, 51.47
1377689206, 51.44
1377689211, 51.47
1377689216, 51.47
1377689221, 51.44
1377689226, 51.47
1377689231, 51.47
1377689236, 51.47
1377689241, 51.44
1377689246, 51.47
1377689251, 51.47
1377689256, 51.47
1377689261, 51.44
1377689266, 51.44
1377689271, 51.47
1377689276, 51.47
1377689281, 51.44
1377689286, 51.47
1377689291, 51.47
1377689296, 51.44
1377689301, 51.47
1377689306, 51.44
1377689311, 51.47
1377689316, 51.44
1377689321, 51.47
1377689326, 51.44
1377689331, 51.47
1377689336, 51.44
1377689341, 51.44
1377689346, 51.44
1377689351, 51.44
1377689356, 51.47
1377689361, 51.44
1377689366, 51.44
1377689371, 51.44
1377689376, 51.44
1377689381, 51.44
1377689386, 51.47
1377689391, 51.44
1377689396, 51.44
1377689401, 51.41
1377689406, 51.44
1377689411, 51.44
1377689416, 51.44
1377689421, 51.44
1377689426, 51.44
1377689431, 51.44
1377689436, 51.44
1377689441, 51.44
1377689446, 51.41
1377689451, 51.44
1377689456, 51.44
1377689461, 51.44
1377689466, 51.44
1377689471, 51.44
1377689476, 51.41
1377689481, 51.44
1377689486, 51.44
1377689491, 51.44
1377689496, 51.44
1377689501, 51.41
1377689506, 51.41
1377689511, 51.41
1377689516, 51.44
1377689521, 51.41
1377689526, 51.44
1377689531, 51.44
1377689536, 51.41
1377689541, 51.41
1377689546, 51.44
1377689551, 51.41
1377689556, 51.41
1377689561, 51.41
1377689566, 51.41
1377689571, 51.41
1377689576, 51.41
1377689581, 51.41
1377689586, 51.41
1377689591, 51.41
1377689596, 51.41
1377689602, 51.41
1377689606, 51.41
1377689611, 51.41
1377689616, 51.41
1377689621, 51.41
1377689626, 51.41
1377689631, 51.41
1377689636, 51.41
1377689641, 51.41
1377689646, 51.41
1377689651, 51.44
1377689656, 51.41
1377689661, 51.41
1377689666, 51.41
1377689671, 51.41
1377689676, 51.41
1377689681, 51.41
1377689686, 51.41
1377689691, 51.41
1377689696, 51.41
1377689701, 51.41
1377689706, 51.41
1377689711, 51.41
1377689716, 51.41
1377689721, 51.41
1377689726, 51.41
1377689731, 51.41
1377689736, 51.41
1377689741, 51.41
1377689746, 51.41
1377689751, 51.41
1377689756, 51.41
1377689761, 51.41
1377689766, 51.41
1377689771, 51.41
1377689776, 51.41
1377689781, 51.41
1377689786, 51.38
1377689791, 51.41
1377689796, 51.41
1377689801, 51.41
1377689806, 51.41
1377689811, 51.41
1377689816, 51.38
1377689821, 51.41
1377689826, 51.41
1377689831, 51.41
1377689836, 51.41
1377689841, 51.41
1377689846, 51.41
1377689851, 51.38
1377689856, 51.41
1377689861, 51.41
1377689866, 51.41
1377689871, 51.38
1377689876, 51.41
1377689881, 51.41
1377689886, 51.38
1377689891, 51.41
1377689896, 51.38
1377689901, 51.38
1377689906, 51.41
1377689911, 51.41
1377689916, 51.41
1377689921, 51.41
1377689926, 51.41
1377689931, 51.38
1377689936, 51.38
1377689941, 51.38
1377689946, 51.38
1377689951, 51.38
1377689956, 51.38
1377689961, 51.41
1377689966, 51.41
1377689971, 51.38
1377689976, 51.38
1377689981, 51.41
1377689986, 51.41
1377689991, 51.41
1377689996, 51.41
1377690001, 51.41
1377690006, 51.38
1377690011, 51.41
1377690016, 51.41
1377690021, 51.41
1377690026, 51.38
1377690031, 51.41
1377690036, 51.41
1377690041, 51.41
1377690046, 51.41
1377690051, 51.41
1377690056, 51.38
1377690061, 51.41
1377690066, 51.41
1377690071, 51.41
1377690076, 51.38
1377690081, 51.41
1377690086, 51.41
1377690091, 51.41
1377690096, 51.38
1377690101, 51.41
1377690106, 51.41
1377690111, 51.41
1377690116, 51.41
1377690121, 51.41
1377690126, 51.41
1377690131, 51.41
1377690136, 51.38
1377690141, 51.38
1377690146, 51.41
1377690151, 51.41
1377690156, 51.41
1377690161, 51.41
1377690166, 51.41
1377690171, 51.41
1377690176, 51.41
1377690181, 51.41
1377690186, 51.41
1377690191, 51.38
1377690196, 51.41
1377690201, 51.38
1377690206, 51.41
1377690211, 51.41
1377690216, 51.41
1377690221, 51.41
1377690226, 51.41
1377690231, 51.41
1377690236, 51.41
1377690241, 51.38
1377690251, 51.38
1377690256, 51.38
1377690261, 51.41
1377690266, 51.38
1377690271, 51.41
1377690276, 51.41
1377690281, 51.41
1377690286, 51.38
1377690291, 51.41
1377690297, 51.41
1377690301, 51.41
1377690306, 51.41
1377690316, 51.41
1377690321, 51.38
1377690326, 51.41
1377690336, 51.38
1377690341, 51.41
1377690346, 51.38
1377690351, 51.41
1377690356, 51.41
1377690361, 51.38
1377690366, 51.38
1377690371, 51.41
1377690376, 51.41
1377690381, 51.41
1377690386, 51.38
1377690391, 51.41
1377690396, 51.38
1377690401, 51.41
1377690406, 51.41
1377690411, 51.41
1377690416, 51.41
1377690421, 51.41
1377690426, 51.41
1377690431, 51.41
1377690436, 51.38
1377690441, 51.41
1377690446, 51.41
1377690451, 51.41
1377690456, 51.41
1377690461, 51.41
1377690466, 51.41
1377690471, 51.41
1377690476, 51.41
1377690481, 51.41
1377690486, 51.41
1377690491, 51.41
1377690496, 51.38
1377690501, 51.38
1377690506, 51.41
1377690511, 51.41
1377690521, 51.41
1377690526, 51.41
1377690536, 51.41
1377690541, 51.41
1377690546, 51.41
1377690551, 51.38
1377690556, 51.41
1377690561, 51.38
1377690566, 51.41
1377690571, 51.38
1377690576, 51.41
1377690581, 51.41
1377690586, 51.41
1377690591, 51.38
1377690596, 51.41
1377690601, 51.41
1377690606, 51.41
1377690611, 51.38
1377690621, 51.41
1377690626, 51.41
1377690631, 51.38
1377690636, 51.41
1377690646, 51.41
1377690651, 51.41
1377690656, 51.41
1377690661, 51.41
1377690666, 51.41
1377690671, 51.41
1377690676, 51.41
1377690681, 51.41
1377690686, 51.38
1377690691, 51.38
1377690696, 51.41
1377690706, 51.38
1377690711, 51.38
1377690716, 51.41
1377690721, 51.38
1377690726, 51.41
1377690731, 51.41
1377690736, 51.38
1377690741, 51.41
1377690746, 51.38
1377690751, 51.38
1377690756, 51.41
1377690761, 51.38
1377690766, 51.41
1377690771, 51.38
1377690776, 51.41
1377690781, 51.38
1377690786, 51.38
1377690791, 51.38
1377690796, 51.41
1377690801, 51.38
1377690806, 51.38
1377690811, 51.38
1377690816, 51.38
1377690821, 51.38
1377690826, 51.41
1377690831, 51.38
1377690836, 51.38
1377690841, 51.38
1377690846, 51.38
1377690851, 51.41
1377690856, 51.38
1377690861, 51.38
1377690866, 51.38
1377690871, 51.38
1377690876, 51.38
1377690881, 51.38
1377690886, 51.41
1377690891, 51.38
1377690896, 51.41
1377690901, 51.38
1377690906, 51.38
1377690911, 51.38
1377690916, 51.38
1377690921, 51.38
1377690926, 51.38
1377690931, 51.38
1377690936, 51.38
1377690941, 51.38
1377690946, 51.38
1377690951, 51.35
1377690956, 51.38
1377690961, 51.38
1377690966, 51.38
1377690971, 51.38
1377690976, 51.35
1377690981, 51.38
1377690986, 51.38
1377690991, 51.38
1377690996, 51.35
1377691001, 51.35
1377691006, 51.38
1377691011, 51.38
1377691016, 51.38
1377691021, 51.38
1377691026, 51.35
1377691031, 51.38
1377691036, 51.35
1377691041, 51.38
1377691046, 51.38
1377691051, 51.38
1377691056, 51.35
1377691061, 51.38
1377691066, 51.35
1377691071, 51.35
1377691076, 51.38
1377691081, 51.38
1377691086, 51.38
1377691091, 51.38
1377691096, 51.35
1377691101, 51.38
1377691106, 51.35
1377691111, 51.35
1377691116, 51.35
1377691121, 51.38
1377691126, 51.35
1377691131, 51.35
1377691136, 51.38
1377691141, 51.35
1377691146, 51.38
1377691151, 51.38
1377691156, 51.35
1377691161, 51.35
1377691166, 51.38
1377691171, 51.38
1377691176, 51.38
1377691181, 51.38
1377691186, 51.38
1377691191, 51.38
1377691196, 51.38
1377691201, 51.38
1377691206, 51.35
1377691211, 51.38
1377691216, 51.38
1377691221, 51.38
1377691226, 51.38
1377691231, 51.41
1377691236, 51.38
1377691241, 51.38
1377691246, 51.38
1377691251, 51.38
1377691256, 51.38
1377691261, 51.38
1377691266, 51.38
1377691271, 51.38
1377691276, 51.35
1377691281, 51.38
1377691286, 51.38
1377691291, 51.38
1377691296, 51.38
1377691301, 51.38
1377691306, 51.38
1377691311, 51.38
1377691316, 51.38
1377691321, 51.38
1377691326, 51.41
1377691331, 51.41
1377691336, 51.38
1377691341, 51.38
1377691346, 51.38
1377691351, 51.38
1377691356, 51.38
1377691361, 51.38
1377691366, 51.38
1377691371, 51.38
1377691376, 51.38
1377691381, 51.38
1377691386, 51.38
1377691391, 51.38
1377691396, 51.38
1377691401, 51.38
1377691406, 51.41
1377691411, 51.38
1377691416, 51.38
1377691421, 51.38
1377691426, 51.38
1377691431, 51.38
1377691436, 51.41
1377691441, 51.41
1377691446, 51.38
1377691451, 51.38
1377691456, 51.38
1377691461, 51.38
1377691466, 51.38
1377691471, 51.38
1377691476, 51.41
1377691481, 51.38
1377691486, 51.38
1377691491, 51.38
1377691496, 51.38
1377691501, 51.38
1377691506, 51.38
1377691511, 51.38
1377691516, 51.38
1377691521, 51.38
1377691526, 51.38
1377691531, 51.38
1377691536, 51.38
1377691541, 51.41
1377691546, 51.41
1377691551, 51.38
1377691556, 51.38
1377691561, 51.38
1377691566, 51.38
1377691571, 51.41
1377691576, 51.41
1377691581, 51.38
1377691586, 51.35
1377691591, 51.41
1377691596, 51.38
1377691601, 51.38
1377691606, 51.38
1377691611, 51.38
1377691616, 51.38
1377691621, 51.41
1377691626, 51.38
1377691631, 51.38
1377691636, 51.38
1377691641, 51.38
1377691646, 51.38
1377691651, 51.38
1377691656, 51.41
1377691661, 51.38
1377691666, 51.38
1377691671, 51.38
1377691676, 51.41
1377691681, 51.38
1377691686, 51.38
1377691691, 51.41
1377691696, 51.38
1377691701, 51.41
1377691706, 51.41
1377691711, 51.38
1377691716, 51.38
1377691721, 51.38
1377691726, 51.38
1377691731, 51.38
1377691736, 51.41
1377691741, 51.41
1377691746, 51.38
1377691751, 51.41
1377691756, 51.41
1377691761, 51.38
1377691766, 51.41
1377691771, 51.38
1377691776, 51.41
1377691781, 51.38
1377691786, 51.41
1377691791, 51.41
1377691796, 51.38
1377691801, 51.41
1377691806, 51.41
1377691811, 51.38
1377691816, 51.41
1377691821, 51.38
1377691826, 51.38
1377691831, 51.41
1377691836, 51.38
1377691842, 51.38
1377691846, 51.38
1377691851, 51.38
1377691856, 51.38
1377691861, 51.38
1377691866, 51.38
1377691871, 51.41
1377691876, 51.38
1377691881, 51.41
1377691886, 51.38
1377691891, 51.38
1377691896, 51.41
1377691901, 51.41
1377691906, 51.41
1377691911, 51.41
1377691916, 51.41
1377691921, 51.38
1377691926, 51.41
1377691931, 51.38
1377691936, 51.41
1377691941, 51.41
1377691946, 51.41
1377691951, 51.38
1377691956, 51.38
1377691961, 51.41
1377691966, 51.41
1377691971, 51.38
1377691976, 51.41
1377691981, 51.41
1377691986, 51.41
1377691991, 51.38
1377691996, 51.41
1377692001, 51.41
1377692006, 51.41
1377692011, 51.41
1377692016, 51.41
1377692021, 51.38
1377692026, 51.38
1377692031, 51.41
1377692036, 51.38
1377692041, 51.41
1377692046, 51.38
1377692051, 51.41
1377692056, 51.38
1377692061, 51.41
1377692066, 51.41
1377692071, 51.41
1377692076, 51.41
1377692081, 51.41
1377692086, 51.41
1377692091, 51.41
1377692096, 51.41
1377692101, 51.41
1377692106, 51.41
1377692111, 51.41
1377692116, 51.41
1377692121, 51.41
1377692126, 51.38
1377692131, 51.41
1377692136, 51.41
1377692141, 51.41
1377692146, 51.38
1377692151, 51.41
1377692156, 51.41
1377692161, 51.41
1377692166, 51.41
1377692171, 51.41
1377692176, 51.41
1377692181, 51.41
1377692186, 51.41
1377692191, 51.44
1377692196, 51.38
1377692201, 51.38
1377692206, 51.41
1377692211, 51.41
1377692216, 51.41
1377692221, 51.41
1377692226, 51.41
1377692231, 51.41
1377692236, 51.41
1377692241, 51.41
1377692246, 51.41
1377692251, 51.41
1377692256, 51.41
1377692261, 51.41
1377692266, 51.41
1377692271, 51.41
1377692276, 51.41
1377692281, 51.41
1377692286, 51.41
1377692291, 51.41
1377692296, 51.41
1377692301, 51.41
1377692306, 51.44
1377692311, 51.41
1377692316, 51.41
1377692321, 51.41
1377692326, 51.41
1377692331, 51.41
1377692336, 51.41
1377692341, 51.41
1377692346, 51.41
1377692351, 51.41
1377692356, 51.41
1377692361, 51.41
1377692366, 51.41
1377692371, 51.41
1377692376, 51.41
1377692381, 51.41
1377692386, 51.41
1377692391, 51.41
1377692396, 51.44
1377692401, 51.41
1377692406, 51.41
1377692411, 51.41
1377692416, 51.41
1377692421, 51.41
1377692426, 51.44
1377692431, 51.41
1377692436, 51.41
1377692441, 51.41
1377692446, 51.44
1377692451, 51.41
1377692456, 51.41
1377692461, 51.41
1377692466, 51.41
1377692471, 51.41
1377692476, 51.41
1377692481, 51.41
1377692486, 51.41
1377692491, 51.41
1377692496, 51.41
1377692501, 51.41
1377692506, 51.44
1377692511, 51.41
1377692516, 51.41
1377692521, 51.41
1377692526, 51.41
1377692531, 51.41
1377692536, 51.41
1377692541, 51.41
1377692546, 51.41
1377692551, 51.41
1377692556, 51.41
1377692561, 51.41
1377692566, 51.41
1377692571, 51.41
1377692576, 51.41
1377692581, 51.41
1377692586, 51.41
1377692591, 51.41
1377692596, 51.44
1377692601, 51.41
1377692606, 51.41
1377692611, 51.41
1377692616, 51.41
1377692621, 51.41
1377692626, 51.41
1377692631, 51.41
1377692636, 51.41
1377692641, 51.41
1377692646, 51.41
1377692651, 51.41
1377692656, 51.41
1377692661, 51.41
1377692666, 51.41
1377692671, 51.41
1377692676, 51.41
1377692681, 51.41
1377692686, 51.41
1377692691, 51.41
1377692696, 51.41
1377692701, 51.41
1377692706, 51.41
1377692711, 51.41
1377692716, 51.41
1377692721, 51.41
1377692726, 51.41
1377692731, 51.41
1377692736, 51.41
1377692741, 51.41
1377692746, 51.41
1377692751, 51.41
1377692756, 51.41
1377692761, 51.41
1377692766, 51.41
1377692771, 51.41
1377692776, 51.41
1377692781, 51.41
1377692786, 51.41
1377692791, 51.41
1377692796, 51.41
1377692801, 51.41
1377692806, 51.41
1377692811, 51.41
1377692816, 51.41
1377692821, 51.41
1377692826, 51.41
1377692831, 51.41
1377692836, 51.41
1377692841, 51.41
1377692846, 51.41
1377692851, 51.41
1377692856, 51.41
1377692861, 51.41
1377692866, 51.41
1377692871, 51.41
1377692876, 51.41
1377692881, 51.41
1377692886, 51.41
1377692891, 51.41
1377692896, 51.41
1377692901, 51.41
1377692906, 51.41
1377692911, 51.41
1377692916, 51.41
1377692921, 51.41
1377692926, 51.41
1377692931, 51.41
1377692936, 51.41
1377692941, 51.41
1377692946, 51.41
1377692951, 51.41
1377692956, 51.41
1377692961, 51.41
1377692966, 51.41
1377692971, 51.41
1377692976, 51.41
1377692981, 51.41
1377692986, 51.41
1377692991, 51.41
1377692996, 51.38
1377693001, 51.41
1377693006, 51.41
1377693011, 51.41
1377693016, 51.41
1377693021, 51.41
1377693026, 51.41
1377693031, 51.41
1377693036, 51.41
1377693041, 51.41
1377693046, 51.41
1377693051, 51.41
1377693056, 51.41
1377693061, 51.41
1377693066, 51.41
1377693071, 51.41
1377693076, 51.41
1377693081, 51.38
1377693086, 51.41
1377693091, 51.41
1377693096, 51.41
1377693101, 51.41
1377693106, 51.41
1377693111, 51.41
1377693116, 51.38
1377693121, 51.41
1377693126, 51.41
1377693131, 51.41
1377693136, 51.38
1377693141, 51.41
1377693146, 51.41
1377693151, 51.41
1377693156, 51.41
1377693161, 51.41
1377693166, 51.41
1377693171, 51.41
1377693176, 51.41
1377693181, 51.41
1377693186, 51.41
1377693191, 51.41
1377693196, 51.38
1377693201, 51.41
1377693206, 51.41
1377693211, 51.41
1377693216, 51.41
1377693221, 51.41
1377693226, 51.41
1377693231, 51.41
1377693236, 51.41
1377693241, 51.41
1377693246, 51.41
1377693251, 51.41
1377693256, 51.41
1377693261, 51.41
1377693266, 51.41
1377693271, 51.41
1377693276, 51.41
1377693281, 51.41
1377693286, 51.41
1377693291, 51.41
1377693296, 51.41
1377693301, 51.41
1377693306, 51.41
1377693311, 51.41
1377693316, 51.41
1377693321, 51.41
1377693326, 51.38
1377693331, 51.41
1377693336, 51.41
1377693341, 51.41
1377693346, 51.41
1377693351, 51.41
1377693356, 51.41
1377693361, 51.41
1377693366, 51.41
1377693371, 51.41
1377693376, 51.41
1377693381, 51.41
1377693386, 51.41
1377693391, 51.41
1377693396, 51.41
1377693401, 51.41
1377693406, 51.41
1377693411, 51.41
1377693416, 51.41
1377693421, 51.41
1377693426, 51.41
1377693431, 51.41
1377693436, 51.41
1377693441, 51.41
1377693446, 51.38
1377693451, 51.41
1377693456, 51.41
1377693461, 51.41
1377693466, 51.41
1377693471, 51.41
1377693476, 51.41
1377693481, 51.41
1377693486, 51.41
1377693491, 51.41
1377693496, 51.41
1377693501, 51.38
1377693506, 51.41
1377693511, 51.41
1377693516, 51.41
1377693521, 51.38
1377693526, 51.41
1377693531, 51.41
1377693536, 51.41
1377693541, 51.41
1377693546, 51.41
1377693551, 51.41
1377693556, 51.41
1377693561, 51.41
1377693566, 51.41
1377693571, 51.38
1377693576, 51.41
1377693581, 51.41
1377693586, 51.41
1377693591, 51.41
1377693596, 51.41
1377693601, 51.41
1377693606, 51.41
1377693611, 51.38
1377693616, 51.41
1377693621, 51.38
1377693626, 51.41
1377693631, 51.38
1377693636, 51.41
1377693641, 51.41
1377693646, 51.41
1377693651, 51.41
1377693656, 51.41
1377693661, 51.41
1377693666, 51.38
1377693671, 51.41
1377693676, 51.41
1377693681, 51.41
1377693686, 51.41
1377693691, 51.41
1377693696, 51.41
1377693701, 51.41
1377693706, 51.41
1377693711, 51.41
1377693716, 51.38
1377693721, 51.38
1377693726, 51.41
1377693731, 51.41
1377693736, 51.41
1377693741, 51.41
1377693746, 51.38
1377693751, 51.41
1377693756, 51.41
1377693761, 51.41
1377693766, 51.38
1377693771, 51.38
1377693776, 51.41
1377693781, 51.38
1377693786, 51.38
1377693791, 51.38
1377693796, 51.41
1377693801, 51.38
1377693806, 51.41
1377693811, 51.41
1377693816, 51.41
1377693821, 51.38
1377693826, 51.38
1377693831, 51.41
1377693836, 51.41
1377693841, 51.41
1377693846, 51.38
1377693851, 51.38
1377693856, 51.38
1377693861, 51.38
1377693866, 51.41
1377693871, 51.38
1377693876, 51.41
1377693881, 51.41
1377693886, 51.38
1377693891, 51.41
1377693896, 51.38
1377693901, 51.38
1377693906, 51.38
1377693911, 51.41
1377693916, 51.38
1377693921, 51.38
1377693926, 51.38
1377693931, 51.38
1377693936, 51.38
1377693941, 51.38
1377693946, 51.41
1377693951, 51.38
1377693956, 51.38
1377693961, 51.38
1377693966, 51.38
1377693971, 51.38
1377693976, 51.41
1377693981, 51.38
1377693986, 51.38
1377693991, 51.41
1377693996, 51.38
1377694001, 51.38
1377694006, 51.41
1377694011, 51.38
1377694016, 51.38
1377694021, 51.38
1377694026, 51.38
1377694031, 51.38
1377694036, 51.38
1377694041, 51.38
1377694046, 51.41
1377694051, 51.38
1377694056, 51.35
1377694061, 51.38
1377694066, 51.38
1377694071, 51.38
1377694076, 51.38
1377694081, 51.38
1377694086, 51.38
1377694091, 51.38
1377694096, 51.35
1377694102, 51.35
1377694106, 51.38
1377694111, 51.41
1377694116, 51.38
1377694121, 51.38
1377694126, 51.38
1377694131, 51.38
1377694136, 51.35
1377694141, 51.38
1377694146, 51.35
1377694151, 51.38
1377694156, 51.38
1377694161, 51.35
1377694166, 51.35
1377694171, 51.38
1377694176, 51.38
1377694181, 51.35
1377694186, 51.38
1377694191, 51.38
1377694196, 51.35
1377694201, 51.35
1377694206, 51.38
1377694211, 51.35
1377694216, 51.35
1377694221, 51.35
1377694226, 51.38
1377694231, 51.35
1377694236, 51.35
1377694241, 51.35
1377694246, 51.35
1377694251, 51.38
1377694256, 51.38
1377694261, 51.38
1377694266, 51.35
1377694271, 51.35
1377694276, 51.35
1377694281, 51.35
1377694286, 51.35
1377694291, 51.38
1377694296, 51.38
1377694301, 51.35
1377694306, 51.35
1377694311, 51.35
1377694316, 51.35
1377694321, 51.38
1377694326, 51.35
1377694331, 51.35
1377694336, 51.35
1377694341, 51.35
1377694346, 51.35
1377694351, 51.35
1377694356, 51.35
1377694361, 51.35
1377694366, 51.35
1377694371, 51.35
1377694376, 51.35
1377694381, 51.35
1377694386, 51.35
1377694391, 51.35
1377694396, 51.35
1377694401, 51.35
1377694406, 51.35
1377694411, 51.35
1377694416, 51.35
1377694421, 51.35
1377694426, 51.35
1377694431, 51.35
1377694436, 51.35
1377694441, 51.35
1377694446, 51.35
1377694451, 51.35
1377694456, 51.35
1377694461, 51.35
1377694466, 51.35
1377694471, 51.31
1377694476, 51.35
1377694481, 51.35
1377694486, 51.35
1377694491, 51.35
1377694496, 51.35
1377694501, 51.35
1377694506, 51.35
1377694511, 51.35
1377694516, 51.35
1377694521, 51.35
1377694526, 51.35
1377694531, 51.35
1377694536, 51.35
1377694541, 51.35
1377694546, 51.35
1377694551, 51.35
1377694556, 51.35
1377694561, 51.35
1377694566, 51.31
1377694571, 51.35
1377694576, 51.35
1377694581, 51.35
1377694586, 51.35
1377694591, 51.35
1377694596, 51.35
1377694601, 51.35
1377694606, 51.35
1377694611, 51.35
1377694616, 51.35
1377694621, 51.35
1377694626, 51.35
1377694631, 51.35
1377694636, 51.31
1377694641, 51.35
1377694646, 51.35
1377694651, 51.35
1377694656, 51.35
1377694661, 51.35
1377694666, 51.35
1377694671, 51.35
1377694676, 51.35
1377694681, 51.35
1377694686, 51.35
1377694691, 51.35
1377694696, 51.35
1377694701, 51.35
1377694706, 51.35
1377694711, 51.35
1377694716, 51.35
1377694721, 51.35
1377694726, 51.31
1377694731, 51.35
1377694736, 51.31
1377694741, 51.35
1377694746, 51.31
1377694751, 51.31
1377694756, 51.35
1377694761, 51.35
1377694766, 51.35
1377694771, 51.31
1377694776, 51.35
1377694781, 51.35
1377694786, 51.31
1377694791, 51.35
1377694796, 51.35
1377694801, 51.31
1377694806, 51.35
1377694811, 51.35
1377694816, 51.35
1377694821, 51.35
1377694826, 51.35
1377694831, 51.31
1377694836, 51.35
1377694841, 51.35
1377694846, 51.28
1377694851, 51.31
1377694856, 51.35
1377694861, 51.35
1377694866, 51.35
1377694871, 51.31
1377694876, 51.35
1377694881, 51.35
1377694886, 51.31
1377694891, 51.35
1377694896, 51.35
1377694901, 51.31
1377694906, 51.31
1377694911, 51.31
1377694916, 51.35
1377694921, 51.31
1377694926, 51.35
1377694931, 51.35
1377694936, 51.31
1377694941, 51.35
1377694946, 51.35
1377694951, 51.35
1377694956, 51.35
1377694961, 51.35
1377694966, 51.31
1377694971, 51.35
1377694976, 51.31
1377694981, 51.31
1377694986, 51.31
1377694991, 51.31
1377694996, 51.31
1377695001, 51.35
1377695006, 51.35
1377695011, 51.31
1377695016, 51.31
1377695021, 51.31
1377695026, 51.31
1377695031, 51.35
1377695036, 51.35
1377695041, 51.31
1377695046, 51.35
1377695051, 51.35
1377695056, 51.35
1377695061, 51.31
1377695066, 51.31
1377695071, 51.35
1377695076, 51.35
1377695081, 51.31
1377695086, 51.31
1377695091, 51.31
1377695096, 51.35
1377695101, 51.35
1377695106, 51.35
1377695111, 51.31
1377695116, 51.31
1377695121, 51.31
1377695126, 51.35
1377695131, 51.31
1377695136, 51.31
1377695141, 51.31
1377695146, 51.35
1377695151, 51.31
1377695156, 51.31
1377695161, 51.31
1377695166, 51.31
1377695171, 51.31
1377695176, 51.31
1377695181, 51.31
1377695186, 51.35
1377695191, 51.31
1377695196, 51.31
1377695201, 51.35
1377695206, 51.31
1377695211, 51.31
1377695216, 51.35
1377695221, 51.35
1377695226, 51.31
1377695231, 51.31
1377695236, 51.35
1377695241, 51.31
1377695246, 51.31
1377695251, 51.31
1377695256, 51.31
1377695261, 51.31
1377695266, 51.31
1377695271, 51.31
1377695276, 51.35
1377695281, 51.35
1377695286, 51.31
1377695291, 51.35
1377695296, 51.35
1377695301, 51.35
1377695306, 51.31
1377695311, 51.31
1377695316, 51.31
1377695321, 51.35
1377695326, 51.31
1377695331, 51.35
1377695336, 51.35
1377695341, 51.31
1377695346, 51.35
1377695351, 51.31
1377695356, 51.31
1377695361, 51.31
1377695366, 51.31
1377695371, 51.35
1377695376, 51.28
1377695381, 51.31
1377695386, 51.31
1377695391, 51.35
1377695396, 51.31
1377695401, 51.31
1377695406, 51.35
1377695411, 51.31
1377695416, 51.31
1377695421, 51.31
1377695426, 51.31
1377695431, 51.31
1377695436, 51.31
1377695441, 51.31
1377695446, 51.31
1377695451, 51.31
1377695456, 51.31
1377695461, 51.31
1377695466, 51.31
1377695471, 51.28
1377695476, 51.28
1377695481, 51.31
1377695486, 51.31
1377695491, 51.28
1377695496, 51.31
1377695501, 51.28
1377695506, 51.31
1377695511, 51.28
1377695516, 51.31
1377695521, 51.28
1377695526, 51.28
1377695531, 51.31
1377695536, 51.31
1377695541, 51.31
1377695546, 51.31
1377695551, 51.28
1377695556, 51.31
1377695561, 51.31
1377695566, 51.31
1377695571, 51.31
1377695577, 51.31
1377695581, 51.31
1377695586, 51.31
1377695591, 51.31
1377695596, 51.28
1377695601, 51.31
1377695606, 51.28
1377695611, 51.31
1377695616, 51.28
1377695621, 51.28
1377695626, 51.28
1377695631, 51.28
1377695636, 51.28
1377695641, 51.28
1377695646, 51.28
1377695651, 51.31
1377695656, 51.28
1377695661, 51.28
1377695666, 51.28
1377695671, 51.31
1377695676, 51.28
1377695681, 51.31
1377695686, 51.31
1377695691, 51.28
1377695696, 51.28
1377695701, 51.31
1377695706, 51.28
1377695711, 51.28
1377695716, 51.28
1377695721, 51.31
1377695726, 51.28
1377695731, 51.31
1377695736, 51.28
1377695741, 51.31
1377695746, 51.28
1377695751, 51.28
1377695756, 51.31
1377695761, 51.31
1377695766, 51.28
1377695771, 51.28
1377695776, 51.28
1377695781, 51.28
1377695786, 51.28
1377695791, 51.28
1377695796, 51.28
1377695801, 51.28
1377695806, 51.31
1377695811, 51.28
1377695816, 51.28
1377695821, 51.28
1377695826, 51.28
1377695831, 51.28
1377695836, 51.28
1377695841, 51.31
1377695846, 51.28
1377695851, 51.28
1377695856, 51.28
1377695861, 51.28
1377695866, 51.28
1377695871, 51.28
1377695876, 51.28
1377695881, 51.28
1377695886, 51.28
1377695891, 51.28
1377695896, 51.28
1377695901, 51.28
1377695906, 51.28
1377695911, 51.31
1377695916, 51.28
1377695921, 51.28
1377695926, 51.28
1377695931, 51.28
1377695936, 51.28
1377695941, 51.28
1377695946, 51.28
1377695951, 51.28
1377695956, 51.28
1377695961, 51.28
1377695966, 51.28
1377695971, 51.28
1377695976, 51.28
1377695981, 51.28
1377695986, 51.28
1377695991, 51.28
1377695996, 51.28
1377696001, 51.28
1377696006, 51.28
1377696011, 51.28
1377696016, 51.28
1377696021, 51.28
1377696026, 51.28
1377696031, 51.28
1377696036, 51.28
1377696041, 51.28
1377696046, 51.28
1377696051, 51.28
1377696056, 51.28
1377696061, 51.28
1377696066, 51.28
1377696071, 51.28
1377696076, 51.28
1377696081, 51.31
1377696086, 51.28
1377696091, 51.28
1377696096, 51.28
1377696101, 51.28
1377696106, 51.28
1377696111, 51.28
1377696116, 51.28
1377696121, 51.28
1377696126, 51.28
1377696131, 51.28
1377696136, 51.28
1377696141, 51.28
1377696146, 51.28
1377696151, 51.28
1377696156, 51.28
1377696161, 51.28
1377696166, 51.28
1377696171, 51.28
1377696176, 51.28
1377696181, 51.28
1377696186, 51.28
1377696191, 51.28
1377696196, 51.28
1377696201, 51.28
1377696206, 51.28
1377696211, 51.28
1377696216, 51.28
1377696221, 51.28
1377696226, 51.28
1377696231, 51.31
1377696236, 51.28
1377696241, 51.28
1377696246, 51.28
1377696251, 51.28
1377696256, 51.28
1377696261, 51.28
1377696266, 51.28
1377696271, 51.28
1377696276, 51.28
1377696281, 51.28
1377696286, 51.28
1377696291, 51.28
1377696296, 51.25
1377696301, 51.28
1377696306, 51.28
1377696312, 51.28
1377696316, 51.28
1377696321, 51.28
1377696326, 51.28
1377696331, 51.28
1377696336, 51.28
1377696341, 51.28
1377696346, 51.28
1377696351, 51.28
1377696356, 51.28
1377696361, 51.28
1377696366, 51.28
1377696371, 51.28
1377696376, 51.28
1377696381, 51.28
1377696386, 51.28
1377696391, 51.28
1377696396, 51.28
1377696401, 51.28
1377696406, 51.28
1377696411, 51.28
1377696416, 51.28
1377696421, 51.28
1377696426, 51.28
1377696431, 51.28
1377696436, 51.28
1377696441, 51.28
1377696446, 51.28
1377696451, 51.28
1377696456, 51.28
1377696461, 51.28
1377696466, 51.28
1377696471, 51.28
1377696476, 51.28
1377696481, 51.28
1377696486, 51.28
1377696491, 51.28
1377696496, 51.28
1377696501, 51.28
1377696506, 51.28
1377696511, 51.28
1377696516, 51.28
1377696521, 51.28
1377696526, 51.28
1377696531, 51.28
1377696536, 51.28
1377696541, 51.28
1377696546, 51.28
1377696551, 51.28
1377696556, 51.28
1377696561, 51.28
1377696566, 51.28
1377696571, 51.28
1377696576, 51.28
1377696581, 51.28
1377696586, 51.28
1377696591, 51.28
1377696596, 51.28
1377696601, 51.28
1377696606, 51.28
1377696611, 51.28
1377696616, 51.28
1377696621, 51.28
1377696626, 51.28
1377696631, 51.28
1377696636, 51.28
1377696641, 51.28
1377696646, 51.28
1377696651, 51.28
1377696656, 51.28
1377696661, 51.28
1377696666, 51.28
1377696671, 51.28
1377696676, 51.28
1377696681, 51.28
1377696686, 51.28
1377696691, 51.28
1377696696, 51.28
1377696701, 51.28
1377696706, 51.28
1377696711, 51.31
1377696716, 51.28
1377696721, 51.28
1377696726, 51.28
1377696731, 51.28
1377696736, 51.28
1377696741, 51.31
1377696746, 51.28
1377696751, 51.28
1377696756, 51.28
1377696761, 51.28
1377696766, 51.28
1377696771, 51.28
1377696776, 51.28
1377696781, 51.28
1377696786, 51.28
1377696791, 51.28
1377696796, 51.28
1377696801, 51.28
1377696806, 51.28
1377696811, 51.31
1377696816, 51.28
1377696821, 51.28
1377696826, 51.28
1377696831, 51.28
1377696836, 51.28
1377696841, 51.28
1377696846, 51.28
1377696852, 51.28
1377696856, 51.28
1377696861, 51.28
1377696866, 51.28
1377696871, 51.28
1377696876, 51.28
1377696881, 51.31
1377696886, 51.31
1377696891, 51.28
1377696896, 51.28
1377696901, 51.28
1377696906, 51.31
1377696911, 51.28
1377696916, 51.28
1377696921, 51.28
1377696926, 51.31
1377696931, 51.28
1377696936, 51.28
1377696941, 51.28
1377696946, 51.31
1377696951, 51.28
1377696956, 51.31
1377696961, 51.31
1377696966, 51.31
1377696971, 51.31
1377696976, 51.31
1377696981, 51.35
1377696986, 51.31
1377696991, 51.28
1377696996, 51.31
1377697001, 51.28
1377697006, 51.35
1377697011, 51.31
1377697016, 51.31
1377697021, 51.28
1377697026, 51.31
1377697031, 51.35
1377697036, 51.31
1377697041, 51.35
1377697046, 51.31
1377697051, 51.35
1377697056, 51.31
1377697061, 51.31
1377697066, 51.31
1377697071, 51.35
1377697076, 51.35
1377697081, 51.31
1377697086, 51.31
1377697091, 51.31
1377697096, 51.35
1377697101, 51.35
1377697106, 51.35
1377697111, 51.35
1377697116, 51.31
1377697121, 51.31
1377697126, 51.31
1377697131, 51.31
1377697136, 51.35
1377697141, 51.31
1377697146, 51.35
1377697151, 51.31
1377697156, 51.35
1377697161, 51.35
1377697166, 51.35
1377697171, 51.31
1377697176, 51.31
1377697181, 51.35
1377697186, 51.35
1377697191, 51.35
1377697196, 51.35
1377697201, 51.35
1377697206, 51.35
1377697211, 51.35
1377697216, 51.35
1377697221, 51.35
1377697226, 51.35
1377697231, 51.35
1377697236, 51.35
1377697241, 51.35
1377697246, 51.35
1377697251, 51.35
1377697256, 51.35
1377697261, 51.35
1377697266, 51.35
1377697271, 51.38
1377697276, 51.35
1377697281, 51.35
1377697286, 51.35
1377697291, 51.35
1377697296, 51.35
1377697301, 51.35
1377697306, 51.35
1377697311, 51.35
1377697316, 51.35
1377697321, 51.35
1377697326, 51.35
1377697331, 51.35
1377697336, 51.35
1377697341, 51.35
1377697346, 51.35
1377697351, 51.38
1377697356, 51.35
1377697361, 51.35
1377697366, 51.35
1377697371, 51.35
1377697376, 51.35
1377697381, 51.35
1377697386, 51.35
1377697391, 51.35
1377697396, 51.35
1377697401, 51.35
1377697406, 51.35
1377697411, 51.35
1377697416, 51.35
1377697421, 51.35
1377697426, 51.35
1377697431, 51.35
1377697436, 51.35
1377697441, 51.38
1377697446, 51.38
1377697451, 51.35
1377697456, 51.35
1377697461, 51.35
1377697466, 51.35
1377697471, 51.35
1377697476, 51.35
1377697481, 51.35
1377697486, 51.35
1377697491, 51.38
1377697496, 51.35
1377697501, 51.35
1377697506, 51.35
1377697511, 51.35
1377697516, 51.35
1377697521, 51.35
1377697526, 51.35
1377697531, 51.35
1377697536, 51.38
1377697541, 51.35
1377697546, 51.35
1377697551, 51.35
1377697556, 51.35
1377697561, 51.35
1377697566, 51.35
1377697571, 51.35
1377697576, 51.38
1377697581, 51.35
1377697586, 51.35
1377697591, 51.38
1377697596, 51.35
1377697601, 51.35
1377697606, 51.38
1377697611, 51.35
1377697616, 51.35
1377697621, 51.38
1377697626, 51.38
1377697631, 51.35
1377697636, 51.38
1377697641, 51.38
1377697646, 51.38
1377697651, 51.38
1377697656, 51.35
1377697661, 51.38
1377697666, 51.38
1377697671, 51.38
1377697676, 51.41
1377697681, 51.38
1377697686, 51.38
1377697691, 51.38
1377697696, 51.38
1377697701, 51.38
1377697706, 51.38
1377697711, 51.38
1377697716, 51.38
1377697721, 51.38
1377697726, 51.38
1377697731, 51.38
1377697736, 51.38
1377697741, 51.38
1377697746, 51.38
1377697751, 51.38
1377697756, 51.38
1377697761, 51.41
1377697766, 51.41
1377697771, 51.41
1377697776, 51.38
1377697781, 51.38
1377697786, 51.41
1377697791, 51.38
1377697796, 51.41
1377697801, 51.41
1377697806, 51.41
1377697811, 51.41
1377697816, 51.41
1377697821, 51.38
1377697826, 51.38
1377697831, 51.41
1377697836, 51.41
1377697841, 51.38
1377697846, 51.41
1377697851, 51.41
1377697856, 51.38
1377697861, 51.41
1377697866, 51.41
1377697871, 51.41
1377697876, 51.41
1377697881, 51.41
1377697886, 51.41
1377697891, 51.41
1377697896, 51.41
1377697902, 51.41
1377697906, 51.41
1377697911, 51.41
1377697916, 51.41
1377697921, 51.41
1377697926, 51.41
1377697931, 51.41
1377697936, 51.41
1377697941, 51.41
1377697946, 51.41
1377697951, 51.41
1377697956, 51.41
1377697961, 51.41
1377697966, 51.41
1377697971, 51.41
1377697976, 51.41
1377697981, 51.41
1377697986, 51.41
1377697991, 51.41
1377697996, 51.41
1377698001, 51.41
1377698006, 51.41
1377698011, 51.44
1377698016, 51.41
1377698021, 51.41
1377698026, 51.41
1377698031, 51.41
1377698036, 51.41
1377698041, 51.41
1377698046, 51.44
1377698051, 51.41
1377698056, 51.41
1377698061, 51.41
1377698066, 51.41
1377698071, 51.41
1377698076, 51.41
1377698081, 51.41
1377698086, 51.38
1377698091, 51.41
1377698096, 51.41
1377698101, 51.41
1377698106, 51.41
1377698111, 51.41
1377698116, 51.41
1377698121, 51.41
1377698126, 51.41
1377698131, 51.41
1377698136, 51.41
1377698141, 51.41
1377698146, 51.41
1377698151, 51.41
1377698156, 51.41
1377698161, 51.41
1377698166, 51.41
1377698171, 51.41
1377698176, 51.41
1377698181, 51.41
1377698186, 51.41
1377698191, 51.41
1377698196, 51.41
1377698201, 51.41
1377698206, 51.41
1377698211, 51.41
1377698216, 51.41
1377698221, 51.41
1377698226, 51.41
1377698231, 51.44
1377698236, 51.41
1377698241, 51.41
1377698246, 51.41
1377698251, 51.41
1377698256, 51.41
1377698261, 51.41
1377698266, 51.44
1377698271, 51.41
1377698276, 51.41
1377698281, 51.41
1377698286, 51.41
1377698291, 51.41
1377698296, 51.41
1377698301, 51.44
1377698306, 51.41
1377698311, 51.41
1377698316, 51.41
1377698321, 51.41
1377698326, 51.44
1377698331, 51.41
1377698336, 51.41
1377698342, 51.41
1377698346, 51.44
1377698351, 51.41
1377698356, 51.41
1377698361, 51.44
1377698368, 51.44
1377698371, 51.41
1377698376, 51.44
1377698381, 51.41
1377698386, 51.41
1377698391, 51.44
1377698396, 51.41
1377698401, 51.44
1377698406, 51.44
1377698411, 51.44
1377698416, 51.44
1377698421, 51.41
1377698426, 51.44
1377698431, 51.44
1377698436, 51.44
1377698441, 51.44
1377698446, 51.44
1377698451, 51.44
1377698456, 51.44
1377698462, 51.44
1377698466, 51.44
1377698471, 51.44
1377698476, 51.44
1377698481, 51.44
1377698486, 51.44
1377698491, 51.47
1377698496, 51.44
1377698501, 51.44
1377698506, 51.44
1377698511, 51.44
1377698516, 51.47
1377698521, 51.47
1377698526, 51.47
1377698531, 51.44
1377698536, 51.47
1377698541, 51.44
1377698546, 51.47
1377698551, 51.44
1377698556, 51.47
1377698561, 51.44
1377698566, 51.47
1377698571, 51.44
1377698576, 51.47
1377698581, 51.44
1377698586, 51.47
1377698591, 51.44
1377698596, 51.47
1377698601, 51.44
1377698606, 51.47
1377698611, 51.47
1377698616, 51.44
1377698621, 51.47
1377698626, 51.47
1377698631, 51.47
1377698636, 51.47
1377698641, 51.44
1377698646, 51.47
1377698651, 51.47
1377698656, 51.47
1377698661, 51.47
1377698666, 51.47
1377698671, 51.44
1377698676, 51.47
1377698681, 51.47
1377698686, 51.47
1377698691, 51.47
1377698696, 51.47
1377698701, 51.44
1377698706, 51.47
1377698711, 51.47
1377698716, 51.47
1377698721, 51.47
1377698726, 51.47
1377698731, 51.47
1377698736, 51.47
1377698741, 51.47
1377698746, 51.47
1377698751, 51.47
1377698756, 51.47
1377698761, 51.47
1377698766, 51.51
1377698771, 51.47
1377698776, 51.47
1377698781, 51.47
1377698786, 51.47
1377698791, 51.47
1377698796, 51.47
1377698801, 51.47
1377698806, 51.47
1377698811, 51.47
1377698816, 51.47
1377698821, 51.47
1377698826, 51.47
1377698831, 51.47
1377698836, 51.47
1377698841, 51.47
1377698846, 51.47
1377698851, 51.47
1377698856, 51.47
1377698861, 51.47
1377698866, 51.47
1377698871, 51.47
1377698876, 51.47
1377698881, 51.47
1377698886, 51.47
1377698891, 51.47
1377698896, 51.47
1377698901, 51.47
1377698906, 51.47
1377698911, 51.47
1377698916, 51.47
1377698921, 51.47
1377698926, 51.47
1377698931, 51.47
1377698936, 51.47
1377698942, 51.47
1377698946, 51.47
1377698951, 51.47
1377698956, 51.47
1377698961, 51.47
1377698966, 51.47
1377698971, 51.47
1377698976, 51.47
1377698981, 51.47
1377698986, 51.47
1377698991, 51.47
1377698996, 51.47
1377699001, 51.47
1377699006, 51.47
1377699011, 51.51
1377699016, 51.47
1377699021, 51.47
1377699026, 51.47
1377699031, 51.47
1377699036, 51.47
1377699041, 51.47
1377699046, 51.47
1377699051, 51.47
1377699056, 51.47
1377699061, 51.51
1377699066, 51.47
1377699071, 51.47
1377699076, 51.47
1377699081, 51.47
1377699086, 51.47
1377699091, 51.47
1377699096, 51.47
1377699101, 51.47
1377699106, 51.47
1377699111, 51.47
1377699116, 51.47
1377699121, 51.47
1377699126, 51.47
1377699131, 51.47
1377699136, 51.47
1377699141, 51.47
1377699146, 51.51
1377699151, 51.47
1377699156, 51.47
1377699161, 51.47
1377699166, 51.47
1377699171, 51.47
1377699176, 51.47
1377699181, 51.47
1377699186, 51.47
1377699191, 51.47
1377699196, 51.47
1377699201, 51.47
1377699206, 51.47
1377699211, 51.47
1377699216, 51.47
1377699221, 51.47
1377699226, 51.47
1377699231, 51.47
1377699236, 51.47
1377699241, 51.47
1377699246, 51.47
1377699251, 51.47
1377699256, 51.47
1377699261, 51.47
1377699266, 51.47
1377699271, 51.47
1377699276, 51.47
1377699281, 51.47
1377699286, 51.47
1377699291, 51.47
1377699296, 51.47
1377699301, 51.47
1377699306, 51.47
1377699311, 51.47
1377699316, 51.47
1377699321, 51.47
1377699326, 51.47
1377699331, 51.47
1377699336, 51.47
1377699341, 51.47
1377699346, 51.47
1377699351, 51.47
1377699356, 51.47
1377699361, 51.47
1377699366, 51.47
1377699371, 51.47
1377699376, 51.47
1377699381, 51.47
1377699386, 51.47
1377699391, 51.47
1377699396, 51.47
1377699401, 51.47
1377699406, 51.47
1377699411, 51.47
1377699416, 51.47
1377699421, 51.47
1377699426, 51.47
1377699431, 51.47
1377699436, 51.47
1377699441, 51.47
1377699446, 51.47
1377699451, 51.47
1377699456, 51.47
1377699461, 51.47
1377699466, 51.47
1377699471, 51.47
1377699476, 51.47
1377699481, 51.47
1377699486, 51.47
1377699491, 51.47
1377699496, 51.47
1377699501, 51.47
1377699506, 51.47
1377699511, 51.51
1377699516, 51.47
1377699521, 51.47
1377699526, 51.47
1377699531, 51.47
1377699536, 51.47
1377699541, 51.47
1377699546, 51.47
1377699551, 51.47
1377699556, 51.47
1377699561, 51.47
1377699566, 51.47
1377699571, 51.47
1377699576, 51.47
1377699581, 51.47
1377699586, 51.47
1377699591, 51.47
1377699596, 51.47
1377699601, 51.51
1377699606, 51.47
1377699611, 51.47
1377699616, 51.47
1377699621, 51.47
1377699626, 51.47
1377699631, 51.51
1377699636, 51.47
1377699641, 51.47
1377699646, 51.47
1377699651, 51.47
1377699656, 51.47
1377699661, 51.51
1377699666, 51.47
1377699671, 51.47
1377699676, 51.47
1377699681, 51.51
1377699686, 51.47
1377699691, 51.47
1377699696, 51.51
1377699701, 51.47
1377699706, 51.47
1377699711, 51.51
1377699716, 51.47
1377699721, 51.47
1377699726, 51.47
1377699731, 51.51
1377699736, 51.47
1377699741, 51.47
1377699746, 51.51
1377699751, 51.51
1377699756, 51.47
1377699761, 51.47
1377699766, 51.51
1377699771, 51.47
1377699776, 51.47
1377699781, 51.47
1377699786, 51.51
1377699791, 51.51
1377699796, 51.51
1377699801, 51.47
1377699806, 51.51
1377699811, 51.47
1377699816, 51.51
1377699821, 51.47
1377699826, 51.47
1377699831, 51.51
1377699836, 51.47
1377699841, 51.47
1377699846, 51.47
1377699851, 51.51
1377699856, 51.51
1377699861, 51.51
1377699866, 51.51
1377699871, 51.51
1377699876, 51.51
1377699881, 51.51
1377699886, 51.51
1377699891, 51.47
1377699896, 51.47
1377699901, 51.51
1377699906, 51.51
1377699911, 51.47
1377699916, 51.47
1377699921, 51.51
1377699926, 51.47
1377699931, 51.51
1377699936, 51.47
1377699941, 51.51
1377699946, 51.51
1377699951, 51.51
1377699956, 51.51
1377699961, 51.51
1377699966, 51.51
1377699971, 51.51
1377699976, 51.51
1377699981, 51.47
1377699986, 51.51
1377699991, 51.51
1377699996, 51.51
1377700001, 51.51
1377700006, 51.51
1377700011, 51.51
1377700016, 51.51
1377700021, 51.47
1377700026, 51.51
1377700031, 51.47
1377700036, 51.47
1377700041, 51.47
1377700046, 51.47
1377700051, 51.51
1377700056, 51.47
1377700061, 51.51
1377700066, 51.47
1377700071, 51.51
1377700076, 51.51
1377700081, 51.47
1377700086, 51.47
1377700091, 51.51
1377700096, 51.47
1377700101, 51.51
1377700106, 51.51
1377700111, 51.51
1377700116, 51.47
1377700121, 51.51
1377700126, 51.47
1377700131, 51.51
1377700136, 51.51
1377700141, 51.51
1377700146, 51.51
1377700151, 51.51
1377700156, 51.47
1377700161, 51.47
1377700166, 51.51
1377700171, 51.47
1377700176, 51.47
1377700181, 51.51
1377700186, 51.47
1377700191, 51.47
1377700196, 51.54
1377700201, 51.51
1377700206, 51.51
1377700211, 51.51
1377700216, 51.51
1377700221, 51.51
1377700226, 51.51
1377700231, 51.51
1377700236, 51.51
1377700241, 51.51
1377700246, 51.51
1377700251, 51.47
1377700256, 51.51
1377700261, 51.51
1377700266, 51.51
1377700271, 51.51
1377700276, 51.51
1377700281, 51.51
1377700286, 51.54
1377700291, 51.51
1377700296, 51.51
1377700301, 51.51
1377700306, 51.51
1377700311, 51.51
1377700316, 51.51
1377700321, 51.51
1377700326, 51.51
1377700331, 51.51
1377700336, 51.51
1377700341, 51.51
1377700346, 51.51
1377700351, 51.51
1377700356, 51.51
1377700361, 51.51
1377700366, 51.54
1377700371, 51.54
1377700376, 51.51
1377700381, 51.51
1377700386, 51.54
1377700391, 51.51
1377700396, 51.54
1377700401, 51.51
1377700406, 51.51
1377700411, 51.51
1377700416, 51.51
1377700421, 51.51
1377700426, 51.51
1377700431, 51.51
1377700436, 51.51
1377700441, 51.51
1377700446, 51.51
1377700451, 51.51
1377700456, 51.47
1377700461, 51.51
1377700466, 51.54
1377700471, 51.54
1377700476, 51.54
1377700481, 51.51
1377700486, 51.51
1377700491, 51.54
1377700496, 51.51
1377700501, 51.51
1377700506, 51.51
1377700511, 51.51
1377700516, 51.54
1377700521, 51.54
1377700526, 51.54
1377700531, 51.51
1377700536, 51.54
1377700541, 51.54
1377700546, 51.54
1377700551, 51.54
1377700556, 51.51
1377700561, 51.54
1377700566, 51.54
1377700571, 51.51
1377700576, 51.51
1377700581, 51.54
1377700586, 51.54
1377700591, 51.54
1377700596, 51.54
1377700601, 51.54
1377700606, 51.54
1377700611, 51.54
1377700616, 51.54
1377700621, 51.54
1377700626, 51.54
1377700631, 51.54
1377700636, 51.54
1377700641, 51.54
1377700646, 51.54
1377700651, 51.54
1377700656, 51.54
1377700661, 51.54
1377700666, 51.54
1377700671, 51.54
1377700676, 51.54
1377700681, 51.54
1377700686, 51.54
1377700691, 51.54
1377700696, 51.54
1377700701, 51.54
1377700706, 51.54
1377700711, 51.54
1377700716, 51.54
1377700721, 51.54
1377700726, 51.57
1377700731, 51.54
1377700736, 51.54
1377700741, 51.54
1377700746, 51.54
1377700751, 51.54
1377700756, 51.57
1377700761, 51.54
1377700766, 51.54
1377700771, 51.54
1377700776, 51.54
1377700781, 51.57
1377700786, 51.57
1377700791, 51.54
1377700796, 51.57
1377700801, 51.54
1377700806, 51.57
1377700811, 51.54
1377700816, 51.57
1377700821, 51.57
1377700826, 51.57
1377700831, 51.57
1377700836, 51.54
1377700841, 51.57
1377700846, 51.57
1377700851, 51.57
1377700856, 51.57
1377700861, 51.57
1377700866, 51.57
1377700871, 51.57
1377700876, 51.57
1377700881, 51.57
1377700886, 51.54
1377700891, 51.60
1377700896, 51.60
1377700901, 51.60
1377700906, 51.57
1377700911, 51.60
1377700916, 51.57
1377700921, 51.57
1377700926, 51.60
1377700931, 51.57
1377700936, 51.57
1377700941, 51.57
1377700946, 51.57
1377700951, 51.57
1377700956, 51.60
1377700961, 51.60
1377700966, 51.60
1377700971, 51.57
1377700976, 51.60
1377700981, 51.57
1377700986, 51.60
1377700991, 51.60
1377700996, 51.60
1377701001, 51.60
1377701006, 51.60
1377701011, 51.60
1377701016, 51.60
1377701021, 51.60
1377701026, 51.60
1377701031, 51.60
1377701036, 51.60
1377701041, 51.60
1377701046, 51.60
1377701051, 51.60
1377701056, 51.60
1377701061, 51.60
1377701066, 51.60
1377701071, 51.60
1377701076, 51.60
1377701081, 51.60
1377701086, 51.60
1377701091, 51.60
1377701096, 51.60
1377701101, 51.60
1377701106, 51.60
1377701111, 51.60
1377701116, 51.60
1377701121, 51.60
1377701126, 51.60
1377701131, 51.60
1377701136, 51.60
1377701141, 51.60
1377701146, 51.60
1377701151, 51.60
1377701156, 51.60
1377701161, 51.60
1377701166, 51.60
1377701171, 51.60
1377701176, 51.60
1377701181, 51.60
1377701186, 51.60
1377701191, 51.60
1377701196, 51.60
1377701201, 51.60
1377701206, 51.60
1377701211, 51.60
1377701216, 51.60
1377701221, 51.60
1377701226, 51.60
1377701231, 51.57
1377701236, 51.60
1377701241, 51.60
1377701246, 51.60
1377701251, 51.57
1377701256, 51.60
1377701261, 51.60
1377701266, 51.60
1377701271, 51.57
1377701276, 51.60
1377701281, 51.60
1377701286, 51.60
1377701291, 51.60
1377701296, 51.60
1377701301, 51.60
1377701306, 51.60
1377701311, 51.60
1377701316, 51.57
1377701321, 51.57
1377701326, 51.57
1377701331, 51.60
1377701336, 51.57
1377701341, 51.60
1377701346, 51.60
1377701351, 51.57
1377701356, 51.60
1377701361, 51.60
1377701366, 51.60
1377701371, 51.60
1377701376, 51.60
1377701381, 51.60
1377701386, 51.57
1377701391, 51.60
1377701396, 51.60
1377701401, 51.57
1377701406, 51.57
1377701411, 51.60
1377701416, 51.57
1377701421, 51.60
1377701426, 51.60
1377701431, 51.57
1377701436, 51.57
1377701441, 51.57
1377701446, 51.57
1377701451, 51.57
1377701456, 51.57
1377701461, 51.60
1377701466, 51.57
1377701471, 51.57
1377701476, 51.60
1377701481, 51.57
1377701486, 51.60
1377701491, 51.57
1377701496, 51.60
1377701501, 51.57
1377701506, 51.60
1377701511, 51.57
1377701516, 51.57
1377701521, 51.57
1377701526, 51.57
1377701531, 51.60
1377701536, 51.57
1377701541, 51.57
1377701546, 51.60
1377701551, 51.57
1377701556, 51.57
1377701561, 51.57
1377701566, 51.57
1377701571, 51.60
1377701576, 51.60
1377701581, 51.60
1377701586, 51.60
1377701591, 51.57
1377701596, 51.57
1377701601, 51.57
1377701606, 51.57
1377701611, 51.54
1377701616, 51.57
1377701621, 51.57
1377701626, 51.57
1377701631, 51.57
1377701636, 51.60
1377701641, 51.57
1377701646, 51.57
1377701651, 51.57
1377701656, 51.57
1377701661, 51.57
1377701666, 51.60
1377701671, 51.57
1377701676, 51.57
1377701681, 51.57
1377701686, 51.54
1377701691, 51.57
1377701696, 51.54
1377701701, 51.54
1377701706, 51.57
1377701711, 51.54
1377701716, 51.57
1377701721, 51.57
1377701726, 51.57
1377701731, 51.57
1377701736, 51.57
1377701741, 51.57
1377701746, 51.57
1377701751, 51.57
1377701756, 51.57
1377701761, 51.57
1377701766, 51.54
1377701771, 51.57
1377701776, 51.54
1377701781, 51.57
1377701786, 51.57
1377701791, 51.57
1377701796, 51.57
1377701801, 51.57
1377701806, 51.57
1377701811, 51.54
1377701816, 51.57
1377701821, 51.54
1377701826, 51.57
1377701831, 51.57
1377701836, 51.54
1377701841, 51.54
1377701846, 51.54
1377701851, 51.54
1377701856, 51.54
1377701861, 51.54
1377701866, 51.57
1377701871, 51.57
1377701876, 51.54
1377701881, 51.54
1377701886, 51.54
1377701891, 51.54
1377701896, 51.57
1377701901, 51.57
1377701906, 51.57
1377701911, 51.57
1377701916, 51.57
1377701921, 51.57
1377701926, 51.54
1377701931, 51.57
1377701936, 51.57
1377701941, 51.57
1377701946, 51.54
1377701951, 51.54
1377701956, 51.57
1377701961, 51.54
1377701966, 51.54
1377701971, 51.57
1377701976, 51.57
1377701981, 51.57
1377701986, 51.57
1377701991, 51.57
1377701996, 51.57
1377702001, 51.57
1377702006, 51.57
1377702011, 51.57
1377702016, 51.54
1377702021, 51.57
1377702026, 51.54
1377702031, 51.54
1377702036, 51.57
1377702041, 51.57
1377702046, 51.57
1377702051, 51.54
1377702056, 51.57
1377702061, 51.57
1377702066, 51.54
1377702071, 51.54
1377702076, 51.54
1377702081, 51.57
1377702086, 51.57
1377702091, 51.57
1377702096, 51.57
1377702101, 51.57
1377702106, 51.57
1377702111, 51.57
1377702116, 51.54
1377702121, 51.57
1377702126, 51.57
1377702131, 51.54
1377702136, 51.57
1377702141, 51.57
1377702146, 51.54
1377702151, 51.57
1377702156, 51.54
1377702161, 51.54
1377702166, 51.57
1377702171, 51.57
1377702176, 51.57
1377702181, 51.54
1377702186, 51.54
1377702191, 51.54
1377702196, 51.54
1377702201, 51.57
1377702206, 51.60
1377702211, 51.57
1377702216, 51.57
1377702221, 51.57
1377702226, 51.54
1377702231, 51.57
1377702236, 51.54
1377702241, 51.57
1377702246, 51.54
1377702251, 51.57
1377702256, 51.57
1377702261, 51.57
1377702266, 51.57
1377702271, 51.57
1377702276, 51.57
1377702281, 51.57
1377702286, 51.57
1377702291, 51.57
1377702296, 51.57
1377702301, 51.57
1377702306, 51.57
1377702311, 51.57
1377702316, 51.57
1377702321, 51.57
1377702326, 51.60
1377702331, 51.57
1377702336, 51.57
1377702341, 51.57
1377702346, 51.57
1377702351, 51.57
1377702356, 51.54
1377702361, 51.57
1377702366, 51.57
1377702371, 51.57
1377702376, 51.60
1377702381, 51.57
1377702386, 51.57
1377702391, 51.57
1377702396, 51.57
1377702401, 51.57
1377702406, 51.57
1377702411, 51.57
1377702416, 51.57
1377702421, 51.57
1377702426, 51.57
1377702431, 51.57
1377702436, 51.57
1377702441, 51.57
1377702446, 51.60
1377702451, 51.57
1377702456, 51.57
1377702461, 51.57
1377702466, 51.57
1377702471, 51.57
1377702476, 51.57
1377702481, 51.57
1377702486, 51.54
1377702491, 51.60
1377702496, 51.60
1377702501, 51.57
1377702506, 51.57
1377702511, 51.57
1377702516, 51.57
1377702521, 51.57
1377702526, 51.57
1377702531, 51.57
1377702536, 51.57
1377702541, 51.57
1377702546, 51.57
1377702551, 51.57
1377702556, 51.57
1377702561, 51.57
1377702566, 51.57
1377702571, 51.57
1377702576, 51.57
1377702581, 51.57
1377702586, 51.57
1377702591, 51.57
1377702596, 51.57
1377702601, 51.57
1377702606, 51.57
1377702611, 51.60
1377702616, 51.57
1377702621, 51.57
1377702626, 51.57
1377702631, 51.57
1377702636, 51.57
1377702641, 51.57
1377702646, 51.57
1377702651, 51.57
1377702656, 51.57
1377702661, 51.57
1377702666, 51.57
1377702671, 51.57
1377702676, 51.57
1377702681, 51.57
1377702686, 51.57
1377702691, 51.57
1377702696, 51.57
1377702701, 51.57
1377702706, 51.57
1377702711, 51.57
1377702716, 51.57
1377702721, 51.57
1377702726, 51.57
1377702731, 51.60
1377702736, 51.54
1377702741, 51.54
1377702746, 51.57
1377702751, 51.57
1377702756, 51.57
1377702761, 51.57
1377702766, 51.57
1377702771, 51.57
1377702776, 51.57
1377702781, 51.57
1377702786, 51.57
1377702791, 51.57
1377702796, 51.57
1377702801, 51.57
1377702806, 51.54
1377702811, 51.57
1377702816, 51.54
1377702821, 51.57
1377702826, 51.57
1377702831, 51.57
1377702836, 51.57
1377702841, 51.57
1377702846, 51.57
1377702851, 51.57
1377702856, 51.57
1377702861, 51.54
1377702866, 51.57
1377702871, 51.57
1377702876, 51.57
1377702881, 51.54
1377702886, 51.57
1377702891, 51.57
1377702896, 51.54
1377702901, 51.57
1377702906, 51.57
1377702911, 51.57
1377702916, 51.57
1377702921, 51.57
1377702926, 51.57
1377702931, 51.57
1377702936, 51.57
1377702941, 51.57
1377702946, 51.57
1377702951, 51.57
1377702956, 51.54
1377702961, 51.57
1377702966, 51.57
1377702971, 51.57
1377702976, 51.57
1377702981, 51.57
1377702986, 51.54
1377702991, 51.57
1377702996, 51.57
1377703001, 51.57
1377703006, 51.54
1377703011, 51.57
1377703016, 51.57
1377703021, 51.54
1377703026, 51.57
1377703031, 51.57
1377703036, 51.54
1377703041, 51.57
1377703046, 51.54
1377703051, 51.57
1377703056, 51.54
1377703061, 51.57
1377703066, 51.54
1377703071, 51.57
1377703076, 51.57
1377703081, 51.54
1377703086, 51.54
1377703091, 51.57
1377703096, 51.57
1377703101, 51.57
1377703106, 51.57
1377703111, 51.57
1377703116, 51.57
1377703121, 51.57
1377703126, 51.57
1377703131, 51.54
1377703136, 51.57
1377703141, 51.57
1377703146, 51.54
1377703151, 51.57
1377703156, 51.54
1377703161, 51.54
1377703166, 51.57
1377703171, 51.57
1377703176, 51.54
1377703181, 51.54
1377703186, 51.54
1377703191, 51.54
1377703196, 51.57
1377703201, 51.57
1377703206, 51.54
1377703211, 51.57
1377703216, 51.57
1377703221, 51.54
1377703226, 51.57
1377703231, 51.54
1377703236, 51.57
1377703241, 51.54
1377703246, 51.57
1377703251, 51.57
1377703256, 51.54
1377703261, 51.57
1377703266, 51.57
1377703271, 51.57
1377703276, 51.54
1377703281, 51.54
1377703286, 51.54
1377703291, 51.54
1377703296, 51.54
1377703301, 51.57
1377703306, 51.57
1377703311, 51.57
1377703316, 51.54
1377703321, 51.54
1377703326, 51.54
1377703331, 51.57
1377703336, 51.57
1377703341, 51.57
1377703346, 51.57
1377703351, 51.57
1377703356, 51.54
1377703361, 51.54
1377703366, 51.54
1377703371, 51.54
1377703376, 51.57
1377703381, 51.54
1377703386, 51.54
1377703391, 51.57
1377703396, 51.54
1377703401, 51.54
1377703406, 51.54
1377703411, 51.54
1377703416, 51.54
1377703421, 51.54
1377703426, 51.57
1377703431, 51.54
1377703436, 51.54
1377703441, 51.54
1377703446, 51.57
1377703451, 51.54
1377703456, 51.54
1377703461, 51.54
1377703466, 51.54
1377703471, 51.54
1377703476, 51.57
1377703481, 51.54
1377703486, 51.57
1377703491, 51.54
1377703496, 51.57
1377703501, 51.54
1377703506, 51.57
1377703511, 51.54
1377703516, 51.54
1377703521, 51.54
1377703526, 51.54
1377703531, 51.54
1377703536, 51.54
1377703541, 51.57
1377703546, 51.54
1377703551, 51.54
1377703556, 51.54
1377703561, 51.54
1377703566, 51.54
1377703571, 51.54
1377703576, 51.57
1377703581, 51.54
1377703586, 51.57
1377703591, 51.54
1377703596, 51.54
1377703601, 51.54
1377703606, 51.54
1377703611, 51.57
1377703616, 51.54
1377703621, 51.54
1377703626, 51.57
1377703631, 51.54
1377703636, 51.54
1377703641, 51.54
1377703646, 51.57
1377703651, 51.54
1377703656, 51.54
1377703661, 51.57
1377703666, 51.54
1377703671, 51.54
1377703676, 51.54
1377703681, 51.54
1377703686, 51.54
1377703691, 51.54
1377703696, 51.54
1377703701, 51.54
1377703706, 51.54
1377703711, 51.54
1377703716, 51.54
1377703721, 51.54
1377703726, 51.54
1377703731, 51.54
1377703736, 51.57
1377703741, 51.54
1377703746, 51.57
1377703751, 51.57
1377703756, 51.57
1377703761, 51.57
1377703766, 51.54
1377703771, 51.54
1377703776, 51.57
1377703781, 51.57
1377703786, 51.54
1377703791, 51.57
1377703796, 51.57
1377703801, 51.57
1377703806, 51.57
1377703811, 51.54
1377703816, 51.54
1377703821, 51.57
1377703826, 51.57
1377703831, 51.54
1377703836, 51.54
1377703841, 51.57
1377703846, 51.57
1377703851, 51.54
1377703856, 51.57
1377703861, 51.54
1377703866, 51.57
1377703871, 51.54
1377703876, 51.57
1377703881, 51.57
1377703886, 51.54
1377703891, 51.54
1377703896, 51.54
1377703901, 51.54
1377703906, 51.54
1377703911, 51.57
1377703916, 51.57
1377703921, 51.54
1377703926, 51.54
1377703931, 51.57
1377703936, 51.57
1377703941, 51.57
1377703946, 51.57
1377703951, 51.57
1377703956, 51.57
1377703961, 51.57
1377703966, 51.57
1377703971, 51.57
1377703976, 51.54
1377703981, 51.54
1377703986, 51.57
1377703991, 51.54
1377703996, 51.54
1377704001, 51.54
1377704006, 51.57
1377704011, 51.57
1377704016, 51.57
1377704021, 51.57
1377704026, 51.54
1377704031, 51.57
1377704036, 51.54
1377704041, 51.54
1377704046, 51.54
1377704051, 51.54
1377704056, 51.54
1377704061, 51.57
1377704066, 51.57
1377704071, 51.54
1377704076, 51.54
1377704081, 51.57
1377704086, 51.54
1377704091, 51.54
1377704096, 51.54
1377704101, 51.54
1377704106, 51.57
1377704111, 51.57
1377704116, 51.54
1377704121, 51.57
1377704126, 51.57
1377704131, 51.57
1377704136, 51.57
1377704141, 51.57
1377704146, 51.57
1377704151, 51.54
1377704156, 51.57
1377704161, 51.57
1377704166, 51.57
1377704171, 51.57
1377704176, 51.54
1377704181, 51.57
1377704186, 51.57
1377704191, 51.54
1377704196, 51.54
1377704201, 51.54
1377704206, 51.54
1377704211, 51.54
1377704216, 51.60
1377704221, 51.54
1377704226, 51.54
1377704231, 51.54
1377704236, 51.57
1377704241, 51.54
1377704246, 51.54
1377704251, 51.54
1377704256, 51.54
1377704261, 51.54
1377704266, 51.57
1377704271, 51.54
1377704276, 51.54
1377704281, 51.57
1377704286, 51.57
1377704291, 51.57
1377704296, 51.57
1377704301, 51.54
1377704306, 51.57
1377704311, 51.54
1377704316, 51.54
1377704321, 51.57
1377704326, 51.54
1377704331, 51.54
1377704336, 51.54
1377704341, 51.57
1377704346, 51.57
1377704351, 51.54
1377704356, 51.54
1377704361, 51.54
1377704366, 51.57
1377704371, 51.54
1377704376, 51.54
1377704381, 51.54
1377704386, 51.54
1377704391, 51.54
1377704396, 51.57
1377704401, 51.57
1377704406, 51.57
1377704411, 51.57
1377704416, 51.57
1377704421, 51.54
1377704426, 51.57
1377704431, 51.54
1377704436, 51.57
1377704441, 51.54
1377704446, 51.57
1377704451, 51.54
1377704456, 51.54
1377704461, 51.54
1377704466, 51.57
1377704471, 51.54
1377704476, 51.54
1377704481, 51.54
1377704486, 51.54
1377704491, 51.54
1377704496, 51.54
1377704501, 51.54
1377704506, 51.54
1377704511, 51.54
1377704516, 51.54
1377704521, 51.54
1377704526, 51.54
1377704531, 51.54
1377704536, 51.54
1377704541, 51.54
1377704546, 51.57
1377704551, 51.54
1377704556, 51.54
1377704561, 51.57
1377704566, 51.54
1377704571, 51.54
1377704576, 51.54
1377704581, 51.57
1377704586, 51.54
1377704591, 51.54
1377704596, 51.54
1377704601, 51.54
1377704606, 51.54
1377704611, 51.54
1377704616, 51.54
1377704621, 51.54
1377704626, 51.54
1377704631, 51.54
1377704636, 51.54
1377704641, 51.54
1377704646, 51.54
1377704651, 51.54
1377704656, 51.54
1377704661, 51.54
1377704666, 51.54
1377704671, 51.54
1377704676, 51.54
1377704681, 51.54
1377704686, 51.54
1377704691, 51.54
1377704696, 51.54
1377704701, 51.54
1377704706, 51.51
1377704711, 51.54
1377704716, 51.54
1377704721, 51.54
1377704726, 51.54
1377704731, 51.54
1377704736, 51.54
1377704741, 51.54
1377704746, 51.54
1377704751, 51.54
1377704756, 51.54
1377704761, 51.54
1377704766, 51.54
1377704771, 51.54
1377704776, 51.54
1377704781, 51.54
1377704786, 51.54
1377704791, 51.54
1377704796, 51.54
1377704801, 51.54
1377704806, 51.54
1377704811, 51.54
1377704816, 51.54
1377704821, 51.54
1377704826, 51.54
1377704831, 51.54
1377704836, 51.54
1377704841, 51.54
1377704846, 51.54
1377704851, 51.54
1377704856, 51.54
1377704861, 51.54
1377704866, 51.54
1377704871, 51.54
1377704876, 51.54
1377704881, 51.54
1377704886, 51.54
1377704891, 51.54
1377704896, 51.54
1377704901, 51.54
1377704906, 51.54
1377704911, 51.54
1377704916, 51.54
1377704921, 51.54
1377704926, 51.54
1377704931, 51.54
1377704936, 51.54
1377704941, 51.54
1377704946, 51.54
1377704951, 51.54
1377704956, 51.54
1377704961, 51.57
1377704966, 51.54
1377704971, 51.54
1377704976, 51.54
1377704981, 51.54
1377704986, 51.54
1377704991, 51.54
1377704996, 51.54
1377705001, 51.54
1377705006, 51.54
1377705011, 51.54
1377705016, 51.57
1377705021, 51.54
1377705026, 51.54
1377705031, 51.54
1377705036, 51.57
1377705041, 51.57
1377705046, 51.57
1377705051, 51.57
1377705056, 51.54
1377705061, 51.54
1377705066, 51.57
1377705071, 51.54
1377705076, 51.57
1377705081, 51.54
1377705086, 51.57
1377705091, 51.54
1377705096, 51.54
1377705101, 51.54
1377705106, 51.54
1377705111, 51.54
1377705116, 51.57
1377705121, 51.54
1377705126, 51.54
1377705131, 51.54
1377705136, 51.54
1377705141, 51.57
1377705146, 51.54
1377705151, 51.57
1377705156, 51.54
1377705161, 51.57
1377705166, 51.57
1377705171, 51.54
1377705176, 51.54
1377705181, 51.57
1377705186, 51.54
1377705191, 51.57
1377705196, 51.57
1377705201, 51.57
1377705206, 51.54
1377705211, 51.54
1377705216, 51.57
1377705221, 51.57
1377705226, 51.57
1377705231, 51.57
1377705236, 51.54
1377705241, 51.57
1377705246, 51.54
1377705251, 51.54
1377705256, 51.54
1377705261, 51.54
1377705266, 51.54
1377705271, 51.57
1377705276, 51.54
1377705281, 51.54
1377705286, 51.57
1377705291, 51.54
1377705296, 51.57
1377705301, 51.54
1377705306, 51.54
1377705311, 51.54
1377705316, 51.54
1377705321, 51.54
1377705326, 51.54
1377705331, 51.57
1377705336, 51.54
1377705341, 51.54
1377705346, 51.54
1377705351, 51.54
1377705356, 51.54
1377705361, 51.54
1377705366, 51.54
1377705371, 51.54
1377705376, 51.57
1377705381, 51.54
1377705386, 51.54
1377705391, 51.54
1377705396, 51.57
1377705401, 51.54
1377705406, 51.54
1377705411, 51.54
1377705416, 51.54
1377705421, 51.57
1377705426, 51.57
1377705431, 51.54
1377705436, 51.54
1377705441, 51.54
1377705446, 51.54
1377705451, 51.54
1377705456, 51.57
1377705461, 51.54
1377705466, 51.54
1377705471, 51.54
1377705476, 51.54
1377705481, 51.54
1377705486, 51.54
1377705491, 51.57
1377705496, 51.54
1377705501, 51.54
1377705506, 51.54
1377705511, 51.54
1377705516, 51.54
1377705521, 51.54
1377705526, 51.54
1377705531, 51.54
1377705536, 51.54
1377705541, 51.57
1377705546, 51.57
1377705551, 51.54
1377705556, 51.57
1377705561, 51.54
1377705566, 51.54
1377705571, 51.54
1377705576, 51.54
1377705581, 51.54
1377705586, 51.54
1377705591, 51.54
1377705596, 51.54
1377705601, 51.54
1377705606, 51.57
1377705611, 51.54
1377705616, 51.57
1377705621, 51.57
1377705626, 51.57
1377705631, 51.54
1377705636, 51.54
1377705641, 51.54
1377705646, 51.57
1377705651, 51.54
1377705656, 51.57
1377705661, 51.57
1377705666, 51.54
1377705671, 51.57
1377705676, 51.57
1377705681, 51.57
1377705686, 51.54
1377705691, 51.57
1377705696, 51.54
1377705701, 51.54
1377705706, 51.54
1377705711, 51.57
1377705716, 51.54
1377705721, 51.54
1377705726, 51.57
1377705731, 51.54
1377705736, 51.54
1377705741, 51.57
1377705746, 51.54
1377705751, 51.57
1377705756, 51.57
1377705761, 51.54
1377705766, 51.54
1377705771, 51.57
1377705776, 51.54
1377705781, 51.57
1377705786, 51.54
1377705791, 51.57
1377705796, 51.57
1377705801, 51.57
1377705806, 51.57
1377705811, 51.57
1377705816, 51.57
1377705821, 51.57
1377705826, 51.57
1377705831, 51.54
1377705836, 51.57
1377705841, 51.57
1377705846, 51.57
1377705851, 51.57
1377705856, 51.57
1377705861, 51.57
1377705866, 51.54
1377705871, 51.57
1377705876, 51.57
1377705881, 51.57
1377705886, 51.57
1377705891, 51.57
1377705896, 51.57
1377705901, 51.57
1377705906, 51.57
1377705911, 51.57
1377705916, 51.57
1377705921, 51.57
1377705926, 51.57
1377705931, 51.57
1377705936, 51.57
1377705941, 51.57
1377705946, 51.54
1377705951, 51.57
1377705956, 51.57
1377705961, 51.57
1377705966, 51.54
1377705971, 51.57
1377705976, 51.57
1377705981, 51.57
1377705986, 51.57
1377705991, 51.57
1377705996, 51.57
1377706001, 51.57
1377706006, 51.57
1377706011, 51.54
1377706016, 51.57
1377706021, 51.60
1377706026, 51.57
1377706031, 51.57
1377706036, 51.54
1377706041, 51.60
1377706046, 51.57
1377706051, 51.57
1377706056, 51.57
1377706061, 51.57
1377706066, 51.57
1377706071, 51.57
1377706076, 51.54
1377706081, 51.57
1377706086, 51.57
1377706091, 51.57
1377706096, 51.60
1377706101, 51.57
1377706106, 51.60
1377706111, 51.57
1377706116, 51.57
1377706121, 51.54
1377706126, 51.57
1377706131, 51.57
1377706136, 51.57
1377706141, 51.57
1377706146, 51.57
1377706151, 51.57
1377706156, 51.60
1377706161, 51.57
1377706166, 51.57
1377706171, 51.57
1377706176, 51.57
1377706181, 51.57
1377706186, 51.57
1377706191, 51.60
1377706196, 51.57
1377706201, 51.57
1377706206, 51.60
1377706211, 51.57
1377706216, 51.57
1377706221, 51.57
1377706226, 51.57
1377706231, 51.57
1377706236, 51.60
1377706241, 51.57
1377706246, 51.57
1377706251, 51.57
1377706256, 51.60
1377706261, 51.57
1377706266, 51.60
1377706271, 51.60
1377706276, 51.57
1377706281, 51.60
1377706286, 51.57
1377706291, 51.57
1377706296, 51.60
1377706301, 51.60
1377706306, 51.57
1377706311, 51.60
1377706316, 51.60
1377706321, 51.60
1377706326, 51.60
1377706331, 51.57
1377706336, 51.60
1377706341, 51.57
1377706346, 51.60
1377706351, 51.60
1377706356, 51.60
1377706361, 51.60
1377706366, 51.60
1377706371, 51.60
1377706376, 51.60
1377706381, 51.60
1377706386, 51.60
1377706391, 51.60
1377706396, 51.60
1377706401, 51.60
1377706406, 51.60
1377706411, 51.60
1377706416, 51.60
1377706421, 51.60
1377706426, 51.60
1377706431, 51.60
1377706436, 51.60
1377706441, 51.60
1377706446, 51.60
1377706451, 51.60
1377706456, 51.60
1377706461, 51.60
1377706466, 51.60
1377706471, 51.57
1377706476, 51.60
1377706481, 51.60
1377706486, 51.60
1377706491, 51.60
1377706496, 51.60
1377706501, 51.60
1377706506, 51.60
1377706511, 51.60
1377706516, 51.60
1377706521, 51.60
1377706526, 51.60
1377706531, 51.60
1377706536, 51.60
1377706541, 51.60
1377706546, 51.60
1377706551, 51.60
1377706556, 51.60
1377706561, 51.60
1377706566, 51.60
1377706571, 51.60
1377706576, 51.60
1377706581, 51.60
1377706586, 51.60
1377706591, 51.60
1377706596, 51.60
1377706601, 51.60
1377706606, 51.60
1377706611, 51.60
1377706616, 51.60
1377706621, 51.60
1377706626, 51.60
1377706631, 51.60
1377706636, 51.63
1377706641, 51.60
1377706646, 51.60
1377706651, 51.60
1377706656, 51.60
1377706661, 51.60
1377706666, 51.63
1377706671, 51.60
1377706676, 51.60
1377706681, 51.60
1377706686, 51.60
1377706691, 51.60
1377706696, 51.63
1377706701, 51.60
1377706706, 51.60
1377706711, 51.60
1377706716, 51.60
1377706721, 51.60
1377706726, 51.60
1377706731, 51.63
1377706736, 51.60
1377706741, 51.60
1377706746, 51.60
1377706751, 51.60
1377706756, 51.60
1377706761, 51.60
1377706766, 51.60
1377706771, 51.60
1377706776, 51.60
1377706781, 51.60
1377706786, 51.60
1377706791, 51.60
1377706796, 51.60
1377706801, 51.57
1377706806, 51.60
1377706811, 51.60
1377706816, 51.60
1377706821, 51.60
1377706826, 51.60
1377706831, 51.60
1377706836, 51.60
1377706841, 51.60
1377706846, 51.60
1377706851, 51.60
1377706856, 51.60
1377706861, 51.60
1377706866, 51.60
1377706871, 51.60
1377706876, 51.60
1377706881, 51.60
1377706886, 51.60
1377706891, 51.60
1377706896, 51.60
1377706901, 51.60
1377706906, 51.60
1377706911, 51.60
1377706916, 51.60
1377706921, 51.60
1377706926, 51.60
1377706931, 51.60
1377706936, 51.60
1377706941, 51.60
1377706946, 51.60
1377706951, 51.60
1377706956, 51.60
1377706961, 51.60
1377706966, 51.60
1377706971, 51.60
1377706976, 51.60
1377706981, 51.60
1377706986, 51.57
1377706991, 51.60
1377706996, 51.60
1377707001, 51.57
1377707006, 51.60
1377707011, 51.57
1377707016, 51.60
1377707021, 51.60
1377707026, 51.60
1377707031, 51.60
1377707036, 51.57
1377707041, 51.60
1377707046, 51.60
1377707051, 51.57
1377707056, 51.60
1377707061, 51.60
1377707066, 51.60
1377707071, 51.60
1377707076, 51.60
1377707081, 51.57
1377707086, 51.57
1377707091, 51.57
1377707096, 51.57
1377707101, 51.60
1377707106, 51.60
1377707111, 51.60
1377707116, 51.60
1377707121, 51.57
1377707126, 51.60
1377707131, 51.57
1377707136, 51.57
1377707141, 51.57
1377707146, 51.60
1377707151, 51.60
1377707156, 51.57
1377707161, 51.60
1377707166, 51.57
1377707171, 51.57
1377707176, 51.57
1377707181, 51.57
1377707186, 51.57
1377707191, 51.60
1377707196, 51.60
1377707201, 51.57
1377707206, 51.60
1377707211, 51.60
1377707216, 51.57
1377707221, 51.57
1377707226, 51.57
1377707231, 51.60
1377707236, 51.57
1377707241, 51.60
1377707246, 51.57
1377707251, 51.57
1377707256, 51.57
1377707261, 51.57
1377707266, 51.60
1377707271, 51.57
1377707276, 51.60
1377707281, 51.57
1377707286, 51.60
1377707291, 51.57
1377707296, 51.60
1377707301, 51.60
1377707306, 51.57
1377707311, 51.60
1377707316, 51.60
1377707321, 51.57
1377707326, 51.60
1377707331, 51.60
1377707336, 51.60
1377707341, 51.57
1377707346, 51.60
1377707351, 51.60
1377707356, 51.57
1377707361, 51.60
1377707366, 51.60
1377707371, 51.60
1377707376, 51.60
1377707381, 51.60
1377707386, 51.60
1377707391, 51.60
1377707396, 51.60
1377707401, 51.60
1377707406, 51.60
1377707411, 51.60
1377707416, 51.60
1377707421, 51.60
1377707426, 51.60
1377707431, 51.60
1377707436, 51.60
1377707441, 51.60
1377707446, 51.60
1377707451, 51.60
1377707456, 51.60
1377707461, 51.60
1377707466, 51.60
1377707471, 51.60
1377707476, 51.60
1377707481, 51.60
1377707486, 51.60
1377707491, 51.60
1377707496, 51.60
1377707501, 51.57
1377707506, 51.60
1377707511, 51.60
1377707516, 51.60
1377707521, 51.60
1377707526, 51.60
1377707531, 51.60
1377707536, 51.60
1377707541, 51.60
1377707546, 51.60
1377707551, 51.60
1377707556, 51.60
1377707561, 51.60
1377707566, 51.63
1377707571, 51.60
1377707576, 51.60
1377707581, 51.60
1377707586, 51.60
1377707591, 51.60
1377707596, 51.60
1377707601, 51.60
1377707606, 51.60
1377707611, 51.60
1377707616, 51.60
1377707621, 51.60
1377707626, 51.60
1377707631, 51.60
1377707636, 51.60
1377707641, 51.60
1377707646, 51.60
1377707651, 51.60
1377707656, 51.60
1377707661, 51.60
1377707666, 51.60
1377707671, 51.60
1377707676, 51.60
1377707681, 51.60
1377707686, 51.60
1377707691, 51.60
1377707696, 51.60
1377707701, 51.60
1377707706, 51.60
1377707711, 51.60
1377707716, 51.63
1377707721, 51.60
1377707726, 51.60
1377707731, 51.60
1377707736, 51.60
1377707741, 51.63
1377707746, 51.60
1377707751, 51.60
1377707756, 51.60
1377707761, 51.60
1377707766, 51.60
1377707771, 51.60
1377707776, 51.60
1377707781, 51.60
1377707786, 51.60
1377707791, 51.60
1377707796, 51.60
1377707801, 51.60
1377707806, 51.60
1377707811, 51.60
1377707816, 51.60
1377707821, 51.60
1377707826, 51.60
1377707831, 51.60
1377707836, 51.60
1377707841, 51.63
1377707846, 51.60
1377707851, 51.60
1377707856, 51.60
1377707861, 51.63
1377707866, 51.63
1377707871, 51.60
1377707876, 51.63
1377707881, 51.63
1377707886, 51.63
1377707891, 51.63
1377707896, 51.60
1377707901, 51.60
1377707906, 51.63
1377707911, 51.63
1377707916, 51.63
1377707921, 51.60
1377707926, 51.60
1377707931, 51.60
1377707936, 51.60
1377707941, 51.60
1377707946, 51.63
1377707951, 51.60
1377707956, 51.60
1377707961, 51.60
1377707966, 51.60
1377707971, 51.63
1377707976, 51.63
1377707981, 51.60
1377707986, 51.60
1377707991, 51.60
1377707996, 51.60
1377708001, 51.60
1377708006, 51.60
1377708011, 51.63
1377708016, 51.60
1377708021, 51.60
1377708026, 51.60
1377708031, 51.63
1377708036, 51.60
1377708041, 51.60
1377708046, 51.60
1377708051, 51.60
1377708056, 51.63
1377708061, 51.60
1377708066, 51.60
1377708071, 51.63
1377708076, 51.60
1377708081, 51.63
1377708086, 51.60
1377708091, 51.60
1377708096, 51.60
1377708101, 51.60
1377708106, 51.60
1377708111, 51.60
1377708116, 51.60
1377708121, 51.60
1377708126, 51.60
1377708131, 51.63
1377708136, 51.60
1377708141, 51.60
1377708146, 51.60
1377708151, 51.60
1377708156, 51.60
1377708161, 51.60
1377708166, 51.60
1377708171, 51.60
1377708176, 51.60
1377708181, 51.60
1377708186, 51.60
1377708191, 51.60
1377708196, 51.60
1377708201, 51.60
1377708206, 51.60
1377708211, 51.60
1377708216, 51.60
1377708221, 51.60
1377708226, 51.60
1377708231, 51.60
1377708236, 51.60
1377708241, 51.60
1377708246, 51.60
1377708251, 51.60
1377708256, 51.60
1377708261, 51.60
1377708266, 51.60
1377708271, 51.60
1377708276, 51.60
1377708281, 51.60
1377708286, 51.60
1377708291, 51.60
1377708296, 51.60
1377708301, 51.60
1377708306, 51.57
1377708311, 51.60
1377708316, 51.60
1377708321, 51.60
1377708326, 51.60
1377708331, 51.60
1377708336, 51.60
1377708341, 51.60
1377708346, 51.60
1377708351, 51.60
1377708356, 51.60
1377708361, 51.60
1377708366, 51.60
1377708371, 51.60
1377708376, 51.60
1377708381, 51.60
1377708386, 51.60
1377708391, 51.60
1377708396, 51.60
1377708401, 51.60
1377708406, 51.60
1377708411, 51.60
1377708416, 51.60
1377708421, 51.60
1377708426, 51.63
1377708431, 51.60
1377708436, 51.60
1377708441, 51.60
1377708446, 51.63
1377708451, 51.60
1377708456, 51.60
1377708461, 51.60
1377708466, 51.60
1377708471, 51.60
1377708476, 51.63
1377708481, 51.60
1377708486, 51.63
1377708491, 51.60
1377708496, 51.60
1377708501, 51.60
1377708506, 51.60
1377708511, 51.60
1377708516, 51.60
1377708521, 51.60
1377708526, 51.60
1377708531, 51.60
1377708536, 51.60
1377708541, 51.60
1377708546, 51.60
1377708551, 51.60
1377708556, 51.60
1377708561, 51.60
1377708566, 51.60
1377708571, 51.60
1377708576, 51.60
1377708581, 51.63
1377708586, 51.60
1377708591, 51.60
1377708596, 51.60
1377708601, 51.60
1377708606, 51.60
1377708611, 51.60
1377708616, 51.60
1377708621, 51.63
1377708626, 51.60
1377708631, 51.60
1377708636, 51.60
1377708641, 51.60
1377708646, 51.60
1377708651, 51.60
1377708656, 51.63
1377708661, 51.63
1377708666, 51.60
1377708671, 51.60
1377708676, 51.60
1377708681, 51.60
1377708686, 51.60
1377708691, 51.60
1377708696, 51.60
1377708701, 51.60
1377708706, 51.60
1377708711, 51.63
1377708716, 51.60
1377708721, 51.60
1377708726, 51.60
1377708731, 51.60
1377708736, 51.60
1377708741, 51.60
1377708746, 51.63
1377708751, 51.60
1377708756, 51.60
1377708761, 51.60
1377708766, 51.60
1377708771, 51.63
1377708776, 51.60
1377708781, 51.63
1377708786, 51.63
1377708791, 51.63
1377708796, 51.60
1377708801, 51.60
1377708806, 51.63
1377708811, 51.60
1377708816, 51.60
1377708821, 51.60
1377708826, 51.60
1377708831, 51.60
1377708836, 51.63
1377708841, 51.63
1377708846, 51.60
1377708851, 51.63
1377708856, 51.63
1377708861, 51.60
1377708866, 51.63
1377708871, 51.60
1377708876, 51.60
1377708881, 51.60
1377708886, 51.60
1377708891, 51.60
1377708896, 51.63
1377708901, 51.63
1377708906, 51.63
1377708911, 51.63
1377708916, 51.60
1377708921, 51.63
1377708926, 51.60
1377708931, 51.63
1377708936, 51.63
1377708941, 51.60
1377708946, 51.63
1377708951, 51.63
1377708956, 51.63
1377708961, 51.60
1377708966, 51.63
1377708971, 51.60
1377708976, 51.60
1377708981, 51.63
1377708986, 51.63
1377708991, 51.63
1377708996, 51.63
1377709001, 51.60
1377709006, 51.63
1377709011, 51.63
1377709016, 51.63
1377709021, 51.60
1377709026, 51.60
1377709031, 51.63
1377709036, 51.63
1377709041, 51.60
1377709046, 51.63
1377709051, 51.63
1377709056, 51.63
1377709061, 51.63
1377709066, 51.63
1377709071, 51.60
1377709076, 51.63
1377709081, 51.63
1377709086, 51.60
1377709091, 51.63
1377709096, 51.63
1377709101, 51.63
1377709106, 51.63
1377709111, 51.63
1377709116, 51.63
1377709121, 51.63
1377709126, 51.60
1377709131, 51.63
1377709136, 51.63
1377709141, 51.60
1377709146, 51.63
1377709151, 51.63
1377709156, 51.63
1377709161, 51.63
1377709166, 51.63
1377709171, 51.63
1377709176, 51.63
1377709181, 51.63
1377709186, 51.63
1377709191, 51.63
1377709196, 51.63
1377709201, 51.63
1377709206, 51.63
1377709211, 51.63
1377709216, 51.60
1377709221, 51.60
1377709226, 51.60
1377709231, 51.60
1377709236, 51.60
1377709241, 51.63
1377709246, 51.60
1377709251, 51.63
1377709256, 51.63
1377709261, 51.63
1377709266, 51.63
1377709271, 51.63
1377709276, 51.63
1377709281, 51.60
1377709286, 51.60
1377709291, 51.63
1377709296, 51.63
1377709301, 51.63
1377709306, 51.63
1377709311, 51.63
1377709316, 51.60
1377709321, 51.60
1377709326, 51.63
1377709331, 51.60
1377709336, 51.60
1377709341, 51.60
1377709346, 51.60
1377709351, 51.63
1377709356, 51.63
1377709361, 51.60
1377709366, 51.60
1377709371, 51.60
1377709376, 51.63
1377709381, 51.60
1377709386, 51.60
1377709391, 51.60
1377709396, 51.60
1377709401, 51.60
1377709406, 51.60
1377709411, 51.63
1377709416, 51.60
1377709421, 51.60
1377709426, 51.60
1377709431, 51.60
1377709436, 51.63
1377709441, 51.60
1377709446, 51.60
1377709451, 51.60
1377709456, 51.60
1377709461, 51.60
1377709466, 51.60
1377709471, 51.60
1377709476, 51.60
1377709481, 51.63
1377709486, 51.60
1377709491, 51.60
1377709496, 51.63
1377709501, 51.60
1377709506, 51.60
1377709511, 51.60
1377709516, 51.60
1377709521, 51.63
1377709526, 51.60
1377709531, 51.60
1377709536, 51.63
1377709541, 51.60
1377709546, 51.63
1377709551, 51.60
1377709556, 51.60
1377709561, 51.63
1377709566, 51.60
1377709571, 51.63
1377709576, 51.60
1377709581, 51.60
1377709586, 51.60
1377709591, 51.60
1377709596, 51.63
1377709601, 51.63
1377709606, 51.63
1377709611, 51.63
1377709616, 51.63
1377709621, 51.63
1377709626, 51.63
1377709631, 51.63
1377709636, 51.63
1377709641, 51.63
1377709646, 51.60
1377709651, 51.60
1377709656, 51.60
1377709661, 51.60
1377709666, 51.60
1377709671, 51.60
1377709676, 51.60
1377709681, 51.63
1377709686, 51.63
1377709691, 51.60
1377709696, 51.63
1377709701, 51.63
1377709706, 51.63
1377709711, 51.63
1377709716, 51.63
1377709721, 51.63
1377709726, 51.63
1377709731, 51.63
1377709736, 51.63
1377709741, 51.60
1377709746, 51.60
1377709751, 51.63
1377709756, 51.63
1377709761, 51.63
1377709766, 51.63
1377709771, 51.63
1377709776, 51.63
1377709781, 51.63
1377709786, 51.63
1377709791, 51.63
1377709796, 51.60
1377709801, 51.63
1377709806, 51.63
1377709811, 51.63
1377709816, 51.63
1377709821, 51.63
1377709826, 51.60
1377709831, 51.63
1377709836, 51.63
1377709841, 51.63
1377709846, 51.63
1377709851, 51.67
1377709856, 51.63
1377709861, 51.63
1377709866, 51.63
1377709871, 51.63
1377709876, 51.63
1377709881, 51.63
1377709886, 51.63
1377709891, 51.67
1377709896, 51.63
1377709901, 51.63
1377709906, 51.63
1377709911, 51.63
1377709916, 51.67
1377709921, 51.63
1377709926, 51.67
1377709931, 51.63
1377709936, 51.63
1377709941, 51.63
1377709946, 51.63
1377709951, 51.67
1377709956, 51.67
1377709961, 51.67
1377709966, 51.63
1377709971, 51.67
1377709976, 51.67
1377709981, 51.63
1377709986, 51.63
1377709991, 51.67
1377709996, 51.67
1377710001, 51.67
1377710006, 51.63
1377710011, 51.67
1377710016, 51.63
1377710021, 51.67
1377710026, 51.67
1377710031, 51.63
1377710036, 51.67
1377710041, 51.67
1377710046, 51.67
1377710051, 51.67
1377710056, 51.67
1377710061, 51.67
1377710066, 51.67
1377710071, 51.67
1377710076, 51.67
1377710081, 51.67
1377710086, 51.67
1377710091, 51.67
1377710096, 51.67
1377710101, 51.67
1377710106, 51.63
1377710111, 51.67
1377710116, 51.67
1377710121, 51.67
1377710126, 51.67
1377710131, 51.67
1377710136, 51.70
1377710141, 51.67
1377710146, 51.67
1377710151, 51.67
1377710156, 51.67
1377710161, 51.67
1377710166, 51.67
1377710171, 51.67
1377710176, 51.67
1377710181, 51.67
1377710186, 51.67
1377710191, 51.67
1377710196, 51.67
1377710201, 51.67
1377710206, 51.67
1377710211, 51.67
1377710216, 51.67
1377710221, 51.67
1377710226, 51.67
1377710231, 51.67
1377710236, 51.67
1377710241, 51.67
1377710246, 51.67
1377710251, 51.67
1377710256, 51.67
1377710261, 51.67
1377710266, 51.67
1377710271, 51.67
1377710276, 51.67
1377710281, 51.67
1377710286, 51.67
1377710291, 51.67
1377710296, 51.67
1377710301, 51.67
1377710306, 51.67
1377710311, 51.67
1377710316, 51.67
1377710321, 51.67
1377710326, 51.67
1377710331, 51.67
1377710336, 51.67
1377710341, 51.67
1377710346, 51.67
1377710351, 51.67
1377710356, 51.67
1377710361, 51.67
1377710366, 51.67
1377710371, 51.67
1377710376, 51.67
1377710381, 51.67
1377710386, 51.67
1377710391, 51.67
1377710396, 51.67
1377710401, 51.67
1377710406, 51.67
1377710411, 51.67
1377710416, 51.67
1377710421, 51.67
1377710426, 51.67
1377710431, 51.67
1377710436, 51.67
1377710441, 51.67
1377710446, 51.67
1377710451, 51.67
1377710456, 51.67
1377710461, 51.67
1377710466, 51.67
1377710471, 51.70
1377710476, 51.67
1377710481, 51.67
1377710486, 51.67
1377710491, 51.67
1377710496, 51.67
1377710501, 51.67
1377710506, 51.67
1377710511, 51.70
1377710516, 51.67
1377710521, 51.67
1377710526, 51.67
1377710531, 51.67
1377710536, 51.67
1377710541, 51.67
1377710546, 51.70
1377710551, 51.67
1377710556, 51.67
1377710561, 51.67
1377710566, 51.70
1377710571, 51.67
1377710576, 51.70
1377710581, 51.67
1377710586, 51.67
1377710591, 51.70
1377710596, 51.70
1377710601, 51.70
1377710606, 51.70
1377710611, 51.70
1377710616, 51.67
1377710621, 51.67
1377710626, 51.70
1377710631, 51.70
1377710636, 51.70
1377710641, 51.67
1377710646, 51.70
1377710651, 51.70
1377710656, 51.70
1377710661, 51.70
1377710666, 51.70
1377710671, 51.67
1377710676, 51.70
1377710681, 51.70
1377710686, 51.70
1377710691, 51.70
1377710696, 51.70
1377710701, 51.70
1377710706, 51.70
1377710711, 51.70
1377710716, 51.70
1377710721, 51.70
1377710726, 51.70
1377710731, 51.70
1377710736, 51.70
1377710741, 51.70
1377710746, 51.70
1377710751, 51.70
1377710756, 51.73
1377710761, 51.70
1377710766, 51.70
1377710771, 51.70
1377710776, 51.70
1377710781, 51.73
1377710786, 51.70
1377710791, 51.70
1377710796, 51.70
1377710801, 51.70
1377710806, 51.73
1377710811, 51.70
1377710816, 51.70
1377710821, 51.70
1377710826, 51.70
1377710831, 51.70
1377710836, 51.70
1377710841, 51.73
1377710846, 51.70
1377710851, 51.70
1377710856, 51.73
1377710861, 51.70
1377710866, 51.70
1377710871, 51.70
1377710876, 51.70
1377710881, 51.70
1377710886, 51.70
1377710891, 51.73
1377710896, 51.73
1377710901, 51.70
1377710906, 51.70
1377710911, 51.73
1377710916, 51.70
1377710921, 51.73
1377710926, 51.70
1377710931, 51.70
1377710936, 51.73
1377710941, 51.70
1377710946, 51.73
1377710951, 51.70
1377710956, 51.73
1377710961, 51.73
1377710966, 51.70
1377710971, 51.70
1377710976, 51.73
1377710981, 51.70
1377710986, 51.73
1377710991, 51.73
1377710996, 51.73
1377711001, 51.70
1377711006, 51.70
1377711011, 51.73
1377711016, 51.73
1377711021, 51.70
1377711026, 51.70
1377711031, 51.73
1377711036, 51.73
1377711041, 51.73
1377711046, 51.73
1377711051, 51.73
1377711056, 51.73
1377711061, 51.73
1377711066, 51.73
1377711071, 51.73
1377711076, 51.70
1377711081, 51.73
1377711086, 51.73
1377711091, 51.73
1377711096, 51.73
1377711101, 51.73
1377711106, 51.73
1377711111, 51.73
1377711116, 51.73
1377711121, 51.76
1377711126, 51.73
1377711131, 51.73
1377711136, 51.73
1377711141, 51.73
1377711146, 51.73
1377711151, 51.73
1377711156, 51.73
1377711161, 51.73
1377711166, 51.73
1377711171, 51.73
1377711176, 51.73
1377711181, 51.73
1377711186, 51.73
1377711191, 51.73
1377711196, 51.73
1377711201, 51.73
1377711206, 51.73
1377711211, 51.76
1377711216, 51.76
1377711221, 51.73
1377711226, 51.73
1377711231, 51.76
1377711236, 51.76
1377711241, 51.76
1377711246, 51.73
1377711251, 51.73
1377711256, 51.73
1377711261, 51.76
1377711266, 51.76
1377711271, 51.76
1377711276, 51.76
1377711281, 51.76
1377711286, 51.76
1377711291, 51.76
1377711296, 51.76
1377711301, 51.76
1377711306, 51.76
1377711311, 51.76
1377711316, 51.73
1377711321, 51.76
1377711326, 51.76
1377711331, 51.76
1377711336, 51.76
1377711341, 51.76
1377711346, 51.76
1377711351, 51.76
1377711356, 51.76
1377711361, 51.76
1377711366, 51.76
1377711371, 51.76
1377711376, 51.76
1377711381, 51.79
1377711386, 51.79
1377711391, 51.76
1377711396, 51.76
1377711401, 51.76
1377711406, 51.76
1377711411, 51.79
1377711416, 51.76
1377711421, 51.79
1377711426, 51.76
1377711431, 51.76
1377711436, 51.79
1377711441, 51.79
1377711446, 51.76
1377711451, 51.76
1377711456, 51.76
1377711461, 51.79
1377711466, 51.76
1377711471, 51.76
1377711476, 51.76
1377711481, 51.79
1377711486, 51.76
1377711491, 51.76
1377711496, 51.79
1377711501, 51.79
1377711506, 51.79
1377711511, 51.79
1377711516, 51.79
1377711521, 51.79
1377711526, 51.79
1377711531, 51.79
1377711536, 51.79
1377711541, 51.79
1377711546, 51.79
1377711551, 51.79
1377711556, 51.79
1377711561, 51.79
1377711566, 51.79
1377711571, 51.79
1377711576, 51.79
1377711581, 51.79
1377711586, 51.79
1377711591, 51.79
1377711596, 51.79
1377711601, 51.79
1377711606, 51.79
1377711611, 51.79
1377711616, 51.79
1377711621, 51.79
1377711626, 51.79
1377711631, 51.79
1377711636, 51.79
1377711641, 51.79
1377711646, 51.79
1377711651, 51.79
1377711656, 51.79
1377711661, 51.79
1377711666, 51.79
1377711671, 51.79
1377711676, 51.79
1377711681, 51.79
1377711686, 51.79
1377711691, 51.79
1377711696, 51.83
1377711701, 51.79
1377711706, 51.79
1377711711, 51.79
1377711716, 51.83
1377711721, 51.79
1377711726, 51.79
1377711731, 51.83
1377711736, 51.79
1377711741, 51.79
1377711746, 51.79
1377711751, 51.79
1377711756, 51.79
1377711761, 51.79
1377711766, 51.79
1377711771, 51.79
1377711776, 51.83
1377711781, 51.83
1377711786, 51.79
1377711791, 51.79
1377711796, 51.79
1377711801, 51.83
1377711806, 51.79
1377711811, 51.79
1377711816, 51.79
1377711821, 51.83
1377711826, 51.83
1377711831, 51.79
1377711836, 51.83
1377711841, 51.79
1377711846, 51.79
1377711851, 51.79
1377711856, 51.79
1377711861, 51.83
1377711866, 51.83
1377711871, 51.83
1377711876, 51.79
1377711881, 51.79
1377711886, 51.83
1377711891, 51.83
1377711896, 51.83
1377711901, 51.79
1377711906, 51.79
1377711911, 51.83
1377711916, 51.79
1377711921, 51.79
1377711926, 51.83
1377711931, 51.83
1377711936, 51.79
1377711941, 51.83
1377711946, 51.83
1377711951, 51.83
1377711956, 51.83
1377711961, 51.83
1377711966, 51.79
1377711971, 51.83
1377711976, 51.79
1377711981, 51.83
1377711986, 51.83
1377711991, 51.83
1377711996, 51.79
1377712001, 51.86
1377712006, 51.83
1377712011, 51.83
1377712016, 51.79
1377712021, 51.83
1377712026, 51.83
1377712031, 51.83
1377712036, 51.83
1377712041, 51.83
1377712046, 51.83
1377712051, 51.83
1377712056, 51.83
1377712061, 51.83
1377712066, 51.83
1377712071, 51.83
1377712076, 51.83
1377712081, 51.83
1377712086, 51.83
1377712091, 51.83
1377712096, 51.83
1377712101, 51.83
1377712106, 51.83
1377712111, 51.83
1377712116, 51.83
1377712121, 51.83
1377712126, 51.83
1377712131, 51.83
1377712136, 51.83
1377712141, 51.83
1377712146, 51.83
1377712151, 51.83
1377712156, 51.86
1377712161, 51.86
1377712166, 51.83
1377712171, 51.83
1377712176, 51.83
1377712181, 51.83
1377712186, 51.83
1377712191, 51.83
1377712196, 51.86
1377712201, 51.86
1377712206, 51.83
1377712211, 51.83
1377712216, 51.83
1377712221, 51.83
1377712226, 51.83
1377712231, 51.83
1377712236, 51.86
1377712241, 51.83
1377712246, 51.83
1377712251, 51.83
1377712256, 51.83
1377712261, 51.83
1377712266, 51.83
1377712271, 51.83
1377712276, 51.83
1377712281, 51.83
1377712286, 51.83
1377712291, 51.83
1377712296, 51.86
1377712301, 51.83
1377712306, 51.83
1377712311, 51.86
1377712316, 51.83
1377712321, 51.83
1377712326, 51.83
1377712331, 51.83
1377712336, 51.83
1377712341, 51.83
1377712346, 51.83
1377712351, 51.83
1377712356, 51.83
1377712361, 51.83
1377712366, 51.83
1377712371, 51.83
1377712376, 51.86
1377712381, 51.83
1377712386, 51.86
1377712391, 51.83
1377712396, 51.83
1377712401, 51.83
1377712406, 51.83
1377712411, 51.83
1377712416, 51.83
1377712421, 51.83
1377712426, 51.83
1377712431, 51.86
1377712436, 51.86
1377712441, 51.83
1377712446, 51.86
1377712451, 51.83
1377712456, 51.83
1377712461, 51.83
1377712466, 51.86
1377712471, 51.83
1377712476, 51.83
1377712481, 51.86
1377712486, 51.83
1377712491, 51.83
1377712496, 51.83
1377712501, 51.83
1377712506, 51.86
1377712511, 51.86
1377712516, 51.83
1377712521, 51.83
1377712526, 51.83
1377712531, 51.86
1377712536, 51.86
1377712541, 51.83
1377712546, 51.83
1377712551, 51.83
1377712556, 51.83
1377712561, 51.83
1377712566, 51.86
1377712571, 51.83
1377712576, 51.83
1377712581, 51.86
1377712586, 51.83
1377712591, 51.83
1377712596, 51.86
1377712601, 51.86
1377712606, 51.86
1377712611, 51.86
1377712616, 51.83
1377712621, 51.86
1377712626, 51.86
1377712631, 51.83
1377712636, 51.86
1377712641, 51.86
1377712646, 51.86
1377712651, 51.86
1377712656, 51.86
1377712661, 51.86
1377712666, 51.86
1377712671, 51.86
1377712676, 51.83
1377712681, 51.86
1377712686, 51.86
1377712691, 51.86
1377712696, 51.83
1377712701, 51.86
1377712706, 51.86
1377712711, 51.86
1377712716, 51.83
1377712721, 51.83
1377712726, 51.83
1377712731, 51.86
1377712736, 51.86
1377712741, 51.86
1377712746, 51.86
1377712751, 51.83
1377712756, 51.86
1377712761, 51.83
1377712766, 51.86
1377712771, 51.86
1377712776, 51.86
1377712781, 51.86
1377712786, 51.86
1377712791, 51.86
1377712796, 51.86
1377712801, 51.86
1377712806, 51.86
1377712811, 51.86
1377712816, 51.83
1377712821, 51.86
1377712826, 51.86
1377712831, 51.86
1377712836, 51.86
1377712841, 51.86
1377712846, 51.86
1377712851, 51.86
1377712856, 51.86
1377712861, 51.86
1377712866, 51.86
1377712871, 51.86
1377712876, 51.86
1377712881, 51.86
1377712886, 51.86
1377712891, 51.86
1377712896, 51.86
1377712901, 51.83
1377712906, 51.86
1377712911, 51.86
1377712916, 51.86
1377712921, 51.86
1377712926, 51.86
1377712931, 51.86
1377712936, 51.86
1377712941, 51.86
1377712946, 51.86
1377712951, 51.86
1377712956, 51.86
1377712961, 51.86
1377712966, 51.86
1377712971, 51.86
1377712976, 51.86
1377712981, 51.86
1377712986, 51.86
1377712991, 51.86
1377712996, 51.86
1377713001, 51.86
1377713006, 51.86
1377713011, 51.86
1377713016, 51.86
1377713021, 51.86
1377713026, 51.86
1377713031, 51.86
1377713036, 51.86
1377713041, 51.86
1377713046, 51.86
1377713051, 51.86
1377713056, 51.86
1377713061, 51.86
1377713066, 51.86
1377713071, 51.86
1377713076, 51.86
1377713081, 51.86
1377713086, 51.86
1377713091, 51.86
1377713096, 51.86
1377713101, 51.86
1377713106, 51.86
1377713111, 51.86
1377713116, 51.86
1377713121, 51.86
1377713126, 51.86
1377713131, 51.86
1377713136, 51.86
1377713141, 51.86
1377713146, 51.86
1377713151, 51.86
1377713156, 51.86
1377713161, 51.86
1377713166, 51.86
1377713171, 51.86
1377713176, 51.86
1377713181, 51.86
1377713186, 51.86
1377713191, 51.86
1377713195, 51.86
1377713201, 51.86
1377713206, 51.86
1377713211, 51.86
1377713216, 51.86
1377713221, 51.86
1377713226, 51.86
1377713231, 51.86
1377713236, 51.86
1377713241, 51.86
1377713246, 51.86
1377713251, 51.86
1377713256, 51.86
1377713261, 51.86
1377713266, 51.86
1377713270, 51.86
1377713276, 51.86
1377713281, 51.86
1377713286, 51.86
1377713291, 51.86
1377713296, 51.86
1377713300, 51.86
1377713305, 51.86
1377713311, 51.86
1377713316, 51.86
1377713321, 51.86
1377713325, 51.86
1377713331, 51.86
1377713336, 51.89
1377713341, 51.89
1377713346, 51.86
1377713351, 51.86
1377713355, 51.86
1377713360, 51.86
1377713366, 51.86
1377713371, 51.86
1377713376, 51.86
1377713381, 51.86
1377713386, 51.86
1377713391, 51.86
1377713396, 51.86
1377713401, 51.89
1377713406, 51.86
1377713410, 51.86
1377713416, 51.86
1377713421, 51.86
1377713426, 51.86
1377713431, 51.86
1377713435, 51.86
1377713441, 51.86
1377713446, 51.86
1377713450, 51.86
1377713455, 51.86
1377713460, 51.86
1377713466, 51.86
1377713471, 51.89
1377713476, 51.86
1377713481, 51.89
1377713485, 51.89
1377713490, 51.89
1377713496, 51.86
1377713500, 51.86
1377713505, 51.86
1377713510, 51.89
1377713516, 51.89
1377713521, 51.86
1377713525, 51.86
1377713530, 51.86
1377713535, 51.86
1377713540, 51.89
1377713545, 51.86
1377713551, 51.86
1377713555, 51.86
1377713560, 51.86
1377713565, 51.89
1377713570, 51.86
1377713576, 51.89
1377713580, 51.86
1377713585, 51.89
1377713590, 51.86
1377713595, 51.89
1377713601, 51.89
1377713606, 51.86
1377713610, 51.89
1377713616, 51.86
1377713620, 51.86
1377713626, 51.86
1377713630, 51.89
1377713635, 51.86
1377713640, 51.86
1377713646, 51.86
1377713651, 51.89
1377713655, 51.89
1377713660, 51.89
1377713665, 51.89
1377713670, 51.86
1377713675, 51.89
1377713680, 51.89
1377713685, 51.89
1377713690, 51.86
1377713695, 51.89
1377713700, 51.86
1377713705, 51.86
1377713710, 51.86
1377713715, 51.86
1377713721, 51.89
1377713725, 51.89
1377713730, 51.86
1377713735, 51.89
1377713740, 51.86
1377713745, 51.89
1377713750, 51.86
1377713755, 51.89
1377713760, 51.86
1377713765, 51.86
1377713770, 51.86
1377713775, 51.86
1377713780, 51.89
1377713785, 51.89
1377713791, 51.89
1377713795, 51.89
1377713800, 51.86
1377713805, 51.86
1377713810, 51.86
1377713815, 51.89
1377713820, 51.86
1377713825, 51.86
1377713830, 51.89
1377713835, 51.89
1377713840, 51.86
1377713845, 51.89
1377713850, 51.89
1377713855, 51.89
1377713860, 51.86
1377713865, 51.89
1377713870, 51.89
1377713875, 51.89
1377713880, 51.89
1377713885, 51.89
1377713890, 51.89
1377713895, 51.86
1377713900, 51.89
1377713905, 51.89
1377713910, 51.86
1377713915, 51.89
1377713920, 51.86
1377713925, 51.89
1377713930, 51.89
1377713936, 51.86
1377713940, 51.86
1377713945, 51.89
1377713950, 51.89
1377713955, 51.89
1377713960, 51.89
1377713965, 51.89
1377713970, 51.89
1377713975, 51.86
1377713980, 51.89
1377713985, 51.89
1377713991, 51.89
1377713995, 51.89
1377714000, 51.89
1377714005, 51.89
1377714010, 51.86
1377714015, 51.89
1377714020, 51.92
1377714025, 51.89
1377714030, 51.89
1377714035, 51.89
1377714040, 51.89
1377714045, 51.89
1377714050, 51.89
1377714055, 51.89
1377714060, 51.86
1377714065, 51.89
1377714070, 51.92
1377714075, 51.89
1377714080, 51.86
1377714085, 51.89
1377714090, 51.89
1377714095, 51.89
1377714100, 51.89
1377714105, 51.89
1377714110, 51.89
1377714115, 51.89
1377714120, 51.92
1377714125, 51.89
1377714130, 51.86
1377714135, 51.89
1377714140, 51.89
1377714145, 51.89
1377714150, 51.89
1377714155, 51.89
1377714160, 51.89
1377714165, 51.89
1377714170, 51.89
1377714175, 51.89
1377714180, 51.89
1377714185, 51.86
1377714190, 51.89
1377714195, 51.89
1377714200, 51.92
1377714205, 51.89
1377714210, 51.89
1377714215, 51.89
1377714220, 51.92
1377714225, 51.89
1377714230, 51.89
1377714235, 51.86
1377714240, 51.89
1377714245, 51.89
1377714250, 51.89
1377714255, 51.89
1377714260, 51.89
1377714265, 51.89
1377714270, 51.89
1377714275, 51.86
1377714280, 51.89
1377714285, 51.92
1377714290, 51.89
1377714295, 51.89
1377714300, 51.92
1377714305, 51.89
1377714310, 51.89
1377714315, 51.89
1377714320, 51.92
1377714325, 51.86
1377714330, 51.89
1377714335, 51.89
1377714340, 51.89
1377714345, 51.92
1377714350, 51.89
1377714355, 51.89
1377714360, 51.92
1377714365, 51.89
1377714371, 51.89
1377714375, 51.89
1377714380, 51.89
1377714385, 51.89
1377714390, 51.89
1377714395, 51.89
1377714400, 51.92
1377714405, 51.89
1377714410, 51.89
1377714415, 51.92
1377714420, 51.89
1377714425, 51.89
1377714430, 51.86
1377714435, 51.89
1377714440, 51.92
1377714445, 51.89
1377714450, 51.89
1377714455, 51.92
1377714460, 51.89
1377714465, 51.92
1377714470, 51.92
1377714475, 51.92
1377714480, 51.92
1377714485, 51.89
1377714490, 51.89
1377714495, 51.89
1377714500, 51.89
1377714505, 51.89
1377714510, 51.89
1377714515, 51.92
1377714520, 51.92
1377714525, 51.92
1377714530, 51.92
1377714535, 51.92
1377714540, 51.89
1377714545, 51.89
1377714550, 51.89
1377714555, 51.89
1377714560, 51.92
1377714565, 51.89
1377714570, 51.89
1377714575, 51.89
1377714580, 51.89
1377714585, 51.92
1377714590, 51.89
1377714595, 51.89
1377714600, 51.92
1377714605, 51.92
1377714610, 51.92
1377714615, 51.92
1377714620, 51.92
1377714625, 51.92
1377714630, 51.92
1377714635, 51.89
1377714640, 51.92
1377714645, 51.92
1377714650, 51.92
1377714655, 51.89
1377714660, 51.89
1377714665, 51.89
1377714670, 51.92
1377714675, 51.92
1377714680, 51.92
1377714685, 51.92
1377714690, 51.92
1377714695, 51.92
1377714700, 51.92
1377714705, 51.89
1377714710, 51.92
1377714715, 51.92
1377714720, 51.92
1377714725, 51.92
1377714730, 51.92
1377714735, 51.92
1377714740, 51.92
1377714745, 51.92
1377714750, 51.89
1377714755, 51.92
1377714760, 51.92
1377714765, 51.92
1377714770, 51.92
1377714775, 51.92
1377714780, 51.92
1377714785, 51.92
1377714790, 51.92
1377714795, 51.92
1377714800, 51.92
1377714805, 51.92
1377714810, 51.92
1377714815, 51.92
1377714820, 51.92
1377714825, 51.89
1377714830, 51.92
1377714835, 51.89
1377714840, 51.92
1377714845, 51.89
1377714850, 51.92
1377714855, 51.92
1377714860, 51.92
1377714865, 51.92
1377714870, 51.92
1377714875, 51.92
1377714880, 51.92
1377714885, 51.92
1377714890, 51.92
1377714895, 51.92
1377714900, 51.92
1377714905, 51.92
1377714910, 51.92
1377714915, 51.92
1377714920, 51.92
1377714925, 51.92
1377714930, 51.92
1377714935, 51.92
1377714940, 51.92
1377714945, 51.92
1377714950, 51.92
1377714955, 51.92
1377714960, 51.92
1377714965, 51.92
1377714970, 51.92
1377714975, 51.92
1377714980, 51.92
1377714985, 51.92
1377714990, 51.92
1377714995, 51.92
1377715000, 51.92
1377715005, 51.89
1377715010, 51.92
1377715015, 51.92
1377715020, 51.92
1377715025, 51.92
1377715030, 51.92
1377715035, 51.92
1377715040, 51.92
1377715045, 51.92
1377715050, 51.92
1377715055, 51.92
1377715060, 51.92
1377715065, 51.92
1377715070, 51.92
1377715075, 51.92
1377715080, 51.92
1377715085, 51.92
1377715090, 51.92
1377715095, 51.92
1377715100, 51.92
1377715105, 51.92
1377715110, 51.92
1377715115, 51.92
1377715120, 51.92
1377715125, 51.92
1377715130, 51.92
1377715135, 51.92
1377715140, 51.92
1377715145, 51.92
1377715150, 51.92
1377715155, 51.92
1377715160, 51.92
1377715165, 51.92
1377715170, 51.92
1377715175, 51.92
1377715180, 51.92
1377715185, 51.92
1377715190, 51.92
1377715195, 51.92
1377715200, 51.92
1377715205, 51.92
1377715210, 51.92
1377715215, 51.92
1377715220, 51.92
1377715225, 51.92
1377715230, 51.92
1377715235, 51.89
1377715240, 51.92
1377715245, 51.92
1377715250, 51.92
1377715255, 51.92
1377715260, 51.92
1377715265, 51.92
1377715270, 51.92
1377715275, 51.92
1377715280, 51.92
1377715285, 51.92
1377715290, 51.95
1377715295, 51.92
1377715300, 51.92
1377715305, 51.95
1377715310, 51.92
1377715315, 51.92
1377715320, 51.95
1377715325, 51.92
1377715330, 51.92
1377715335, 51.92
1377715340, 51.92
1377715345, 51.95
1377715350, 51.95
1377715355, 51.92
1377715360, 51.95
1377715365, 51.92
1377715370, 51.92
1377715375, 51.95
1377715380, 51.92
1377715385, 51.92
1377715390, 51.92
1377715395, 51.92
1377715400, 51.92
1377715405, 51.92
1377715410, 51.92
1377715415, 51.92
1377715420, 51.92
1377715425, 51.92
1377715430, 51.92
1377715435, 51.92
1377715440, 51.92
1377715445, 51.92
1377715450, 51.92
1377715455, 51.92
1377715460, 51.92
1377715465, 51.95
1377715470, 51.92
1377715475, 51.92
1377715480, 51.92
1377715485, 51.92
1377715490, 51.92
1377715495, 51.92
1377715500, 51.92
1377715505, 51.92
1377715510, 51.92
1377715515, 51.92
1377715520, 51.92
1377715525, 51.92
1377715530, 51.92
1377715535, 51.92
1377715540, 51.92
1377715545, 51.95
1377715550, 51.92
1377715555, 51.92
1377715560, 51.92
1377715565, 51.92
1377715570, 51.92
1377715575, 51.95
1377715580, 51.92
1377715585, 51.95
1377715590, 51.95
1377715595, 51.95
1377715600, 51.92
1377715605, 51.95
1377715610, 51.95
1377715615, 51.92
1377715620, 51.92
1377715625, 51.95
1377715630, 51.92
1377715635, 51.92
1377715640, 51.95
1377715645, 51.92
1377715650, 51.95
1377715655, 51.95
1377715660, 51.92
1377715665, 51.95
1377715670, 51.95
1377715675, 51.95
1377715680, 51.95
1377715685, 51.95
1377715690, 51.95
1377715695, 51.95
1377715700, 51.92
1377715705, 51.92
1377715710, 51.92
1377715715, 51.95
1377715720, 51.95
1377715725, 51.92
1377715730, 51.95
1377715735, 51.95
1377715740, 51.95
1377715745, 51.95
1377715750, 51.95
1377715755, 51.95
1377715760, 51.95
1377715765, 51.95
1377715770, 51.95
1377715775, 51.95
1377715780, 51.95
1377715785, 51.95
1377715790, 51.95
1377715795, 51.95
1377715800, 51.95
1377715805, 51.95
1377715810, 51.95
1377715815, 51.95
1377715820, 51.95
1377715825, 51.95
1377715830, 51.95
1377715836, 51.95
1377715840, 51.95
1377715845, 51.95
1377715850, 51.95
1377715855, 51.95
1377715861, 51.95
1377715865, 51.95
1377715870, 51.95
1377715875, 51.95
1377715880, 51.95
1377715885, 51.98
1377715890, 51.95
1377715895, 51.95
1377715900, 51.98
1377715905, 51.95
1377715910, 51.95
1377715915, 51.98
1377715920, 51.98
1377715925, 51.95
1377715930, 51.95
1377715935, 51.95
1377715940, 51.95
1377715945, 51.98
1377715950, 51.95
1377715955, 51.95
1377715960, 51.95
1377715965, 51.98
1377715970, 51.95
1377715975, 51.98
1377715980, 51.95
1377715985, 51.95
1377715991, 51.98
1377715996, 51.98
1377716006, 51.98
1377716010, 51.98
1377716015, 51.98
1377716020, 51.95
1377716025, 51.95
1377716030, 51.98
1377716035, 51.98
1377716040, 51.98
1377716045, 51.98
1377716050, 51.98
1377716055, 51.98
1377716060, 51.98
1377716065, 51.98
1377716070, 51.98
1377716075, 51.98
1377716080, 51.98
1377716085, 51.98
1377716090, 51.98
1377716095, 51.98
1377716100, 51.98
1377716105, 51.98
1377716110, 51.98
1377716115, 51.98
1377716120, 51.98
1377716125, 51.98
1377716130, 51.98
1377716135, 51.98
1377716141, 51.98
1377716145, 51.98
1377716150, 51.98
1377716155, 51.98
1377716160, 51.98
1377716165, 51.98
1377716170, 51.98
1377716175, 51.98
1377716180, 51.98
1377716185, 51.98
1377716190, 51.98
1377716195, 51.98
1377716200, 51.98
1377716205, 51.98
1377716210, 51.98
1377716215, 51.98
1377716220, 51.98
1377716225, 51.98
1377716230, 51.98
1377716235, 51.98
1377716240, 51.98
1377716245, 51.98
1377716250, 51.98
1377716255, 51.98
1377716260, 51.98
1377716265, 51.98
1377716270, 51.98
1377716275, 51.98
1377716280, 51.98
1377716285, 52.02
1377716290, 52.02
1377716295, 52.02
1377716300, 51.98
1377716305, 51.98
1377716310, 51.98
1377716315, 51.98
1377716320, 51.98
1377716325, 52.02
1377716330, 52.02
1377716335, 51.98
1377716340, 51.98
1377716345, 51.98
1377716350, 51.98
1377716355, 52.02
1377716360, 52.02
1377716365, 51.98
1377716370, 52.02
1377716375, 51.98
1377716380, 51.98
1377716385, 52.02
1377716390, 52.02
1377716395, 51.98
1377716400, 51.98
1377716405, 52.02
1377716410, 51.98
1377716415, 52.02
1377716420, 51.98
1377716425, 51.98
1377716430, 51.98
1377716435, 51.98
1377716440, 51.98
1377716445, 51.98
1377716450, 51.98
1377716455, 52.02
1377716460, 52.02
1377716465, 52.02
1377716470, 52.02
1377716475, 52.02
1377716480, 51.98
1377716485, 52.02
1377716490, 52.02
1377716495, 52.02
1377716500, 52.02
1377716505, 52.02
1377716510, 52.02
1377716515, 52.02
1377716520, 52.02
1377716525, 52.02
1377716530, 52.02
1377716535, 52.05
1377716540, 52.02
1377716545, 52.02
1377716550, 52.02
1377716555, 52.02
1377716560, 52.02
1377716565, 52.02
1377716570, 52.02
1377716576, 52.02
1377716580, 52.02
1377716585, 52.02
1377716590, 52.02
1377716595, 52.02
1377716600, 52.02
1377716605, 52.02
1377716610, 52.02
1377716615, 52.02
1377716620, 52.02
1377716625, 52.02
1377716630, 52.05
1377716635, 52.02
1377716640, 52.05
1377716645, 52.02
1377716650, 52.02
1377716655, 52.05
1377716660, 52.05
1377716665, 52.02
1377716670, 52.02
1377716675, 52.02
1377716680, 52.02
1377716685, 52.02
1377716690, 52.02
1377716695, 52.05
1377716700, 52.05
1377716705, 52.05
1377716710, 52.02
1377716715, 52.02
1377716720, 52.02
1377716725, 52.02
1377716730, 52.02
1377716735, 52.02
1377716740, 52.02
1377716745, 52.02
1377716750, 52.02
1377716755, 52.02
1377716760, 52.02
1377716765, 52.05
1377716770, 52.02
1377716775, 52.05
1377716780, 52.05
1377716785, 52.02
1377716790, 52.02
1377716795, 52.02
1377716800, 52.05
1377716805, 52.02
1377716810, 52.02
1377716815, 52.05
1377716820, 52.05
1377716825, 52.02
1377716830, 52.05
1377716835, 52.05
1377716840, 52.05
1377716845, 52.05
1377716850, 52.02
1377716855, 52.02
1377716860, 52.02
1377716865, 52.05
1377716870, 52.05
1377716875, 52.05
1377716880, 52.05
1377716885, 52.05
1377716890, 52.05
1377716895, 52.05
1377716900, 52.05
1377716905, 52.05
1377716910, 52.05
1377716915, 52.02
1377716920, 52.05
1377716925, 52.05
1377716930, 52.05
1377716935, 52.05
1377716940, 52.05
1377716945, 52.02
1377716950, 52.05
1377716955, 52.05
1377716960, 52.05
1377716965, 52.05
1377716970, 52.05
1377716975, 52.05
1377716980, 52.05
1377716985, 52.05
1377716990, 52.05
1377716995, 52.05
1377717000, 52.02
1377717005, 52.05
1377717010, 52.05
1377717015, 52.05
1377717020, 52.05
1377717025, 52.05
1377717030, 52.05
1377717035, 52.05
1377717040, 52.05
1377717045, 52.05
1377717050, 52.02
1377717055, 52.05
1377717060, 52.02
1377717065, 52.05
1377717070, 52.05
1377717075, 52.05
1377717080, 52.05
1377717085, 52.05
1377717090, 52.05
1377717095, 52.02
1377717100, 52.05
1377717105, 52.05
1377717110, 52.05
1377717115, 52.05
1377717120, 52.05
1377717125, 52.05
1377717130, 52.05
1377717135, 52.05
1377717140, 52.05
1377717145, 52.05
1377717150, 52.05
1377717155, 52.02
1377717160, 52.05
1377717165, 52.05
1377717170, 52.05
1377717175, 52.05
1377717180, 52.05
1377717185, 52.02
1377717190, 52.05
1377717195, 52.05
1377717200, 52.05
1377717205, 52.05
1377717210, 52.05
1377717215, 52.05
1377717220, 52.05
1377717225, 52.05
1377717230, 52.05
1377717235, 52.05
1377717240, 52.05
1377717245, 52.05
1377717250, 52.05
1377717255, 52.05
1377717260, 52.05
1377717265, 52.05
1377717270, 52.05
1377717275, 52.05
1377717280, 52.05
1377717285, 52.05
1377717290, 52.05
1377717295, 52.05
1377717300, 52.05
1377717305, 52.05
1377717310, 52.05
1377717315, 52.05
1377717320, 52.05
1377717325, 52.05
1377717330, 52.05
1377717335, 52.08
1377717340, 52.05
1377717345, 52.05
1377717350, 52.05
1377717355, 52.05
1377717360, 52.05
1377717365, 52.05
1377717370, 52.05
1377717375, 52.05
1377717380, 52.05
1377717385, 52.05
1377717390, 52.05
1377717395, 52.05
1377717400, 52.05
1377717405, 52.05
1377717410, 52.05
1377717415, 52.08
1377717420, 52.08
1377717425, 52.08
1377717430, 52.05
1377717435, 52.05
1377717440, 52.05
1377717445, 52.05
1377717450, 52.05
1377717455, 52.05
1377717460, 52.08
1377717465, 52.05
1377717470, 52.05
1377717475, 52.08
1377717480, 52.05
1377717485, 52.05
1377717490, 52.05
1377717495, 52.05
1377717502, 52.08
1377717507, 52.08
1377717510, 52.08
1377717515, 52.08
1377717520, 52.08
1377717525, 52.05
1377717530, 52.05
1377717535, 52.08
1377717540, 52.05
1377717545, 52.08
1377717550, 52.08
1377717555, 52.08
1377717560, 52.08
1377717565, 52.08
1377717570, 52.08
1377717576, 52.08
1377717580, 52.08
1377717585, 52.11
1377717590, 52.11
1377717595, 52.08
1377717600, 52.08
1377717605, 52.08
1377717610, 52.08
1377717615, 52.11
1377717620, 52.08
1377717625, 52.11
1377717630, 52.08
1377717635, 52.11
1377717640, 52.11
1377717645, 52.11
1377717650, 52.08
1377717655, 52.11
1377717660, 52.11
1377717665, 52.11
1377717670, 52.08
1377717675, 52.11
1377717680, 52.11
1377717685, 52.08
1377717690, 52.11
1377717695, 52.11
1377717700, 52.11
1377717705, 52.11
1377717710, 52.11
1377717715, 52.11
1377717720, 52.11
1377717725, 52.11
1377717730, 52.11
1377717735, 52.11
1377717740, 52.11
1377717745, 52.11
1377717750, 52.11
1377717755, 52.11
1377717760, 52.11
1377717765, 52.11
1377717770, 52.11
1377717775, 52.11
1377717780, 52.14
1377717785, 52.11
1377717790, 52.11
1377717795, 52.11
1377717800, 52.11
1377717805, 52.11
1377717810, 52.11
1377717815, 52.11
1377717820, 52.14
1377717825, 52.11
1377717830, 52.11
1377717835, 52.14
1377717840, 52.11
1377717845, 52.11
1377717850, 52.11
1377717855, 52.11
1377717860, 52.14
1377717865, 52.11
1377717870, 52.11
1377717875, 52.14
1377717880, 52.11
1377717885, 52.11
1377717890, 52.11
1377717895, 52.14
1377717900, 52.14
1377717905, 52.14
1377717910, 52.14
1377717915, 52.14
1377717920, 52.14
1377717925, 52.14
1377717930, 52.18
1377717935, 52.14
1377717940, 52.14
1377717945, 52.14
1377717950, 52.14
1377717955, 52.14
1377717960, 52.14
1377717965, 52.14
1377717970, 52.14
1377717975, 52.18
1377717980, 52.14
1377717985, 52.14
1377717990, 52.18
1377717995, 52.14
1377718000, 52.14
1377718005, 52.14
1377718010, 52.14
1377718015, 52.18
1377718020, 52.14
1377718025, 52.14
1377718030, 52.18
1377718035, 52.14
1377718040, 52.14
1377718045, 52.14
1377718050, 52.14
1377718056, 52.18
1377718060, 52.14
1377718065, 52.14
1377718070, 52.18
1377718075, 52.14
1377718080, 52.18
1377718085, 52.14
1377718090, 52.18
1377718095, 52.18
1377718100, 52.14
1377718105, 52.18
1377718110, 52.18
1377718115, 52.18
1377718120, 52.18
1377718125, 52.14
1377718130, 52.14
1377718135, 52.18
1377718140, 52.14
1377718145, 52.18
1377718150, 52.18
1377718155, 52.18
1377718160, 52.14
1377718165, 52.14
1377718170, 52.14
1377718175, 52.18
1377718180, 52.14
1377718185, 52.14
1377718190, 52.18
1377718195, 52.18
1377718200, 52.14
1377718205, 52.18
1377718210, 52.14
1377718215, 52.14
1377718220, 52.18
1377718225, 52.18
1377718230, 52.14
1377718235, 52.18
1377718240, 52.18
1377718245, 52.18
1377718250, 52.18
1377718255, 52.14
1377718260, 52.18
1377718265, 52.18
1377718270, 52.18
1377718275, 52.14
1377718280, 52.14
1377718285, 52.18
1377718290, 52.14
1377718295, 52.18
1377718300, 52.18
1377718305, 52.18
1377718310, 52.14
1377718315, 52.14
1377718320, 52.18
1377718325, 52.18
1377718330, 52.18
1377718335, 52.18
1377718340, 52.18
1377718345, 52.18
1377718350, 52.18
1377718355, 52.18
1377718360, 52.18
1377718365, 52.18
1377718370, 52.18
1377718375, 52.18
1377718380, 52.18
1377718385, 52.18
1377718390, 52.14
1377718395, 52.14
1377718400, 52.18
1377718405, 52.18
1377718410, 52.18
1377718415, 52.18
1377718420, 52.18
1377718425, 52.18
1377718430, 52.18
1377718435, 52.14
1377718440, 52.18
1377718445, 52.18
1377718450, 52.14
1377718455, 52.18
1377718460, 52.18
1377718465, 52.18
1377718470, 52.18
1377718475, 52.18
1377718480, 52.18
1377718485, 52.18
1377718490, 52.18
1377718495, 52.18
1377718500, 52.18
1377718505, 52.18
1377718510, 52.18
1377718515, 52.18
1377718520, 52.18
1377718525, 52.18
1377718530, 52.18
1377718535, 52.18
1377718540, 52.18
1377718545, 52.18
1377718550, 52.18
1377718555, 52.18
1377718560, 52.18
1377718565, 52.18
1377718570, 52.18
1377718575, 52.18
1377718580, 52.18
1377718585, 52.18
1377718590, 52.18
1377718595, 52.18
1377718600, 52.18
1377718605, 52.18
1377718610, 52.18
1377718615, 52.18
1377718620, 52.18
1377718625, 52.18
1377718630, 52.18
1377718635, 52.18
1377718640, 52.14
1377718645, 52.18
1377718650, 52.18
1377718655, 52.18
1377718660, 52.18
1377718665, 52.18
1377718670, 52.18
1377718675, 52.18
1377718680, 52.18
1377718685, 52.18
1377718690, 52.14
1377718695, 52.18
1377718700, 52.18
1377718705, 52.14
1377718710, 52.18
1377718716, 52.18
1377718720, 52.18
1377718725, 52.14
1377718730, 52.18
1377718735, 52.18
1377718740, 52.18
1377718745, 52.18
1377718750, 52.18
1377718755, 52.18
1377718760, 52.18
1377718765, 52.18
1377718770, 52.18
1377718775, 52.18
1377718780, 52.18
1377718785, 52.18
1377718790, 52.18
1377718795, 52.18
1377718800, 52.18
1377718805, 52.18
1377718810, 52.18
1377718815, 52.18
1377718820, 52.14
1377718825, 52.18
1377718830, 52.18
1377718835, 52.18
1377718840, 52.18
1377718845, 52.18
1377718850, 52.18
1377718855, 52.18
1377718860, 52.18
1377718865, 52.18
1377718870, 52.14
1377718875, 52.14
1377718880, 52.18
1377718885, 52.14
1377718890, 52.18
1377718895, 52.18
1377718900, 52.18
1377718905, 52.18
1377718910, 52.18
1377718915, 52.18
1377718920, 52.18
1377718925, 52.18
1377718930, 52.18
1377718935, 52.14
1377718940, 52.18
1377718945, 52.18
1377718950, 52.18
1377718955, 52.18
1377718960, 52.18
1377718965, 52.18
1377718970, 52.18
1377718975, 52.18
1377718980, 52.18
1377718985, 52.18
1377718990, 52.18
1377718995, 52.18
1377719000, 52.18
1377719005, 52.18
1377719010, 52.18
1377719015, 52.18
1377719020, 52.18
1377719025, 52.18
1377719030, 52.18
1377719035, 52.18
1377719040, 52.18
1377719045, 52.18
1377719050, 52.18
1377719055, 52.18
1377719060, 52.18
1377719065, 52.18
1377719070, 52.18
1377719075, 52.18
1377719080, 52.18
1377719085, 52.18
1377719090, 52.18
1377719095, 52.18
1377719100, 52.18
1377719105, 52.18
1377719110, 52.18
1377719115, 52.18
1377719120, 52.18
1377719125, 52.18
1377719130, 52.18
1377719135, 52.18
1377719140, 52.18
1377719145, 52.18
1377719150, 52.18
1377719155, 52.18
1377719160, 52.18
1377719165, 52.18
1377719170, 52.18
1377719175, 52.18
1377719180, 52.18
1377719185, 52.18
1377719190, 52.18
1377719195, 52.18
1377719200, 52.18
1377719205, 52.18
1377719210, 52.18
1377719215, 52.18
1377719220, 52.18
1377719225, 52.18
1377719230, 52.21
1377719235, 52.18
1377719240, 52.18
1377719245, 52.18
1377719250, 52.18
1377719255, 52.18
1377719260, 52.18
1377719265, 52.18
1377719270, 52.18
1377719275, 52.18
1377719280, 52.18
1377719285, 52.18
1377719290, 52.18
1377719295, 52.18
1377719300, 52.18
1377719305, 52.18
1377719310, 52.21
1377719315, 52.18
1377719320, 52.18
1377719325, 52.18
1377719330, 52.18
1377719335, 52.21
1377719340, 52.18
1377719345, 52.18
1377719350, 52.18
1377719355, 52.18
1377719360, 52.18
1377719365, 52.18
1377719370, 52.18
1377719375, 52.18
1377719380, 52.18
1377719385, 52.18
1377719390, 52.18
1377719395, 52.18
1377719400, 52.18
1377719405, 52.18
1377719410, 52.18
1377719415, 52.18
1377719420, 52.18
1377719425, 52.18
1377719430, 52.18
1377719435, 52.18
1377719440, 52.21
1377719445, 52.21
1377719450, 52.18
1377719455, 52.21
1377719461, 52.21
1377719465, 52.18
1377719470, 52.21
1377719475, 52.18
1377719480, 52.18
1377719485, 52.18
1377719490, 52.21
1377719495, 52.21
1377719500, 52.18
1377719505, 52.21
1377719510, 52.18
1377719515, 52.21
1377719520, 52.21
1377719525, 52.21
1377719530, 52.18
1377719535, 52.21
1377719540, 52.21
1377719545, 52.21
1377719550, 52.21
1377719555, 52.21
1377719560, 52.21
1377719565, 52.18
1377719570, 52.21
1377719575, 52.21
1377719580, 52.24
1377719585, 52.21
1377719590, 52.21
1377719595, 52.21
1377719600, 52.21
1377719605, 52.21
1377719610, 52.21
1377719615, 52.21
1377719620, 52.24
1377719625, 52.21
1377719630, 52.21
1377719635, 52.24
1377719640, 52.21
1377719645, 52.21
1377719650, 52.21
1377719655, 52.21
1377719660, 52.21
1377719665, 52.21
1377719670, 52.24
1377719675, 52.21
1377719680, 52.24
1377719685, 52.21
1377719690, 52.24
1377719695, 52.21
1377719700, 52.21
1377719705, 52.24
1377719710, 52.24
1377719715, 52.24
1377719720, 52.24
1377719725, 52.21
1377719730, 52.21
1377719735, 52.24
1377719740, 52.24
1377719745, 52.24
1377719750, 52.24
1377719755, 52.21
1377719760, 52.24
1377719765, 52.24
1377719770, 52.24
1377719775, 52.24
1377719780, 52.24
1377719785, 52.21
1377719790, 52.24
1377719795, 52.24
1377719800, 52.24
1377719805, 52.24
1377719810, 52.24
1377719815, 52.24
1377719820, 52.24
1377719825, 52.24
1377719830, 52.24
1377719835, 52.24
1377719840, 52.24
1377719845, 52.24
1377719850, 52.24
1377719855, 52.24
1377719860, 52.24
1377719865, 52.24
1377719870, 52.24
1377719875, 52.24
1377719880, 52.27
1377719885, 52.24
1377719890, 52.24
1377719895, 52.27
1377719900, 52.24
1377719905, 52.24
1377719910, 52.27
1377719915, 52.27
1377719920, 52.24
1377719925, 52.27
1377719930, 52.27
1377719935, 52.27
1377719940, 52.27
1377719945, 52.24
1377719950, 52.24
1377719955, 52.27
1377719960, 52.24
1377719965, 52.27
1377719970, 52.27
1377719975, 52.24
1377719980, 52.27
1377719985, 52.27
1377719990, 52.27
1377719995, 52.27
1377720000, 52.27
1377720005, 52.27
1377720010, 52.24
1377720015, 52.27
1377720020, 52.27
1377720025, 52.27
1377720030, 52.27
1377720035, 52.27
1377720040, 52.27
1377720045, 52.30
1377720050, 52.30
1377720055, 52.27
1377720060, 52.30
1377720065, 52.27
1377720070, 52.30
1377720075, 52.30
1377720080, 52.27
1377720085, 52.27
1377720090, 52.30
1377720095, 52.30
1377720100, 52.30
1377720105, 52.27
1377720110, 52.30
1377720115, 52.27
1377720120, 52.27
1377720125, 52.30
1377720130, 52.30
1377720135, 52.30
1377720140, 52.30
1377720145, 52.30
1377720150, 52.30
1377720155, 52.27
1377720160, 52.30
1377720165, 52.30
1377720170, 52.30
1377720175, 52.30
1377720180, 52.30
1377720185, 52.30
1377720190, 52.30
1377720195, 52.30
1377720200, 52.30
1377720205, 52.30
1377720210, 52.30
1377720215, 52.30
1377720220, 52.30
1377720225, 52.30
1377720230, 52.30
1377720235, 52.30
1377720240, 52.30
1377720245, 52.30
1377720250, 52.30
1377720255, 52.30
1377720260, 52.33
1377720265, 52.33
1377720270, 52.30
1377720275, 52.30
1377720280, 52.30
1377720285, 52.30
1377720290, 52.30
1377720295, 52.30
1377720300, 52.30
1377720305, 52.30
1377720310, 52.30
1377720315, 52.30
1377720320, 52.30
1377720325, 52.30
1377720330, 52.30
1377720335, 52.30
1377720340, 52.30
1377720345, 52.33
1377720350, 52.33
1377720355, 52.33
1377720360, 52.30
1377720365, 52.33
1377720370, 52.33
1377720375, 52.30
1377720380, 52.30
1377720385, 52.30
1377720390, 52.30
1377720395, 52.33
1377720400, 52.33
1377720405, 52.33
1377720410, 52.30
1377720415, 52.33
1377720420, 52.33
1377720425, 52.33
1377720430, 52.33
1377720435, 52.33
1377720440, 52.30
1377720445, 52.33
1377720450, 52.33
1377720455, 52.33
1377720460, 52.33
1377720465, 52.33
1377720470, 52.33
1377720475, 52.30
1377720480, 52.30
1377720485, 52.33
1377720490, 52.33
1377720495, 52.33
1377720500, 52.33
1377720505, 52.33
1377720510, 52.33
1377720515, 52.33
1377720520, 52.33
1377720525, 52.33
1377720530, 52.30
1377720535, 52.33
1377720540, 52.33
1377720545, 52.33
1377720550, 52.33
1377720555, 52.33
1377720560, 52.33
1377720565, 52.37
1377720570, 52.33
1377720575, 52.33
1377720580, 52.33
1377720585, 52.33
1377720590, 52.33
1377720595, 52.33
1377720600, 52.33
1377720605, 52.33
1377720610, 52.33
1377720615, 52.33
1377720620, 52.33
1377720625, 52.33
1377720630, 52.33
1377720635, 52.33
1377720640, 52.33
1377720645, 52.33
1377720650, 52.37
1377720655, 52.33
1377720660, 52.37
1377720665, 52.37
1377720670, 52.37
1377720675, 52.30
1377720680, 52.33
1377720685, 52.33
1377720690, 52.33
1377720695, 52.33
1377720700, 52.33
1377720705, 52.33
1377720710, 52.33
1377720715, 52.30
1377720720, 52.33
1377720725, 52.33
1377720730, 52.33
1377720735, 52.30
1377720740, 52.30
1377720745, 52.30
1377720750, 52.33
1377720755, 52.33
1377720760, 52.30
1377720765, 52.33
1377720770, 52.33
1377720775, 52.33
1377720780, 52.33
1377720785, 52.33
1377720790, 52.33
1377720795, 52.33
1377720800, 52.33
1377720805, 52.33
1377720810, 52.30
1377720815, 52.33
1377720820, 52.33
1377720825, 52.33
1377720830, 52.30
1377720835, 52.30
1377720840, 52.33
1377720845, 52.30
1377720850, 52.30
1377720855, 52.33
1377720860, 52.30
1377720865, 52.33
1377720870, 52.30
1377720875, 52.33
1377720880, 52.30
1377720885, 52.30
1377720890, 52.30
1377720895, 52.30
1377720900, 52.30
1377720905, 52.30
1377720910, 52.33
1377720915, 52.30
1377720920, 52.30
1377720925, 52.33
1377720930, 52.30
1377720935, 52.33
1377720940, 52.30
1377720945, 52.30
1377720950, 52.30
1377720955, 52.30
1377720960, 52.33
1377720965, 52.30
1377720970, 52.30
1377720975, 52.30
1377720980, 52.30
1377720985, 52.30
1377720990, 52.30
1377720995, 52.30
1377721000, 52.30
1377721005, 52.30
1377721010, 52.30
1377721015, 52.30
1377721020, 52.30
1377721025, 52.30
1377721030, 52.30
1377721035, 52.30
1377721040, 52.30
1377721045, 52.30
1377721050, 52.30
1377721055, 52.30
1377721060, 52.30
1377721065, 52.30
1377721070, 52.30
1377721075, 52.33
1377721080, 52.33
1377721085, 52.30
1377721090, 52.33
1377721095, 52.30
1377721100, 52.30
1377721105, 52.33
1377721110, 52.30
1377721115, 52.33
1377721120, 52.30
1377721125, 52.30
1377721130, 52.30
1377721135, 52.33
1377721140, 52.33
1377721145, 52.33
1377721150, 52.33
1377721155, 52.30
1377721160, 52.30
1377721165, 52.30
1377721170, 52.33
1377721175, 52.30
1377721180, 52.33
1377721185, 52.33
1377721190, 52.33
1377721195, 52.30
1377721200, 52.30
1377721205, 52.30
1377721210, 52.33
1377721215, 52.33
1377721220, 52.33
1377721225, 52.33
1377721230, 52.30
1377721235, 52.33
1377721240, 52.33
1377721245, 52.33
1377721250, 52.33
1377721255, 52.37
1377721260, 52.37
1377721265, 52.33
1377721270, 52.33
1377721275, 52.33
1377721280, 52.37
1377721285, 52.33
1377721290, 52.37
1377721295, 52.33
1377721300, 52.33
1377721305, 52.33
1377721310, 52.33
1377721315, 52.33
1377721320, 52.37
1377721325, 52.33
1377721330, 52.33
1377721335, 52.33
1377721340, 52.37
1377721345, 52.37
1377721350, 52.37
1377721355, 52.33
1377721360, 52.33
1377721365, 52.37
1377721370, 52.33
1377721375, 52.37
1377721380, 52.33
1377721385, 52.37
1377721390, 52.33
1377721395, 52.37
1377721400, 52.37
1377721405, 52.37
1377721410, 52.37
1377721415, 52.37
1377721420, 52.33
1377721425, 52.37
1377721430, 52.37
1377721435, 52.37
1377721440, 52.37
1377721445, 52.33
1377721450, 52.37
1377721455, 52.37
1377721460, 52.37
1377721465, 52.37
1377721470, 52.33
1377721475, 52.37
1377721480, 52.37
1377721485, 52.37
1377721490, 52.37
1377721495, 52.37
1377721500, 52.37
1377721505, 52.37
1377721510, 52.37
1377721515, 52.37
1377721520, 52.37
1377721525, 52.37
1377721530, 52.37
1377721535, 52.37
1377721540, 52.37
1377721545, 52.37
1377721550, 52.37
1377721555, 52.37
1377721560, 52.37
1377721565, 52.37
1377721570, 52.37
1377721575, 52.37
1377721580, 52.37
1377721585, 52.37
1377721590, 52.37
1377721595, 52.37
1377721600, 52.37
1377721605, 52.37
1377721610, 52.37
1377721615, 52.37
1377721620, 52.37
1377721625, 52.37
1377721630, 52.37
1377721635, 52.37
1377721640, 52.37
1377721645, 52.37
1377721650, 52.37
1377721655, 52.37
1377721660, 52.37
1377721665, 52.37
1377721670, 52.37
1377721675, 52.37
1377721680, 52.37
1377721685, 52.37
1377721690, 52.37
1377721695, 52.40
1377721700, 52.37
1377721705, 52.37
1377721710, 52.37
1377721715, 52.40
1377721720, 52.40
1377721725, 52.37
1377721730, 52.40
1377721735, 52.40
1377721740, 52.37
1377721746, 52.37
1377721750, 52.37
1377721755, 52.37
1377721760, 52.37
1377721765, 52.37
1377721770, 52.37
1377721775, 52.37
1377721780, 52.40
1377721785, 52.40
1377721790, 52.40
1377721795, 52.40
1377721800, 52.37
1377721805, 52.37
1377721810, 52.40
1377721815, 52.37
1377721820, 52.40
1377721825, 52.40
1377721830, 52.37
1377721835, 52.40
1377721840, 52.40
1377721845, 52.37
1377721850, 52.40
1377721855, 52.37
1377721860, 52.40
1377721865, 52.40
1377721870, 52.40
1377721875, 52.40
1377721880, 52.43
1377721885, 52.40
1377721890, 52.40
1377721895, 52.40
1377721900, 52.40
1377721905, 52.40
1377721910, 52.40
1377721915, 52.40
1377721920, 52.40
1377721926, 52.40
1377721930, 52.40
1377721935, 52.40
1377721940, 52.40
1377721945, 52.40
1377721950, 52.40
1377721955, 52.40
1377721960, 52.40
1377721965, 52.40
1377721970, 52.43
1377721975, 52.40
1377721980, 52.40
1377721985, 52.43
1377721990, 52.40
1377721995, 52.43
1377722000, 52.40
1377722005, 52.40
1377722010, 52.40
1377722015, 52.43
1377722020, 52.40
1377722025, 52.43
1377722030, 52.43
1377722035, 52.40
1377722040, 52.40
1377722045, 52.40
1377722050, 52.43
1377722055, 52.43
1377722060, 52.40
1377722065, 52.43
1377722070, 52.40
1377722075, 52.40
1377722080, 52.43
1377722085, 52.43
1377722090, 52.43
1377722095, 52.43
1377722100, 52.43
1377722105, 52.43
1377722110, 52.43
1377722115, 52.43
1377722120, 52.43
1377722125, 52.43
1377722130, 52.43
1377722135, 52.43
1377722140, 52.43
1377722145, 52.43
1377722150, 52.43
1377722155, 52.43
1377722160, 52.43
1377722165, 52.43
1377722170, 52.43
1377722175, 52.43
1377722180, 52.43
1377722185, 52.43
1377722190, 52.43
1377722195, 52.43
1377722200, 52.43
1377722205, 52.43
1377722210, 52.43
1377722215, 52.43
1377722220, 52.43
1377722225, 52.43
1377722230, 52.43
1377722235, 52.43
1377722240, 52.43
1377722245, 52.43
1377722250, 52.43
1377722255, 52.43
1377722260, 52.43
1377722265, 52.43
1377722270, 52.43
1377722275, 52.43
1377722280, 52.43
1377722285, 52.43
1377722290, 52.43
1377722295, 52.43
1377722300, 52.43
1377722305, 52.46
1377722310, 52.43
1377722315, 52.43
1377722320, 52.46
1377722325, 52.43
1377722330, 52.43
1377722335, 52.46
1377722340, 52.43
1377722345, 52.43
1377722350, 52.46
1377722355, 52.43
1377722360, 52.43
1377722365, 52.43
1377722370, 52.43
1377722375, 52.43
1377722380, 52.43
1377722385, 52.46
1377722390, 52.46
1377722395, 52.46
1377722400, 52.43
1377722405, 52.46
1377722410, 52.46
1377722415, 52.43
1377722420, 52.43
1377722425, 52.46
1377722430, 52.43
1377722435, 52.43
1377722440, 52.46
1377722445, 52.43
1377722450, 52.43
1377722455, 52.43
1377722460, 52.43
1377722465, 52.46
1377722470, 52.43
1377722475, 52.46
1377722480, 52.46
1377722485, 52.46
1377722490, 52.46
1377722495, 52.46
1377722500, 52.46
1377722505, 52.43
1377722510, 52.46
1377722515, 52.43
1377722520, 52.46
1377722525, 52.46
1377722530, 52.46
1377722535, 52.43
1377722540, 52.46
1377722545, 52.49
1377722550, 52.46
1377722555, 52.46
1377722560, 52.46
1377722565, 52.46
1377722570, 52.46
1377722575, 52.46
1377722580, 52.46
1377722585, 52.46
1377722590, 52.46
1377722595, 52.49
1377722600, 52.46
1377722605, 52.46
1377722610, 52.49
1377722615, 52.46
1377722620, 52.49
1377722625, 52.46
1377722630, 52.49
1377722635, 52.46
1377722640, 52.46
1377722645, 52.49
1377722650, 52.46
1377722655, 52.49
1377722660, 52.46
1377722665, 52.49
1377722670, 52.46
1377722675, 52.46
1377722680, 52.49
1377722685, 52.49
1377722690, 52.46
1377722695, 52.49
1377722700, 52.46
1377722705, 52.49
1377722710, 52.49
1377722715, 52.49
1377722720, 52.46
1377722725, 52.49
1377722730, 52.49
1377722735, 52.49
1377722740, 52.43
1377722745, 52.49
1377722750, 52.49
1377722755, 52.46
1377722760, 52.49
1377722765, 52.49
1377722770, 52.49
1377722775, 52.46
1377722780, 52.49
1377722785, 52.49
1377722790, 52.49
1377722795, 52.49
1377722800, 52.49
1377722805, 52.49
1377722810, 52.49
1377722815, 52.46
1377722820, 52.49
1377722825, 52.49
1377722830, 52.49
1377722835, 52.49
1377722840, 52.49
1377722845, 52.49
1377722850, 52.49
1377722855, 52.49
1377722860, 52.49
1377722865, 52.49
1377722870, 52.49
1377722875, 52.49
1377722880, 52.46
1377722885, 52.49
1377722890, 52.46
1377722895, 52.49
1377722900, 52.46
1377722905, 52.49
1377722910, 52.46
1377722915, 52.49
1377722920, 52.49
1377722925, 52.49
1377722930, 52.49
1377722935, 52.49
1377722940, 52.49
1377722945, 52.46
1377722950, 52.46
1377722955, 52.49
1377722960, 52.46
1377722965, 52.49
1377722970, 52.49
1377722975, 52.49
1377722980, 52.49
1377722985, 52.49
1377722990, 52.49
1377722995, 52.49
1377723000, 52.49
1377723005, 52.46
1377723010, 52.49
1377723015, 52.49
1377723020, 52.46
1377723025, 52.49
1377723030, 52.46
1377723035, 52.46
1377723040, 52.46
1377723045, 52.49
1377723050, 52.46
1377723055, 52.49
1377723060, 52.46
1377723065, 52.46
1377723070, 52.46
1377723075, 52.49
1377723080, 52.49
1377723085, 52.49
1377723090, 52.49
1377723095, 52.49
1377723100, 52.49
1377723105, 52.46
1377723110, 52.46
1377723115, 52.49
1377723120, 52.49
1377723125, 52.46
1377723130, 52.49
1377723135, 52.46
1377723140, 52.49
1377723145, 52.46
1377723150, 52.46
1377723155, 52.49
1377723160, 52.49
1377723165, 52.46
1377723170, 52.46
1377723175, 52.46
1377723180, 52.46
1377723185, 52.49
1377723190, 52.46
1377723195, 52.46
1377723200, 52.46
1377723205, 52.46
1377723210, 52.49
1377723215, 52.46
1377723220, 52.49
1377723225, 52.46
1377723230, 52.46
1377723235, 52.46
1377723240, 52.46
1377723245, 52.46
1377723250, 52.46
1377723255, 52.46
1377723260, 52.49
1377723265, 52.43
1377723270, 52.46
1377723275, 52.46
1377723280, 52.46
1377723285, 52.46
1377723290, 52.46
1377723295, 52.46
1377723300, 52.46
1377723305, 52.46
1377723310, 52.46
1377723315, 52.46
1377723320, 52.46
1377723325, 52.46
1377723330, 52.46
1377723335, 52.46
1377723340, 52.46
1377723345, 52.46
1377723350, 52.46
1377723355, 52.43
1377723360, 52.46
1377723365, 52.46
1377723370, 52.46
1377723375, 52.49
1377723380, 52.46
1377723385, 52.46
1377723390, 52.46
1377723395, 52.49
1377723400, 52.43
1377723405, 52.46
1377723410, 52.46
1377723415, 52.46
1377723420, 52.43
1377723425, 52.46
1377723430, 52.46
1377723435, 52.46
1377723440, 52.43
1377723445, 52.46
1377723450, 52.43
1377723455, 52.46
1377723460, 52.46
1377723465, 52.46
1377723470, 52.46
1377723475, 52.46
1377723480, 52.49
1377723485, 52.43
1377723490, 52.46
1377723495, 52.46
1377723500, 52.46
1377723505, 52.46
1377723510, 52.43
1377723515, 52.43
1377723520, 52.46
1377723525, 52.43
1377723530, 52.46
1377723535, 52.46
1377723540, 52.43
1377723545, 52.46
1377723550, 52.46
1377723555, 52.46
1377723560, 52.46
1377723565, 52.46
1377723570, 52.43
1377723575, 52.46
1377723580, 52.46
1377723585, 52.46
1377723590, 52.46
1377723595, 52.43
1377723600, 52.46
1377723605, 52.46
1377723610, 52.46
1377723615, 52.46
1377723620, 52.46
1377723625, 52.46
1377723630, 52.46
1377723635, 52.46
1377723640, 52.46
1377723645, 52.46
1377723650, 52.46
1377723655, 52.43
1377723660, 52.43
1377723665, 52.46
1377723670, 52.46
1377723675, 52.46
1377723680, 52.46
1377723685, 52.46
1377723690, 52.46
1377723695, 52.46
1377723700, 52.46
1377723705, 52.46
1377723710, 52.46
1377723715, 52.46
1377723720, 52.46
1377723725, 52.46
1377723730, 52.46
1377723735, 52.46
1377723740, 52.46
1377723745, 52.49
1377723750, 52.46
1377723755, 52.46
1377723760, 52.46
1377723765, 52.49
1377723770, 52.46
1377723775, 52.46
1377723780, 52.46
1377723785, 52.49
1377723790, 52.46
1377723795, 52.46
1377723800, 52.49
1377723805, 52.46
1377723810, 52.43
1377723815, 52.46
1377723820, 52.49
1377723825, 52.46
1377723830, 52.46
1377723835, 52.46
1377723840, 52.49
1377723845, 52.49
1377723850, 52.49
1377723855, 52.46
1377723860, 52.49
1377723865, 52.46
1377723870, 52.49
1377723875, 52.49
1377723880, 52.49
1377723885, 52.49
1377723890, 52.49
1377723895, 52.46
1377723900, 52.46
1377723905, 52.49
1377723910, 52.49
1377723915, 52.49
1377723920, 52.49
1377723925, 52.49
1377723930, 52.49
1377723935, 52.49
1377723940, 52.49
1377723945, 52.46
1377723950, 52.49
1377723955, 52.49
1377723960, 52.49
1377723965, 52.49
1377723970, 52.49
1377723975, 52.49
1377723980, 52.49
1377723985, 52.49
1377723990, 52.49
1377723995, 52.49
1377724000, 52.49
1377724005, 52.49
1377724010, 52.49
1377724015, 52.49
1377724020, 52.49
1377724025, 52.49
1377724030, 52.49
1377724035, 52.49
1377724040, 52.52
1377724045, 52.49
1377724050, 52.49
1377724055, 52.49
1377724060, 52.49
1377724065, 52.49
1377724070, 52.49
1377724075, 52.49
1377724080, 52.49
1377724085, 52.49
1377724090, 52.49
1377724095, 52.49
1377724100, 52.49
1377724105, 52.49
1377724110, 52.49
1377724115, 52.49
1377724120, 52.49
1377724125, 52.49
1377724130, 52.49
1377724135, 52.49
1377724140, 52.49
1377724145, 52.49
1377724150, 52.49
1377724155, 52.52
1377724160, 52.52
1377724165, 52.49
1377724170, 52.49
1377724175, 52.49
1377724180, 52.49
1377724185, 52.49
1377724190, 52.49
1377724195, 52.49
1377724200, 52.49
1377724205, 52.49
1377724210, 52.49
1377724215, 52.49
1377724220, 52.52
1377724225, 52.49
1377724230, 52.49
1377724235, 52.49
1377724240, 52.52
1377724245, 52.49
1377724250, 52.49
1377724255, 52.49
1377724260, 52.52
1377724265, 52.49
1377724270, 52.49
1377724275, 52.49
1377724280, 52.52
1377724285, 52.52
1377724290, 52.52
1377724295, 52.52
1377724300, 52.52
1377724305, 52.49
1377724310, 52.52
1377724315, 52.52
1377724320, 52.52
1377724325, 52.52
1377724331, 52.49
1377724335, 52.52
1377724340, 52.49
1377724345, 52.49
1377724350, 52.52
1377724355, 52.49
1377724360, 52.52
1377724365, 52.49
1377724370, 52.52
1377724375, 52.52
1377724380, 52.52
1377724385, 52.49
1377724390, 52.52
1377724395, 52.49
1377724400, 52.52
1377724405, 52.56
1377724410, 52.52
1377724415, 52.52
1377724420, 52.52
1377724425, 52.52
1377724430, 52.52
1377724435, 52.52
1377724440, 52.52
1377724445, 52.52
1377724450, 52.52
1377724455, 52.52
1377724460, 52.56
1377724465, 52.52
1377724470, 52.52
1377724475, 52.52
1377724480, 52.49
1377724485, 52.49
1377724490, 52.52
1377724495, 52.52
1377724500, 52.52
1377724505, 52.52
1377724510, 52.52
1377724515, 52.56
1377724520, 52.56
1377724525, 52.52
1377724530, 52.56
1377724535, 52.52
1377724540, 52.52
1377724545, 52.52
1377724550, 52.52
1377724555, 52.52
1377724560, 52.56
1377724565, 52.52
1377724570, 52.56
1377724575, 52.56
1377724580, 52.52
1377724585, 52.52
1377724590, 52.52
1377724595, 52.56
1377724600, 52.52
1377724605, 52.52
1377724610, 52.52
1377724615, 52.56
1377724620, 52.56
1377724625, 52.52
1377724630, 52.56
1377724635, 52.56
1377724640, 52.52
1377724645, 52.52
1377724650, 52.56
1377724655, 52.56
1377724660, 52.52
1377724665, 52.56
1377724670, 52.56
1377724675, 52.52
1377724680, 52.56
1377724685, 52.52
1377724690, 52.56
1377724695, 52.52
1377724700, 52.52
1377724705, 52.56
1377724710, 52.56
1377724715, 52.56
1377724720, 52.52
1377724725, 52.56
1377724730, 52.52
1377724735, 52.56
1377724740, 52.52
1377724745, 52.52
1377724750, 52.56
1377724755, 52.56
1377724760, 52.52
1377724765, 52.56
1377724770, 52.52
1377724775, 52.56
1377724780, 52.52
1377724785, 52.56
1377724790, 52.52
1377724795, 52.52
1377724800, 52.56
1377724805, 52.56
1377724810, 52.56
1377724815, 52.56
1377724820, 52.52
1377724825, 52.56
1377724830, 52.52
1377724835, 52.56
1377724840, 52.52
1377724845, 52.56
1377724850, 52.52
1377724855, 52.56
1377724860, 52.56
1377724865, 52.56
1377724870, 52.52
1377724875, 52.56
1377724880, 52.56
1377724885, 52.52
1377724890, 52.56
1377724895, 52.52
1377724900, 52.56
1377724905, 52.56
1377724910, 52.56
1377724915, 52.56
1377724920, 52.52
1377724925, 52.56
1377724930, 52.56
1377724935, 52.56
1377724940, 52.56
1377724945, 52.52
1377724950, 52.56
1377724955, 52.56
1377724960, 52.56
1377724965, 52.52
1377724970, 52.52
1377724975, 52.56
1377724980, 52.56
1377724985, 52.56
1377724990, 52.52
1377724995, 52.56
1377725000, 52.56
1377725005, 52.56
1377725010, 52.56
1377725015, 52.56
1377725020, 52.56
1377725025, 52.56
1377725030, 52.56
1377725035, 52.56
1377725040, 52.56
1377725045, 52.56
1377725050, 52.56
1377725055, 52.52
1377725060, 52.56
1377725065, 52.56
1377725070, 52.52
1377725075, 52.56
1377725080, 52.52
1377725085, 52.56
1377725090, 52.56
1377725095, 52.56
1377725100, 52.52
1377725105, 52.56
1377725110, 52.56
1377725115, 52.56
1377725120, 52.56
1377725125, 52.56
1377725130, 52.56
1377725135, 52.52
1377725140, 52.56
1377725145, 52.52
1377725150, 52.56
1377725155, 52.52
1377725160, 52.56
1377725165, 52.56
1377725170, 52.56
1377725175, 52.56
1377725180, 52.56
1377725185, 52.52
1377725190, 52.52
1377725195, 52.56
1377725200, 52.52
1377725205, 52.56
1377725210, 52.56
1377725215, 52.52
1377725220, 52.56
1377725225, 52.56
1377725230, 52.56
1377725235, 52.56
1377725240, 52.56
1377725245, 52.56
1377725250, 52.52
1377725255, 52.52
1377725260, 52.56
1377725265, 52.52
1377725270, 52.56
1377725275, 52.52
1377725280, 52.56
1377725285, 52.52
1377725290, 52.56
1377725295, 52.56
1377725300, 52.52
1377725305, 52.52
1377725310, 52.52
1377725315, 52.56
1377725320, 52.56
1377725325, 52.56
1377725330, 52.52
1377725335, 52.56
1377725340, 52.52
1377725345, 52.56
1377725350, 52.56
1377725355, 52.52
1377725360, 52.52
1377725365, 52.52
1377725370, 52.52
1377725375, 52.52
1377725380, 52.56
1377725385, 52.52
1377725390, 52.52
1377725395, 52.52
1377725400, 52.56
1377725405, 52.52
1377725410, 52.56
1377725415, 52.52
1377725420, 52.56
1377725425, 52.52
1377725430, 52.52
1377725435, 52.56
1377725440, 52.56
1377725445, 52.52
1377725450, 52.56
1377725455, 52.52
1377725460, 52.56
1377725465, 52.56
1377725470, 52.52
1377725475, 52.52
1377725480, 52.52
1377725485, 52.52
1377725490, 52.52
1377725495, 52.52
1377725500, 52.52
1377725505, 52.56
1377725510, 52.56
1377725515, 52.52
1377725520, 52.52
1377725525, 52.52
1377725530, 52.56
1377725535, 52.52
1377725540, 52.52
1377725545, 52.52
1377725550, 52.52
1377725555, 52.52
1377725560, 52.52
1377725565, 52.56
1377725570, 52.52
1377725575, 52.52
1377725580, 52.52
1377725585, 52.49
1377725591, 52.52
1377725595, 52.52
1377725600, 52.52
1377725605, 52.56
1377725610, 52.52
1377725615, 52.52
1377725620, 52.56
1377725625, 52.52
1377725630, 52.52
1377725635, 52.56
1377725640, 52.52
1377725645, 52.52
1377725650, 52.52
1377725655, 52.52
1377725660, 52.52
1377725665, 52.52
1377725670, 52.52
1377725675, 52.52
1377725680, 52.52
1377725685, 52.52
1377725690, 52.52
1377725695, 52.52
1377725700, 52.49
1377725705, 52.49
1377725710, 52.52
1377725715, 52.52
1377725720, 52.52
1377725725, 52.52
1377725730, 52.52
1377725735, 52.52
1377725740, 52.49
1377725745, 52.52
1377725750, 52.49
1377725755, 52.52
1377725760, 52.52
1377725765, 52.52
1377725770, 52.52
1377725775, 52.52
1377725780, 52.52
1377725785, 52.52
1377725790, 52.52
1377725795, 52.49
1377725800, 52.52
1377725805, 52.52
1377725810, 52.52
1377725815, 52.49
1377725820, 52.49
1377725825, 52.52
1377725830, 52.49
1377725835, 52.52
1377725840, 52.49
1377725845, 52.52
1377725850, 52.52
1377725855, 52.52
1377725860, 52.52
1377725865, 52.52
1377725870, 52.52
1377725875, 52.52
1377725880, 52.52
1377725885, 52.49
1377725890, 52.49
1377725895, 52.49
1377725900, 52.49
1377725905, 52.52
1377725910, 52.49
1377725915, 52.52
1377725920, 52.52
1377725925, 52.49
1377725930, 52.52
1377725935, 52.49
1377725940, 52.52
1377725945, 52.52
1377725950, 52.52
1377725955, 52.52
1377725960, 52.49
1377725965, 52.52
1377725970, 52.52
1377725975, 52.49
1377725980, 52.52
1377725985, 52.49
1377725990, 52.49
1377725995, 52.52
1377726000, 52.52
1377726005, 52.49
1377726010, 52.52
1377726015, 52.52
1377726020, 52.52
1377726025, 52.49
1377726030, 52.49
1377726035, 52.49
1377726040, 52.52
1377726045, 52.49
1377726050, 52.52
1377726055, 52.49
1377726060, 52.49
1377726065, 52.49
1377726070, 52.52
1377726075, 52.52
1377726080, 52.49
1377726085, 52.49
1377726090, 52.52
1377726095, 52.52
1377726100, 52.52
1377726105, 52.49
1377726110, 52.52
1377726115, 52.49
1377726120, 52.49
1377726125, 52.49
1377726130, 52.49
1377726135, 52.52
1377726140, 52.49
1377726145, 52.52
1377726150, 52.49
1377726155, 52.49
1377726160, 52.49
1377726165, 52.49
1377726170, 52.49
1377726175, 52.52
1377726180, 52.52
1377726185, 52.49
1377726190, 52.49
1377726195, 52.49
1377726200, 52.49
1377726205, 52.49
1377726210, 52.49
1377726215, 52.52
1377726220, 52.49
1377726225, 52.49
1377726230, 52.49
1377726235, 52.52
1377726240, 52.49
1377726245, 52.52
1377726250, 52.52
1377726255, 52.52
1377726260, 52.49
1377726265, 52.49
1377726270, 52.52
1377726275, 52.49
1377726280, 52.49
1377726285, 52.49
1377726290, 52.49
1377726295, 52.49
1377726300, 52.52
1377726305, 52.49
1377726310, 52.52
1377726315, 52.52
1377726320, 52.52
1377726325, 52.49
1377726330, 52.49
1377726335, 52.52
1377726340, 52.49
1377726345, 52.49
1377726350, 52.52
1377726355, 52.52
1377726360, 52.49
1377726365, 52.49
1377726370, 52.49
1377726375, 52.49
1377726380, 52.49
1377726385, 52.49
1377726390, 52.49
1377726395, 52.49
1377726400, 52.49
1377726405, 52.49
1377726410, 52.49
1377726415, 52.49
1377726420, 52.49
1377726425, 52.49
1377726430, 52.49
1377726435, 52.52
1377726440, 52.52
1377726445, 52.52
1377726450, 52.49
1377726455, 52.49
1377726460, 52.49
1377726465, 52.49
1377726470, 52.49
1377726475, 52.49
1377726480, 52.49
1377726485, 52.52
1377726490, 52.49
1377726495, 52.52
1377726500, 52.49
1377726505, 52.49
1377726510, 52.49
1377726515, 52.49
1377726520, 52.49
1377726525, 52.49
1377726530, 52.49
1377726535, 52.49
1377726540, 52.49
1377726545, 52.52
1377726550, 52.52
1377726555, 52.49
1377726560, 52.49
1377726565, 52.49
1377726570, 52.52
1377726575, 52.49
1377726580, 52.49
1377726585, 52.49
1377726590, 52.52
1377726595, 52.52
1377726600, 52.49
1377726605, 52.56
1377726610, 52.52
1377726615, 52.49
1377726620, 52.49
1377726625, 52.52
1377726630, 52.52
1377726635, 52.52
1377726640, 52.52
1377726645, 52.52
1377726650, 52.49
1377726655, 52.52
1377726660, 52.52
1377726665, 52.49
1377726670, 52.56
1377726675, 52.49
1377726680, 52.49
1377726685, 52.52
1377726690, 52.49
1377726695, 52.49
1377726700, 52.52
1377726705, 52.52
1377726710, 52.52
1377726715, 52.52
1377726720, 52.52
1377726725, 52.52
1377726730, 52.52
1377726735, 52.52
1377726740, 52.52
1377726745, 52.52
1377726750, 52.52
1377726755, 52.52
1377726760, 52.52
1377726765, 52.52
1377726770, 52.52
1377726775, 52.52
1377726780, 52.52
1377726785, 52.52
1377726790, 52.52
1377726795, 52.52
1377726800, 52.52
1377726805, 52.52
1377726810, 52.52
1377726815, 52.52
1377726820, 52.52
1377726825, 52.52
1377726830, 52.49
1377726835, 52.52
1377726840, 52.52
1377726845, 52.52
1377726850, 52.52
1377726855, 52.52
1377726860, 52.52
1377726865, 52.52
1377726870, 52.52
1377726875, 52.52
1377726880, 52.52
1377726885, 52.52
1377726890, 52.56
1377726895, 52.49
1377726900, 52.52
1377726905, 52.52
1377726910, 52.52
1377726915, 52.52
1377726920, 52.52
1377726925, 52.52
1377726930, 52.52
1377726935, 52.52
1377726940, 52.52
1377726945, 52.52
1377726950, 52.52
1377726955, 52.52
1377726960, 52.52
1377726965, 52.52
1377726970, 52.56
1377726975, 52.52
1377726980, 52.52
1377726985, 52.52
1377726990, 52.52
1377726995, 52.52
1377727000, 52.52
1377727005, 52.52
1377727010, 52.52
1377727015, 52.52
1377727020, 52.52
1377727025, 52.52
1377727030, 52.52
1377727035, 52.52
1377727040, 52.56
1377727045, 52.52
1377727050, 52.52
1377727055, 52.52
1377727060, 52.52
1377727065, 52.52
1377727070, 52.52
1377727075, 52.52
1377727080, 52.52
1377727085, 52.52
1377727090, 52.52
1377727095, 52.52
1377727100, 52.56
1377727105, 52.52
1377727110, 52.56
1377727115, 52.52
1377727120, 52.52
1377727125, 52.52
1377727130, 52.52
1377727135, 52.52
1377727140, 52.52
1377727145, 52.56
1377727150, 52.56
1377727155, 52.52
1377727160, 52.52
1377727165, 52.52
1377727170, 52.52
1377727175, 52.52
1377727180, 52.52
1377727185, 52.52
1377727190, 52.52
1377727195, 52.52
1377727200, 52.52
1377727205, 52.56
1377727210, 52.56
1377727215, 52.56
1377727220, 52.56
1377727225, 52.52
1377727230, 52.52
1377727235, 52.56
1377727240, 52.52
1377727245, 52.56
1377727250, 52.56
1377727255, 52.52
1377727260, 52.56
1377727265, 52.52
1377727270, 52.56
1377727275, 52.56
1377727280, 52.52
1377727285, 52.52
1377727290, 52.52
1377727295, 52.52
1377727300, 52.52
1377727305, 52.56
1377727310, 52.52
1377727315, 52.56
1377727320, 52.52
1377727325, 52.52
1377727330, 52.56
1377727335, 52.56
1377727340, 52.56
1377727345, 52.52
1377727350, 52.52
1377727355, 52.52
1377727360, 52.52
1377727365, 52.56
1377727370, 52.56
1377727376, 52.52
1377727380, 52.56
1377727385, 52.52
1377727390, 52.52
1377727395, 52.56
1377727400, 52.52
1377727405, 52.52
1377727410, 52.49
1377727415, 52.52
1377727420, 52.56
1377727425, 52.56
1377727430, 52.56
1377727435, 52.52
1377727440, 52.52
1377727445, 52.56
1377727450, 52.56
1377727455, 52.56
1377727460, 52.56
1377727465, 52.56
1377727470, 52.56
1377727475, 52.56
1377727480, 52.56
1377727485, 52.56
1377727490, 52.56
1377727495, 52.52
1377727500, 52.52
1377727505, 52.56
1377727510, 52.56
1377727515, 52.56
1377727520, 52.56
1377727525, 52.52
1377727530, 52.52
1377727535, 52.56
1377727540, 52.56
1377727545, 52.56
1377727550, 52.49
1377727555, 52.56
1377727560, 52.56
1377727565, 52.52
1377727570, 52.56
1377727575, 52.56
1377727580, 52.56
1377727585, 52.52
1377727590, 52.56
1377727595, 52.56
1377727600, 52.56
1377727605, 52.52
1377727610, 52.56
1377727615, 52.52
1377727620, 52.52
1377727625, 52.56
1377727630, 52.56
1377727635, 52.56
1377727640, 52.56
1377727645, 52.56
1377727650, 52.52
1377727655, 52.52
1377727660, 52.56
1377727665, 52.56
1377727670, 52.56
1377727675, 52.52
1377727680, 52.52
1377727685, 52.56
1377727690, 52.56
1377727695, 52.56
1377727700, 52.56
1377727705, 52.56
1377727710, 52.56
1377727715, 52.56
1377727720, 52.56
1377727725, 52.56
1377727730, 52.56
1377727735, 52.56
1377727740, 52.52
1377727745, 52.56
1377727750, 52.52
1377727755, 52.52
1377727760, 52.56
1377727765, 52.52
1377727770, 52.56
1377727775, 52.56
1377727780, 52.56
1377727785, 52.52
1377727790, 52.56
1377727795, 52.56
1377727800, 52.52
1377727805, 52.52
1377727810, 52.56
1377727815, 52.56
1377727820, 52.56
1377727825, 52.56
1377727830, 52.52
1377727835, 52.56
1377727840, 52.52
1377727845, 52.52
1377727850, 52.52
1377727855, 52.52
1377727860, 52.52
1377727865, 52.52
1377727870, 52.52
1377727875, 52.56
1377727880, 52.52
1377727885, 52.52
1377727890, 52.52
1377727895, 52.56
1377727900, 52.52
1377727905, 52.52
1377727910, 52.56
1377727915, 52.52
1377727920, 52.56
1377727925, 52.52
1377727930, 52.52
1377727935, 52.52
1377727940, 52.52
1377727945, 52.52
1377727950, 52.52
1377727955, 52.52
1377727960, 52.52
1377727965, 52.52
1377727970, 52.52
1377727975, 52.56
1377727980, 52.56
1377727985, 52.52
1377727990, 52.52
1377727995, 52.52
1377728000, 52.52
1377728005, 52.56
1377728010, 52.52
1377728015, 52.52
1377728020, 52.52
1377728025, 52.52
1377728030, 52.49
1377728035, 52.52
1377728040, 52.56
1377728045, 52.52
1377728050, 52.52
1377728055, 52.52
1377728060, 52.52
1377728065, 52.52
1377728070, 52.52
1377728075, 52.52
1377728080, 52.52
1377728085, 52.52
1377728090, 52.52
1377728095, 52.56
1377728100, 52.56
1377728105, 52.56
1377728110, 52.52
1377728115, 52.56
1377728120, 52.56
1377728125, 52.56
1377728130, 52.56
1377728135, 52.52
1377728140, 52.52
1377728145, 52.56
1377728150, 52.56
1377728155, 52.52
1377728160, 52.52
1377728165, 52.56
1377728170, 52.56
1377728175, 52.56
1377728180, 52.56
1377728185, 52.52
1377728190, 52.52
1377728195, 52.56
1377728200, 52.52
1377728205, 52.52
1377728210, 52.56
1377728215, 52.56
1377728220, 52.52
1377728225, 52.52
1377728230, 52.56
1377728235, 52.52
1377728240, 52.52
1377728245, 52.52
1377728250, 52.52
1377728255, 52.52
1377728260, 52.56
1377728265, 52.52
1377728270, 52.52
1377728275, 52.52
1377728280, 52.52
1377728285, 52.52
1377728290, 52.52
1377728295, 52.52
1377728300, 52.52
1377728305, 52.52
1377728310, 52.52
1377728315, 52.52
1377728320, 52.52
1377728326, 52.56
1377728330, 52.56
1377728335, 52.56
1377728340, 52.56
1377728345, 52.52
1377728350, 52.52
1377728355, 52.52
1377728360, 52.56
1377728365, 52.52
1377728370, 52.56
1377728375, 52.52
1377728380, 52.52
1377728385, 52.52
1377728390, 52.56
1377728395, 52.52
1377728400, 52.56
1377728405, 52.52
1377728410, 52.52
1377728415, 52.56
1377728420, 52.56
1377728425, 52.52
1377728430, 52.52
1377728435, 52.52
1377728440, 52.52
1377728445, 52.52
1377728450, 52.52
1377728455, 52.56
1377728460, 52.56
1377728465, 52.52
1377728470, 52.52
1377728475, 52.52
1377728480, 52.56
1377728485, 52.52
1377728490, 52.52
1377728495, 52.52
1377728500, 52.56
1377728505, 52.52
1377728510, 52.52
1377728515, 52.52
1377728520, 52.56
1377728527, 52.56
1377728530, 52.56
1377728535, 52.56
1377728540, 52.56
1377728545, 52.56
1377728550, 52.56
1377728555, 52.56
1377728560, 52.52
1377728565, 52.56
1377728570, 52.52
1377728575, 52.56
1377728580, 52.52
1377728585, 52.52
1377728590, 52.56
1377728595, 52.56
1377728600, 52.56
1377728605, 52.52
1377728610, 52.52
1377728615, 52.52
1377728620, 52.52
1377728625, 52.56
1377728630, 52.56
1377728635, 52.56
1377728640, 52.56
1377728645, 52.52
1377728650, 52.56
1377728655, 52.56
1377728660, 52.56
1377728665, 52.56
1377728670, 52.56
1377728675, 52.56
1377728680, 52.56
1377728685, 52.56
1377728690, 52.56
1377728695, 52.56
1377728700, 52.56
1377728705, 52.56
1377728710, 52.56
1377728715, 52.56
1377728720, 52.56
1377728725, 52.52
1377728730, 52.56
1377728735, 52.56
1377728740, 52.56
1377728745, 52.56
1377728750, 52.56
1377728755, 52.56
1377728760, 52.56
1377728765, 52.56
1377728770, 52.56
1377728775, 52.56
1377728780, 52.56
1377728785, 52.56
1377728790, 52.56
1377728795, 52.52
1377728800, 52.56
1377728805, 52.56
1377728810, 52.56
1377728815, 52.56
1377728820, 52.56
1377728825, 52.56
1377728830, 52.56
1377728835, 52.56
1377728840, 52.56
1377728845, 52.56
1377728850, 52.56
1377728855, 52.56
1377728860, 52.56
1377728865, 52.56
1377728870, 52.56
1377728875, 52.56
1377728880, 52.56
1377728885, 52.56
1377728890, 52.56
1377728895, 52.56
1377728900, 52.56
1377728905, 52.56
1377728910, 52.56
1377728915, 52.56
1377728920, 52.56
1377728925, 52.56
1377728930, 52.56
1377728935, 52.56
1377728940, 52.56
1377728945, 52.56
1377728950, 52.56
1377728955, 52.56
1377728960, 52.56
1377728965, 52.56
1377728970, 52.56
1377728975, 52.56
1377728980, 52.56
1377728985, 52.56
1377728990, 52.56
1377728995, 52.56
1377729000, 52.56
1377729005, 52.56
1377729010, 52.56
1377729015, 52.56
1377729020, 52.56
1377729025, 52.56
1377729030, 52.56
1377729035, 52.56
1377729040, 52.56
1377729045, 52.56
1377729050, 52.56
1377729055, 52.59
1377729060, 52.56
1377729065, 52.56
1377729070, 52.56
1377729075, 52.56
1377729080, 52.56
1377729085, 52.56
1377729090, 52.56
1377729095, 52.56
1377729100, 52.56
1377729105, 52.56
1377729110, 52.56
1377729115, 52.56
1377729120, 52.56
1377729125, 52.56
1377729130, 52.56
1377729135, 52.56
1377729140, 52.56
1377729145, 52.56
1377729150, 52.56
1377729155, 52.56
1377729160, 52.56
1377729165, 52.56
1377729170, 52.56
1377729175, 52.56
1377729180, 52.56
1377729185, 52.56
1377729190, 52.56
1377729195, 52.56
1377729200, 52.59
1377729205, 52.59
1377729210, 52.56
1377729215, 52.56
1377729220, 52.56
1377729225, 52.56
1377729230, 52.56
1377729235, 52.56
1377729240, 52.56
1377729245, 52.56
1377729250, 52.59
1377729255, 52.56
1377729260, 52.56
1377729265, 52.56
1377729270, 52.59
1377729275, 52.59
1377729280, 52.56
1377729285, 52.56
1377729290, 52.56
1377729295, 52.56
1377729300, 52.59
1377729305, 52.56
1377729310, 52.56
1377729315, 52.56
1377729320, 52.56
1377729325, 52.56
1377729330, 52.59
1377729335, 52.56
1377729340, 52.56
1377729345, 52.56
1377729350, 52.56
1377729355, 52.59
1377729360, 52.56
1377729365, 52.56
1377729370, 52.56
1377729375, 52.56
1377729380, 52.59
1377729385, 52.56
1377729390, 52.59
1377729395, 52.56
1377729400, 52.59
1377729405, 52.59
1377729410, 52.56
1377729415, 52.56
1377729420, 52.56
1377729425, 52.56
1377729430, 52.59
1377729435, 52.56
1377729440, 52.56
1377729445, 52.56
1377729450, 52.56
1377729455, 52.56
1377729460, 52.56
1377729465, 52.59
1377729470, 52.59
1377729475, 52.56
1377729480, 52.56
1377729485, 52.56
1377729490, 52.56
1377729495, 52.56
1377729500, 52.56
1377729505, 52.56
1377729510, 52.56
1377729515, 52.56
1377729520, 52.56
1377729525, 52.56
1377729530, 52.56
1377729535, 52.59
1377729540, 52.56
1377729545, 52.56
1377729550, 52.59
1377729555, 52.56
1377729560, 52.59
1377729565, 52.56
1377729570, 52.56
1377729575, 52.56
1377729580, 52.56
1377729585, 52.56
1377729590, 52.56
1377729595, 52.59
1377729600, 52.59
1377729605, 52.56
1377729610, 52.56
1377729615, 52.56
1377729620, 52.56
1377729625, 52.56
1377729630, 52.56
1377729635, 52.56
1377729640, 52.59
1377729645, 52.56
1377729650, 52.56
1377729655, 52.59
1377729660, 52.56
1377729665, 52.56
1377729670, 52.56
1377729675, 52.56
1377729680, 52.56
1377729685, 52.56
1377729690, 52.56
1377729695, 52.59
1377729700, 52.56
1377729705, 52.59
1377729710, 52.56
1377729715, 52.59
1377729720, 52.56
1377729725, 52.59
1377729730, 52.59
1377729735, 52.59
1377729740, 52.56
1377729745, 52.56
1377729750, 52.56
1377729755, 52.59
1377729760, 52.56
1377729765, 52.59
1377729770, 52.59
1377729775, 52.56
1377729780, 52.59
1377729785, 52.59
1377729790, 52.56
1377729795, 52.59
1377729800, 52.59
1377729805, 52.59
1377729810, 52.56
1377729815, 52.56
1377729820, 52.56
1377729825, 52.59
1377729830, 52.56
1377729835, 52.59
1377729840, 52.56
1377729845, 52.59
1377729850, 52.59
1377729855, 52.56
1377729860, 52.56
1377729865, 52.56
1377729870, 52.56
1377729875, 52.56
1377729880, 52.59
1377729885, 52.59
1377729890, 52.59
1377729895, 52.59
1377729900, 52.59
1377729905, 52.56
1377729910, 52.59
1377729915, 52.59
1377729920, 52.59
1377729925, 52.56
1377729930, 52.56
1377729935, 52.56
1377729940, 52.59
1377729945, 52.56
1377729950, 52.59
1377729955, 52.56
1377729960, 52.56
1377729965, 52.56
1377729970, 52.59
1377729975, 52.56
1377729980, 52.59
1377729985, 52.56
1377729990, 52.59
1377729995, 52.59
1377730000, 52.59
1377730005, 52.56
1377730010, 52.59
1377730015, 52.56
1377730020, 52.56
1377730025, 52.59
1377730030, 52.59
1377730035, 52.59
1377730040, 52.59
1377730045, 52.56
1377730050, 52.56
1377730055, 52.59
1377730060, 52.56
1377730065, 52.56
1377730070, 52.59
1377730075, 52.59
1377730080, 52.56
1377730085, 52.59
1377730090, 52.59
1377730095, 52.59
1377730100, 52.56
1377730105, 52.59
1377730110, 52.56
1377730115, 52.56
1377730120, 52.59
1377730125, 52.56
1377730130, 52.56
1377730135, 52.56
1377730140, 52.56
1377730145, 52.56
1377730150, 52.59
1377730155, 52.62
1377730160, 52.59
1377730165, 52.56
1377730170, 52.56
1377730175, 52.56
1377730180, 52.59
1377730185, 52.59
1377730190, 52.56
1377730195, 52.56
1377730200, 52.56
1377730205, 52.59
1377730210, 52.56
1377730215, 52.56
1377730220, 52.59
1377730225, 52.56
1377730230, 52.56
1377730235, 52.56
1377730240, 52.56
1377730245, 52.59
1377730250, 52.56
1377730255, 52.59
1377730260, 52.59
1377730265, 52.56
1377730270, 52.56
1377730275, 52.56
1377730280, 52.59
1377730285, 52.56
1377730290, 52.56
1377730295, 52.59
1377730300, 52.59
1377730305, 52.56
1377730310, 52.59
1377730315, 52.56
1377730320, 52.56
1377730325, 52.56
1377730330, 52.56
1377730335, 52.56
1377730340, 52.56
1377730345, 52.59
1377730350, 52.56
1377730355, 52.59
1377730360, 52.56
1377730365, 52.56
1377730370, 52.56
1377730375, 52.56
1377730380, 52.56
1377730385, 52.56
1377730391, 52.56
1377730395, 52.56
1377730400, 52.56
1377730405, 52.56
1377730410, 52.59
1377730415, 52.59
1377730420, 52.56
1377730425, 52.59
1377730430, 52.56
1377730435, 52.56
1377730440, 52.56
1377730445, 52.56
1377730450, 52.56
1377730455, 52.56
1377730460, 52.56
1377730465, 52.56
1377730470, 52.59
1377730475, 52.56
1377730480, 52.56
1377730485, 52.59
1377730490, 52.56
1377730495, 52.59
1377730500, 52.59
1377730505, 52.56
1377730510, 52.56
1377730515, 52.56
1377730520, 52.56
1377730525, 52.56
1377730530, 52.56
1377730535, 52.56
1377730540, 52.56
1377730545, 52.56
1377730550, 52.56
1377730555, 52.56
1377730560, 52.59
1377730565, 52.56
1377730570, 52.59
1377730575, 52.59
1377730580, 52.59
1377730585, 52.59
1377730590, 52.56
1377730595, 52.56
1377730600, 52.59
1377730605, 52.62
1377730610, 52.59
1377730615, 52.56
1377730620, 52.62
1377730625, 52.59
1377730630, 52.59
1377730635, 52.59
1377730640, 52.59
1377730645, 52.59
1377730650, 52.59
1377730655, 52.59
1377730660, 52.59
1377730665, 52.59
1377730670, 52.59
1377730675, 52.59
1377730680, 52.59
1377730685, 52.59
1377730690, 52.59
1377730695, 52.59
1377730700, 52.59
1377730705, 52.59
1377730710, 52.59
1377730715, 52.59
1377730720, 52.59
1377730725, 52.59
1377730730, 52.62
1377730735, 52.59
1377730740, 52.59
1377730745, 52.59
1377730750, 52.59
1377730755, 52.59
1377730760, 52.59
1377730765, 52.59
1377730770, 52.59
1377730775, 52.62
1377730780, 52.59
1377730785, 52.62
1377730790, 52.59
1377730795, 52.59
1377730800, 52.62
1377730805, 52.62
1377730810, 52.59
1377730815, 52.62
1377730820, 52.59
1377730825, 52.59
1377730830, 52.59
1377730835, 52.62
1377730840, 52.62
1377730845, 52.62
1377730850, 52.59
1377730855, 52.62
1377730860, 52.59
1377730865, 52.62
1377730870, 52.62
1377730875, 52.62
1377730880, 52.62
1377730885, 52.62
1377730890, 52.62
1377730895, 52.59
1377730900, 52.62
1377730905, 52.59
1377730910, 52.62
1377730915, 52.62
1377730920, 52.62
1377730925, 52.62
1377730930, 52.62
1377730935, 52.62
1377730940, 52.62
1377730945, 52.62
1377730950, 52.62
1377730955, 52.62
1377730960, 52.62
1377730965, 52.62
1377730970, 52.62
1377730975, 52.62
1377730980, 52.62
1377730985, 52.62
1377730990, 52.62
1377730995, 52.62
1377731000, 52.62
1377731005, 52.62
1377731011, 52.62
1377731015, 52.62
1377731020, 52.62
1377731025, 52.62
1377731030, 52.62
1377731035, 52.62
1377731040, 52.62
1377731045, 52.62
1377731050, 52.62
1377731055, 52.62
1377731060, 52.62
1377731065, 52.62
1377731070, 52.62
1377731075, 52.62
1377731080, 52.62
1377731085, 52.62
1377731090, 52.62
1377731095, 52.62
1377731100, 52.62
1377731105, 52.62
1377731110, 52.62
1377731115, 52.62
1377731120, 52.62
1377731125, 52.62
1377731130, 52.62
1377731135, 52.62
1377731140, 52.62
1377731145, 52.62
1377731150, 52.62
1377731155, 52.62
1377731160, 52.62
1377731165, 52.62
1377731170, 52.62
1377731175, 52.62
1377731180, 52.62
1377731185, 52.62
1377731190, 52.62
1377731195, 52.62
1377731200, 52.62
1377731205, 52.62
1377731210, 52.62
1377731215, 52.62
1377731220, 52.62
1377731225, 52.62
1377731230, 52.62
1377731235, 52.62
1377731240, 52.65
1377731245, 52.65
1377731250, 52.65
1377731255, 52.65
1377731260, 52.62
1377731265, 52.65
1377731270, 52.65
1377731275, 52.65
1377731280, 52.62
1377731285, 52.62
1377731290, 52.62
1377731295, 52.65
1377731300, 52.62
1377731305, 52.62
1377731310, 52.65
1377731315, 52.65
1377731320, 52.65
1377731325, 52.65
1377731330, 52.62
1377731335, 52.65
1377731340, 52.62
1377731345, 52.62
1377731350, 52.65
1377731355, 52.62
1377731360, 52.65
1377731365, 52.68
1377731370, 52.65
1377731375, 52.65
1377731380, 52.62
1377731385, 52.65
1377731390, 52.65
1377731395, 52.65
1377731400, 52.65
1377731405, 52.62
1377731410, 52.65
1377731415, 52.62
1377731420, 52.65
1377731425, 52.65
1377731430, 52.65
1377731435, 52.65
1377731440, 52.65
1377731445, 52.65
1377731450, 52.62
1377731455, 52.65
1377731460, 52.65
1377731465, 52.65
1377731470, 52.65
1377731475, 52.65
1377731480, 52.65
1377731485, 52.65
1377731490, 52.68
1377731495, 52.65
1377731500, 52.65
1377731505, 52.65
1377731510, 52.65
1377731515, 52.65
1377731520, 52.65
1377731525, 52.68
1377731530, 52.68
1377731535, 52.65
1377731540, 52.68
1377731545, 52.65
1377731550, 52.65
1377731555, 52.65
1377731560, 52.65
1377731565, 52.68
1377731570, 52.65
1377731575, 52.65
1377731580, 52.68
1377731585, 52.68
1377731590, 52.68
1377731595, 52.68
1377731600, 52.68
1377731605, 52.68
1377731610, 52.65
1377731615, 52.65
1377731620, 52.65
1377731625, 52.68
1377731630, 52.68
1377731635, 52.68
1377731640, 52.65
1377731645, 52.65
1377731650, 52.68
1377731655, 52.65
1377731660, 52.68
1377731665, 52.68
1377731670, 52.65
1377731675, 52.68
1377731680, 52.68
1377731685, 52.68
1377731690, 52.68
1377731695, 52.68
1377731700, 52.68
1377731705, 52.68
1377731710, 52.65
1377731715, 52.68
1377731720, 52.68
1377731725, 52.65
1377731730, 52.68
1377731735, 52.65
1377731740, 52.68
1377731745, 52.68
1377731750, 52.68
1377731755, 52.68
1377731760, 52.68
1377731765, 52.65
1377731770, 52.68
1377731775, 52.68
1377731780, 52.68
1377731785, 52.68
1377731790, 52.65
1377731795, 52.68
1377731800, 52.68
1377731805, 52.68
1377731810, 52.68
1377731815, 52.68
1377731820, 52.65
1377731825, 52.68
1377731830, 52.68
1377731835, 52.68
1377731840, 52.65
1377731845, 52.68
1377731850, 52.68
1377731855, 52.68
1377731860, 52.68
1377731865, 52.68
1377731870, 52.68
1377731875, 52.68
1377731880, 52.68
1377731885, 52.68
1377731890, 52.68
1377731895, 52.68
1377731900, 52.68
1377731905, 52.68
1377731910, 52.68
1377731915, 52.68
1377731920, 52.68
1377731925, 52.68
1377731930, 52.68
1377731935, 52.68
1377731940, 52.68
1377731945, 52.68
1377731950, 52.68
1377731955, 52.68
1377731960, 52.68
1377731965, 52.68
1377731970, 52.68
1377731975, 52.68
1377731980, 52.68
1377731985, 52.68
1377731990, 52.68
1377731995, 52.68
1377732000, 52.68
1377732005, 52.68
1377732010, 52.68
1377732015, 52.68
1377732020, 52.68
1377732025, 52.68
1377732030, 52.68
1377732035, 52.68
1377732040, 52.68
1377732045, 52.68
1377732050, 52.68
1377732055, 52.68
1377732060, 52.68
1377732065, 52.68
1377732070, 52.68
1377732075, 52.68
1377732080, 52.68
1377732085, 52.68
1377732090, 52.68
1377732095, 52.68
1377732100, 52.68
1377732105, 52.68
1377732110, 52.68
1377732115, 52.68
1377732120, 52.68
1377732125, 52.68
1377732130, 52.68
1377732135, 52.68
1377732140, 52.68
1377732145, 52.68
1377732150, 52.68
1377732155, 52.68
1377732160, 52.68
1377732165, 52.71
1377732170, 52.68
1377732175, 52.68
1377732180, 52.68
1377732185, 52.68
1377732190, 52.68
1377732195, 52.68
1377732200, 52.68
1377732205, 52.68
1377732210, 52.68
1377732215, 52.68
1377732220, 52.68
1377732225, 52.68
1377732230, 52.68
1377732235, 52.68
1377732240, 52.68
1377732245, 52.71
1377732250, 52.68
1377732255, 52.68
1377732260, 52.68
1377732265, 52.68
1377732270, 52.68
1377732275, 52.68
1377732280, 52.68
1377732285, 52.71
1377732290, 52.68
1377732295, 52.68
1377732300, 52.68
1377732305, 52.68
1377732310, 52.68
1377732315, 52.68
1377732320, 52.68
1377732325, 52.68
1377732330, 52.68
1377732335, 52.68
1377732340, 52.68
1377732345, 52.68
1377732350, 52.71
1377732355, 52.68
1377732360, 52.68
1377732365, 52.68
1377732370, 52.68
1377732375, 52.68
1377732380, 52.68
1377732385, 52.68
1377732390, 52.71
1377732395, 52.68
1377732400, 52.68
1377732405, 52.68
1377732410, 52.68
1377732415, 52.68
1377732420, 52.71
1377732425, 52.68
1377732430, 52.68
1377732435, 52.68
1377732440, 52.68
1377732445, 52.68
1377732450, 52.68
1377732455, 52.68
1377732460, 52.68
1377732465, 52.68
1377732470, 52.68
1377732475, 52.68
1377732480, 52.68
1377732485, 52.68
1377732490, 52.68
1377732495, 52.68
1377732500, 52.68
1377732505, 52.68
1377732510, 52.68
1377732515, 52.68
1377732520, 52.68
1377732525, 52.68
1377732530, 52.68
1377732535, 52.68
1377732540, 52.68
1377732545, 52.68
1377732550, 52.68
1377732555, 52.68
1377732560, 52.68
1377732565, 52.68
1377732570, 52.68
1377732575, 52.68
1377732580, 52.68
1377732585, 52.68
1377732590, 52.68
1377732595, 52.68
1377732600, 52.68
1377732605, 52.68
1377732610, 52.68
1377732615, 52.68
1377732620, 52.68
1377732625, 52.68
1377732630, 52.68
1377732635, 52.68
1377732640, 52.68
1377732645, 52.68
1377732650, 52.68
1377732655, 52.68
1377732660, 52.68
1377732665, 52.68
1377732670, 52.68
1377732675, 52.68
1377732680, 52.68
1377732685, 52.68
1377732690, 52.68
1377732695, 52.68
1377732700, 52.68
1377732705, 52.68
1377732710, 52.68
1377732715, 52.68
1377732720, 52.68
1377732725, 52.68
1377732730, 52.68
1377732735, 52.68
1377732740, 52.68
1377732745, 52.68
1377732750, 52.68
1377732755, 52.68
1377732760, 52.68
1377732765, 52.68
1377732770, 52.68
1377732775, 52.68
1377732780, 52.68
1377732785, 52.68
1377732790, 52.68
1377732795, 52.68
1377732800, 52.68
1377732805, 52.68
1377732810, 52.68
1377732815, 52.68
1377732820, 52.68
1377732825, 52.68
1377732830, 52.68
1377732835, 52.68
1377732840, 52.68
1377732845, 52.68
1377732850, 52.68
1377732855, 52.68
1377732860, 52.68
1377732865, 52.68
1377732870, 52.68
1377732875, 52.68
1377732880, 52.68
1377732885, 52.68
1377732890, 52.68
1377732895, 52.68
1377732900, 52.68
1377732905, 52.68
1377732910, 52.68
1377732915, 52.68
1377732920, 52.68
1377732925, 52.68
1377732930, 52.68
1377732935, 52.68
1377732940, 52.68
1377732945, 52.68
1377732950, 52.68
1377732955, 52.68
1377732960, 52.68
1377732965, 52.68
1377732970, 52.68
1377732975, 52.68
1377732981, 52.68
1377732985, 52.68
1377732990, 52.68
1377732995, 52.68
1377733000, 52.68
1377733005, 52.68
1377733010, 52.68
1377733015, 52.68
1377733020, 52.68
1377733025, 52.68
1377733030, 52.68
1377733035, 52.68
1377733040, 52.68
1377733045, 52.68
1377733050, 52.65
1377733055, 52.68
1377733060, 52.68
1377733065, 52.68
1377733070, 52.68
1377733075, 52.68
1377733080, 52.68
1377733085, 52.68
1377733090, 52.68
1377733095, 52.68
1377733100, 52.68
1377733105, 52.68
1377733110, 52.68
1377733115, 52.65
1377733120, 52.68
1377733125, 52.68
1377733130, 52.68
1377733135, 52.68
1377733140, 52.68
1377733145, 52.68
1377733150, 52.68
1377733155, 52.68
1377733160, 52.68
1377733165, 52.68
1377733170, 52.68
1377733175, 52.68
1377733180, 52.68
1377733185, 52.68
1377733190, 52.68
1377733195, 52.68
1377733200, 52.68
1377733205, 52.68
1377733210, 52.68
1377733215, 52.68
1377733220, 52.68
1377733225, 52.68
1377733230, 52.68
1377733235, 52.68
1377733240, 52.65
1377733245, 52.68
1377733250, 52.68
1377733255, 52.68
1377733260, 52.68
1377733265, 52.68
1377733270, 52.68
1377733275, 52.68
1377733280, 52.68
1377733285, 52.68
1377733290, 52.68
1377733295, 52.68
1377733300, 52.65
1377733305, 52.68
1377733310, 52.68
1377733315, 52.65
1377733320, 52.68
1377733325, 52.68
1377733330, 52.68
1377733335, 52.68
1377733340, 52.68
1377733345, 52.68
1377733350, 52.68
1377733355, 52.68
1377733360, 52.68
1377733365, 52.68
1377733370, 52.68
1377733375, 52.68
1377733380, 52.68
1377733385, 52.68
1377733390, 52.68
1377733395, 52.68
1377733400, 52.68
1377733405, 52.68
1377733410, 52.68
1377733415, 52.68
1377733420, 52.68
1377733425, 52.68
1377733430, 52.68
1377733435, 52.68
1377733440, 52.68
1377733445, 52.68
1377733450, 52.68
1377733455, 52.68
1377733460, 52.68
1377733465, 52.68
1377733470, 52.68
1377733475, 52.68
1377733480, 52.68
1377733485, 52.68
1377733490, 52.68
1377733495, 52.68
1377733500, 52.68
1377733505, 52.68
1377733510, 52.68
1377733515, 52.68
1377733520, 52.68
1377733525, 52.68
1377733530, 52.68
1377733535, 52.68
1377733540, 52.68
1377733545, 52.68
1377733550, 52.68
1377733555, 52.68
1377733560, 52.68
1377733565, 52.68
1377733570, 52.68
1377733575, 52.68
1377733580, 52.71
1377733585, 52.68
1377733590, 52.68
1377733595, 52.68
1377733600, 52.68
1377733605, 52.68
1377733610, 52.68
1377733615, 52.68
1377733620, 52.68
1377733625, 52.68
1377733630, 52.68
1377733635, 52.68
1377733640, 52.68
1377733645, 52.68
1377733650, 52.68
1377733655, 52.68
1377733660, 52.68
1377733665, 52.68
1377733670, 52.68
1377733675, 52.68
1377733680, 52.68
1377733685, 52.68
1377733690, 52.68
1377733695, 52.68
1377733700, 52.68
1377733705, 52.68
1377733710, 52.68
1377733715, 52.68
1377733720, 52.68
1377733725, 52.68
1377733730, 52.68
1377733735, 52.68
1377733740, 52.68
1377733745, 52.68
1377733750, 52.68
1377733755, 52.68
1377733760, 52.68
1377733765, 52.68
1377733770, 52.68
1377733775, 52.68
1377733780, 52.68
1377733785, 52.71
1377733790, 52.68
1377733795, 52.68
1377733800, 52.68
1377733805, 52.68
1377733810, 52.68
1377733815, 52.68
1377733820, 52.68
1377733825, 52.68
1377733830, 52.68
1377733835, 52.68
1377733840, 52.68
1377733845, 52.68
1377733850, 52.68
1377733855, 52.68
1377733860, 52.65
1377733865, 52.68
1377733870, 52.68
1377733875, 52.65
1377733880, 52.68
1377733885, 52.68
1377733890, 52.65
1377733895, 52.68
1377733900, 52.68
1377733905, 52.68
1377733910, 52.68
1377733915, 52.68
1377733920, 52.68
1377733925, 52.68
1377733930, 52.68
1377733935, 52.68
1377733940, 52.68
1377733945, 52.68
1377733950, 52.68
1377733955, 52.68
1377733960, 52.68
1377733965, 52.68
1377733970, 52.68
1377733975, 52.68
1377733980, 52.68
1377733985, 52.68
1377733990, 52.65
1377733995, 52.65
1377734000, 52.68
1377734005, 52.68
1377734010, 52.68
1377734015, 52.68
1377734020, 52.65
1377734025, 52.68
1377734030, 52.68
1377734035, 52.68
1377734040, 52.68
1377734045, 52.65
1377734050, 52.68
1377734055, 52.68
1377734060, 52.65
1377734065, 52.68
1377734070, 52.65
1377734075, 52.68
1377734080, 52.68
1377734085, 52.68
1377734090, 52.68
1377734095, 52.65
1377734100, 52.68
1377734105, 52.68
1377734110, 52.68
1377734115, 52.68
1377734120, 52.68
1377734125, 52.68
1377734130, 52.68
1377734135, 52.65
1377734140, 52.68
1377734145, 52.68
1377734150, 52.68
1377734155, 52.68
1377734160, 52.68
1377734165, 52.68
1377734170, 52.68
1377734175, 52.68
1377734180, 52.68
1377734185, 52.68
1377734190, 52.68
1377734195, 52.65
1377734200, 52.68
1377734205, 52.68
1377734210, 52.68
1377734215, 52.65
1377734220, 52.68
1377734225, 52.68
1377734230, 52.68
1377734235, 52.65
1377734240, 52.68
1377734245, 52.68
1377734250, 52.68
1377734255, 52.68
1377734260, 52.68
1377734265, 52.68
1377734270, 52.65
1377734275, 52.65
1377734280, 52.65
1377734285, 52.68
1377734290, 52.68
1377734295, 52.68
1377734300, 52.68
1377734305, 52.68
1377734310, 52.68
1377734315, 52.68
1377734320, 52.68
1377734325, 52.68
1377734330, 52.65
1377734335, 52.65
1377734340, 52.68
1377734345, 52.68
1377734350, 52.65
1377734355, 52.68
1377734360, 52.65
1377734365, 52.68
1377734370, 52.68
1377734375, 52.68
1377734380, 52.68
1377734385, 52.68
1377734390, 52.65
1377734395, 52.68
1377734400, 52.68
1377734405, 52.68
1377734410, 52.65
1377734415, 52.65
1377734420, 52.65
1377734425, 52.65
1377734430, 52.65
1377734435, 52.68
1377734440, 52.65
1377734445, 52.68
1377734450, 52.68
1377734455, 52.68
1377734460, 52.65
1377734465, 52.68
1377734470, 52.68
1377734475, 52.68
1377734480, 52.65
1377734485, 52.65
1377734490, 52.68
1377734495, 52.65
1377734500, 52.68
1377734505, 52.68
1377734510, 52.65
1377734515, 52.65
1377734520, 52.68
1377734525, 52.68
1377734530, 52.65
1377734535, 52.68
1377734540, 52.68
1377734545, 52.68
1377734550, 52.68
1377734555, 52.65
1377734560, 52.65
1377734565, 52.68
1377734570, 52.65
1377734575, 52.68
1377734580, 52.68
1377734585, 52.68
1377734590, 52.68
1377734595, 52.65
1377734600, 52.68
1377734605, 52.65
1377734610, 52.68
1377734615, 52.68
1377734620, 52.68
1377734625, 52.68
1377734630, 52.65
1377734635, 52.65
1377734640, 52.68
1377734645, 52.68
1377734650, 52.65
1377734655, 52.68
1377734660, 52.65
1377734665, 52.68
1377734670, 52.65
1377734675, 52.68
1377734680, 52.68
1377734685, 52.68
1377734690, 52.68
1377734695, 52.68
1377734700, 52.68
1377734705, 52.68
1377734710, 52.65
1377734715, 52.65
1377734720, 52.68
1377734725, 52.65
1377734730, 52.65
1377734735, 52.68
1377734740, 52.68
1377734745, 52.65
1377734750, 52.68
1377734755, 52.68
1377734760, 52.68
1377734765, 52.68
1377734770, 52.68
1377734775, 52.68
1377734780, 52.68
1377734785, 52.68
1377734790, 52.65
1377734795, 52.68
1377734800, 52.65
1377734805, 52.68
1377734810, 52.68
1377734815, 52.68
1377734820, 52.68
1377734825, 52.68
1377734830, 52.68
1377734835, 52.68
1377734840, 52.68
1377734845, 52.68
1377734850, 52.68
1377734855, 52.68
1377734860, 52.68
1377734865, 52.68
1377734870, 52.68
1377734875, 52.68
1377734880, 52.68
1377734885, 52.68
1377734890, 52.68
1377734895, 52.68
1377734900, 52.68
1377734905, 52.68
1377734910, 52.65
1377734915, 52.68
1377734920, 52.68
1377734925, 52.65
1377734930, 52.68
1377734935, 52.68
1377734940, 52.68
1377734945, 52.68
1377734950, 52.68
1377734955, 52.68
1377734960, 52.68
1377734965, 52.68
1377734970, 52.68
1377734975, 52.68
1377734980, 52.68
1377734985, 52.68
1377734990, 52.65
1377734995, 52.68
1377735000, 52.68
1377735005, 52.68
1377735010, 52.68
1377735015, 52.68
1377735020, 52.68
1377735025, 52.68
1377735030, 52.68
1377735035, 52.65
1377735040, 52.68
1377735045, 52.68
1377735050, 52.68
1377735055, 52.68
1377735060, 52.68
1377735065, 52.68
1377735070, 52.68
1377735075, 52.68
1377735080, 52.68
1377735085, 52.68
1377735090, 52.68
1377735095, 52.68
1377735100, 52.68
1377735105, 52.68
1377735110, 52.68
1377735115, 52.68
1377735120, 52.68
1377735125, 52.68
1377735130, 52.68
1377735135, 52.68
1377735140, 52.68
1377735145, 52.68
1377735150, 52.68
1377735155, 52.68
1377735160, 52.68
1377735165, 52.68
1377735170, 52.68
1377735175, 52.68
1377735180, 52.68
1377735185, 52.68
1377735190, 52.68
1377735195, 52.68
1377735200, 52.68
1377735205, 52.68
1377735210, 52.68
1377735215, 52.68
1377735220, 52.68
1377735225, 52.68
1377735230, 52.68
1377735235, 52.68
1377735240, 52.68
1377735245, 52.68
1377735250, 52.68
1377735255, 52.68
1377735260, 52.68
1377735265, 52.68
1377735270, 52.68
1377735275, 52.68
1377735280, 52.68
1377735285, 52.68
1377735290, 52.68
1377735295, 52.68
1377735300, 52.68
1377735305, 52.68
1377735310, 52.68
1377735315, 52.68
1377735320, 52.68
1377735325, 52.68
1377735330, 52.68
1377735335, 52.68
1377735340, 52.68
1377735345, 52.68
1377735350, 52.68
1377735355, 52.68
1377735360, 52.68
1377735365, 52.68
1377735370, 52.68
1377735375, 52.68
1377735380, 52.71
1377735385, 52.68
1377735390, 52.71
1377735395, 52.68
1377735400, 52.71
1377735405, 52.68
1377735410, 52.68
1377735415, 52.68
1377735420, 52.68
1377735425, 52.71
1377735430, 52.68
1377735435, 52.71
1377735440, 52.68
1377735445, 52.68
1377735450, 52.68
1377735455, 52.68
1377735460, 52.68
1377735465, 52.68
1377735470, 52.68
1377735475, 52.71
1377735480, 52.71
1377735485, 52.71
1377735490, 52.68
1377735495, 52.71
1377735500, 52.68
1377735505, 52.71
1377735510, 52.71
1377735515, 52.68
1377735520, 52.71
1377735525, 52.68
1377735530, 52.68
1377735535, 52.71
1377735540, 52.68
1377735545, 52.68
1377735550, 52.68
1377735555, 52.68
1377735560, 52.68
1377735565, 52.71
1377735570, 52.71
1377735575, 52.68
1377735580, 52.68
1377735585, 52.71
1377735590, 52.71
1377735595, 52.71
1377735600, 52.71
1377735605, 52.71
1377735610, 52.68
1377735615, 52.68
1377735620, 52.68
1377735625, 52.68
1377735630, 52.68
1377735635, 52.68
1377735640, 52.71
1377735645, 52.68
1377735650, 52.68
1377735655, 52.71
1377735660, 52.68
1377735665, 52.68
1377735670, 52.71
1377735675, 52.71
1377735680, 52.71
1377735685, 52.71
1377735690, 52.68
1377735695, 52.68
1377735700, 52.68
1377735705, 52.68
1377735710, 52.71
1377735715, 52.71
1377735720, 52.68
1377735725, 52.68
1377735730, 52.71
1377735735, 52.71
1377735740, 52.68
1377735745, 52.71
1377735750, 52.71
1377735755, 52.71
1377735760, 52.68
1377735765, 52.68
1377735770, 52.71
1377735775, 52.71
1377735780, 52.71
1377735785, 52.68
1377735790, 52.68
1377735795, 52.68
1377735800, 52.71
1377735805, 52.68
1377735810, 52.68
1377735815, 52.68
1377735820, 52.68
1377735825, 52.68
1377735830, 52.68
1377735835, 52.68
1377735840, 52.68
1377735845, 52.71
1377735850, 52.71
1377735855, 52.68
1377735860, 52.68
1377735865, 52.68
1377735870, 52.68
1377735875, 52.68
1377735880, 52.68
1377735885, 52.71
1377735890, 52.71
1377735895, 52.68
1377735900, 52.68
1377735905, 52.68
1377735910, 52.68
1377735915, 52.68
1377735920, 52.71
1377735925, 52.71
1377735930, 52.71
1377735935, 52.68
1377735940, 52.68
1377735945, 52.68
1377735950, 52.71
1377735955, 52.68
1377735960, 52.71
1377735965, 52.71
1377735970, 52.68
1377735975, 52.68
1377735980, 52.71
1377735985, 52.71
1377735990, 52.71
1377735995, 52.68
1377736000, 52.71
1377736005, 52.71
1377736010, 52.71
1377736015, 52.71
1377736020, 52.71
1377736025, 52.71
1377736030, 52.71
1377736035, 52.68
1377736040, 52.71
1377736045, 52.71
1377736050, 52.68
1377736055, 52.71
1377736060, 52.71
1377736065, 52.71
1377736070, 52.71
1377736075, 52.68
1377736080, 52.68
1377736085, 52.68
1377736090, 52.68
1377736095, 52.75
1377736100, 52.71
1377736105, 52.71
1377736110, 52.68
1377736115, 52.68
1377736120, 52.68
1377736125, 52.71
1377736130, 52.68
1377736135, 52.68
1377736140, 52.71
1377736145, 52.68
1377736150, 52.68
1377736155, 52.71
1377736160, 52.71
1377736165, 52.68
1377736170, 52.71
1377736175, 52.71
1377736180, 52.68
1377736185, 52.68
1377736190, 52.68
1377736195, 52.71
1377736200, 52.71
1377736205, 52.71
1377736210, 52.68
1377736215, 52.68
1377736220, 52.68
1377736225, 52.71
1377736230, 52.71
1377736235, 52.68
1377736240, 52.68
1377736245, 52.71
1377736250, 52.71
1377736255, 52.68
1377736260, 52.71
1377736265, 52.71
1377736270, 52.68
1377736275, 52.71
1377736280, 52.71
1377736285, 52.68
1377736290, 52.71
1377736295, 52.68
1377736300, 52.71
1377736305, 52.68
1377736310, 52.68
1377736315, 52.71
1377736320, 52.71
1377736325, 52.71
1377736330, 52.68
1377736335, 52.71
1377736340, 52.68
1377736345, 52.71
1377736350, 52.68
1377736355, 52.71
1377736360, 52.68
1377736365, 52.71
1377736370, 52.71
1377736375, 52.71
1377736380, 52.71
1377736385, 52.71
1377736390, 52.68
1377736395, 52.68
1377736400, 52.71
1377736405, 52.71
1377736410, 52.68
1377736415, 52.68
1377736420, 52.71
1377736425, 52.71
1377736430, 52.71
1377736435, 52.71
1377736440, 52.68
1377736445, 52.68
1377736450, 52.71
1377736455, 52.71
1377736460, 52.71
1377736465, 52.68
1377736470, 52.68
1377736475, 52.71
1377736480, 52.71
1377736485, 52.71
1377736490, 52.71
1377736495, 52.68
1377736500, 52.71
1377736505, 52.68
1377736510, 52.71
1377736515, 52.68
1377736520, 52.71
1377736525, 52.71
1377736530, 52.71
1377736535, 52.71
1377736540, 52.71
1377736545, 52.71
1377736550, 52.71
1377736555, 52.68
1377736560, 52.71
1377736565, 52.71
1377736570, 52.71
1377736575, 52.71
1377736580, 52.68
1377736585, 52.71
1377736590, 52.68
1377736595, 52.68
1377736600, 52.71
1377736605, 52.68
1377736610, 52.75
1377736615, 52.71
1377736620, 52.71
1377736625, 52.71
1377736630, 52.71
1377736635, 52.71
1377736640, 52.71
1377736645, 52.71
1377736650, 52.71
1377736655, 52.68
1377736660, 52.71
1377736665, 52.71
1377736670, 52.71
1377736675, 52.71
1377736680, 52.71
1377736685, 52.71
1377736690, 52.71
1377736695, 52.71
1377736700, 52.71
1377736705, 52.71
1377736710, 52.71
1377736715, 52.71
1377736720, 52.71
1377736725, 52.71
1377736730, 52.71
1377736735, 52.68
1377736740, 52.71
1377736745, 52.71
1377736750, 52.71
1377736755, 52.71
1377736760, 52.68
1377736765, 52.71
1377736770, 52.71
1377736775, 52.68
1377736780, 52.71
1377736785, 52.71
1377736790, 52.68
1377736795, 52.71
1377736800, 52.68
1377736805, 52.68
1377736810, 52.71
1377736815, 52.68
1377736820, 52.68
1377736825, 52.68
1377736830, 52.71
1377736835, 52.71
1377736840, 52.68
1377736845, 52.71
1377736850, 52.68
1377736855, 52.71
1377736860, 52.71
1377736865, 52.71
1377736870, 52.71
1377736875, 52.71
1377736880, 52.68
1377736885, 52.71
1377736890, 52.71
1377736895, 52.68
1377736900, 52.71
1377736905, 52.68
1377736910, 52.71
1377736915, 52.68
1377736920, 52.71
1377736925, 52.68
1377736930, 52.71
1377736935, 52.71
1377736940, 52.71
1377736945, 52.71
1377736950, 52.71
1377736955, 52.71
1377736960, 52.71
1377736965, 52.68
1377736970, 52.68
1377736975, 52.71
1377736980, 52.71
1377736985, 52.71
1377736990, 52.71
1377736995, 52.71
1377737000, 52.68
1377737005, 52.71
1377737010, 52.71
1377737015, 52.71
1377737020, 52.71
1377737025, 52.68
1377737030, 52.71
1377737035, 52.71
1377737040, 52.71
1377737045, 52.71
1377737050, 52.71
1377737055, 52.71
1377737060, 52.71
1377737065, 52.71
1377737070, 52.71
1377737075, 52.68
1377737080, 52.71
1377737085, 52.71
1377737090, 52.71
1377737095, 52.71
1377737100, 52.75
1377737105, 52.71
1377737110, 52.71
1377737115, 52.68
1377737120, 52.71
1377737125, 52.71
1377737130, 52.71
1377737135, 52.71
1377737140, 52.71
1377737145, 52.71
1377737150, 52.71
1377737155, 52.71
1377737160, 52.71
1377737165, 52.71
1377737170, 52.68
1377737175, 52.71
1377737180, 52.71
1377737185, 52.71
1377737190, 52.71
1377737195, 52.68
1377737200, 52.71
1377737205, 52.68
1377737210, 52.71
1377737215, 52.71
1377737220, 52.68
1377737225, 52.68
1377737230, 52.68
1377737235, 52.71
1377737240, 52.68
1377737245, 52.71
1377737250, 52.68
1377737255, 52.68
1377737260, 52.71
1377737265, 52.71
1377737270, 52.68
1377737275, 52.68
1377737280, 52.71
1377737285, 52.71
1377737290, 52.71
1377737295, 52.71
1377737300, 52.71
1377737305, 52.71
1377737310, 52.71
1377737315, 52.68
1377737320, 52.71
1377737325, 52.71
1377737330, 52.68
1377737335, 52.71
1377737340, 52.68
1377737345, 52.71
1377737350, 52.71
1377737355, 52.71
1377737360, 52.71
1377737365, 52.71
1377737370, 52.71
1377737375, 52.71
1377737380, 52.71
1377737385, 52.71
1377737390, 52.71
1377737395, 52.68
1377737400, 52.68
1377737405, 52.71
1377737410, 52.71
1377737415, 52.68
1377737420, 52.71
1377737425, 52.71
1377737430, 52.71
1377737435, 52.71
1377737440, 52.71
1377737445, 52.71
1377737450, 52.71
1377737455, 52.71
1377737460, 52.71
1377737465, 52.71
1377737470, 52.71
1377737475, 52.71
1377737480, 52.71
1377737485, 52.71
1377737490, 52.71
1377737495, 52.68
1377737500, 52.71
1377737505, 52.71
1377737510, 52.71
1377737515, 52.71
1377737520, 52.71
1377737525, 52.71
1377737530, 52.71
1377737535, 52.71
1377737540, 52.68
1377737545, 52.71
1377737550, 52.71
1377737555, 52.71
1377737560, 52.71
1377737565, 52.71
1377737570, 52.71
1377737575, 52.71
1377737580, 52.71
1377737585, 52.71
1377737590, 52.71
1377737595, 52.71
1377737600, 52.75
1377737605, 52.71
1377737610, 52.71
1377737615, 52.71
1377737620, 52.71
1377737625, 52.71
1377737630, 52.71
1377737635, 52.71
1377737640, 52.71
1377737645, 52.75
1377737650, 52.71
1377737655, 52.71
1377737660, 52.71
1377737665, 52.71
1377737670, 52.71
1377737675, 52.71
1377737680, 52.71
1377737685, 52.71
1377737690, 52.71
1377737695, 52.75
1377737700, 52.68
1377737705, 52.71
1377737710, 52.71
1377737715, 52.71
1377737720, 52.68
1377737725, 52.71
1377737730, 52.71
1377737735, 52.75
1377737740, 52.71
1377737745, 52.71
1377737750, 52.75
1377737755, 52.71
1377737760, 52.71
1377737765, 52.71
1377737770, 52.71
1377737775, 52.71
1377737780, 52.71
1377737785, 52.71
1377737790, 52.71
1377737795, 52.75
1377737800, 52.75
1377737805, 52.71
1377737810, 52.71
1377737815, 52.71
1377737820, 52.71
1377737825, 52.71
1377737830, 52.75
1377737835, 52.71
1377737840, 52.75
1377737845, 52.71
1377737850, 52.75
1377737855, 52.71
1377737860, 52.71
1377737865, 52.71
1377737870, 52.71
1377737875, 52.71
1377737880, 52.71
1377737885, 52.71
1377737890, 52.71
1377737895, 52.71
1377737900, 52.71
1377737905, 52.71
1377737910, 52.71
1377737915, 52.71
1377737920, 52.71
1377737925, 52.75
1377737930, 52.71
1377737935, 52.71
1377737940, 52.75
1377737945, 52.71
1377737950, 52.71
1377737955, 52.75
1377737960, 52.71
1377737965, 52.68
1377737970, 52.71
1377737975, 52.75
1377737980, 52.71
1377737985, 52.71
1377737990, 52.75
1377737995, 52.71
1377738000, 52.71
1377738005, 52.71
1377738010, 52.71
1377738015, 52.75
1377738020, 52.71
1377738025, 52.75
1377738030, 52.75
1377738035, 52.75
1377738040, 52.71
1377738045, 52.71
1377738050, 52.71
1377738055, 52.71
1377738060, 52.71
1377738065, 52.71
1377738070, 52.71
1377738075, 52.71
1377738080, 52.75
1377738085, 52.71
1377738090, 52.71
1377738095, 52.75
1377738100, 52.71
1377738105, 52.75
1377738110, 52.71
1377738115, 52.71
1377738120, 52.71
1377738125, 52.75
1377738130, 52.71
1377738135, 52.71
1377738140, 52.71
1377738145, 52.75
1377738150, 52.71
1377738155, 52.71
1377738160, 52.71
1377738165, 52.75
1377738170, 52.75
1377738175, 52.75
1377738180, 52.75
1377738185, 52.71
1377738190, 52.71
1377738195, 52.71
1377738200, 52.71
1377738205, 52.75
1377738210, 52.75
1377738215, 52.71
1377738220, 52.71
1377738225, 52.71
1377738230, 52.71
1377738235, 52.75
1377738240, 52.71
1377738245, 52.75
1377738250, 52.75
1377738255, 52.71
1377738260, 52.71
1377738265, 52.75
1377738270, 52.71
1377738275, 52.71
1377738280, 52.68
1377738285, 52.71
1377738290, 52.71
1377738295, 52.71
1377738300, 52.71
1377738305, 52.71
1377738310, 52.75
1377738315, 52.71
1377738320, 52.75
1377738325, 52.71
1377738330, 52.75
1377738335, 52.75
1377738340, 52.75
1377738345, 52.71
1377738350, 52.75
1377738355, 52.75
1377738360, 52.71
1377738365, 52.71
1377738370, 52.71
1377738375, 52.71
1377738380, 52.75
1377738385, 52.71
1377738390, 52.71
1377738395, 52.71
1377738400, 52.75
1377738405, 52.75
1377738410, 52.71
1377738415, 52.71
1377738420, 52.71
1377738425, 52.71
1377738430, 52.71
1377738435, 52.71
1377738440, 52.75
1377738445, 52.71
1377738450, 52.75
1377738455, 52.71
1377738460, 52.71
1377738465, 52.71
1377738470, 52.71
1377738475, 52.71
1377738480, 52.71
1377738485, 52.71
1377738490, 52.71
1377738495, 52.71
1377738500, 52.75
1377738505, 52.71
1377738510, 52.75
1377738515, 52.71
1377738520, 52.71
1377738525, 52.75
1377738530, 52.71
1377738535, 52.71
1377738540, 52.75
1377738545, 52.71
1377738550, 52.71
1377738555, 52.71
1377738560, 52.71
1377738565, 52.71
1377738570, 52.71
1377738575, 52.71
1377738580, 52.71
1377738585, 52.75
1377738590, 52.71
1377738595, 52.71
1377738600, 52.71
1377738605, 52.71
1377738610, 52.71
1377738615, 52.71
1377738620, 52.75
1377738625, 52.75
1377738630, 52.71
1377738635, 52.71
1377738640, 52.71
1377738645, 52.71
1377738650, 52.71
1377738655, 52.68
1377738660, 52.68
1377738665, 52.71
1377738670, 52.71
1377738675, 52.71
1377738680, 52.75
1377738685, 52.71
1377738690, 52.71
1377738695, 52.71
1377738700, 52.71
1377738705, 52.71
1377738710, 52.71
1377738715, 52.68
1377738720, 52.71
1377738725, 52.71
1377738730, 52.71
1377738735, 52.71
1377738740, 52.75
1377738745, 52.75
1377738750, 52.71
1377738755, 52.71
1377738760, 52.75
1377738765, 52.71
1377738770, 52.71
1377738775, 52.71
1377738780, 52.71
1377738785, 52.71
1377738790, 52.75
1377738795, 52.71
1377738800, 52.71
1377738805, 52.75
1377738810, 52.71
1377738815, 52.71
1377738820, 52.75
1377738825, 52.71
1377738830, 52.71
1377738835, 52.71
1377738840, 52.71
1377738845, 52.71
1377738850, 52.71
1377738855, 52.71
1377738860, 52.71
1377738865, 52.71
1377738870, 52.71
1377738875, 52.68
1377738880, 52.75
1377738885, 52.71
1377738890, 52.71
1377738895, 52.71
1377738900, 52.71
1377738905, 52.71
1377738910, 52.68
1377738915, 52.71
1377738920, 52.71
1377738925, 52.71
1377738930, 52.75
1377738935, 52.71
1377738940, 52.71
1377738945, 52.71
1377738950, 52.75
1377738955, 52.75
1377738960, 52.71
1377738964, 52.71
1377738970, 52.71
1377738975, 52.71
1377738980, 52.71
1377738985, 52.75
1377738990, 52.75
1377738995, 52.71
1377739000, 52.71
1377739005, 52.71
1377739010, 52.71
1377739015, 52.71
1377739020, 52.75
1377739025, 52.71
1377739030, 52.71
1377739035, 52.71
1377739040, 52.71
1377739045, 52.75
1377739050, 52.75
1377739055, 52.71
1377739060, 52.71
1377739065, 52.71
1377739070, 52.71
1377739075, 52.71
1377739080, 52.71
1377739085, 52.71
1377739090, 52.71
1377739095, 52.75
1377739100, 52.71
1377739105, 52.71
1377739110, 52.71
1377739115, 52.75
1377739120, 52.71
1377739125, 52.75
1377739130, 52.71
1377739135, 52.75
1377739140, 52.71
1377739145, 52.71
1377739150, 52.75
1377739155, 52.75
1377739160, 52.75
1377739165, 52.75
1377739170, 52.71
1377739175, 52.71
1377739180, 52.71
1377739185, 52.75
1377739190, 52.75
1377739195, 52.71
1377739200, 52.75
1377739205, 52.71
1377739210, 52.71
1377739215, 52.75
1377739220, 52.75
1377739225, 52.75
1377739230, 52.71
1377739235, 52.71
1377739240, 52.75
1377739245, 52.75
1377739250, 52.71
1377739255, 52.71
1377739260, 52.71
1377739265, 52.75
1377739270, 52.75
1377739275, 52.71
1377739280, 52.75
1377739285, 52.71
1377739290, 52.71
1377739295, 52.71
1377739300, 52.75
1377739305, 52.75
1377739310, 52.75
1377739315, 52.71
1377739320, 52.75
1377739325, 52.71
1377739330, 52.75
1377739335, 52.75
1377739340, 52.71
1377739345, 52.75
1377739350, 52.75
1377739355, 52.71
1377739360, 52.75
1377739365, 52.75
1377739370, 52.75
1377739375, 52.71
1377739380, 52.75
1377739385, 52.75
1377739390, 52.75
1377739395, 52.75
1377739400, 52.75
1377739405, 52.71
1377739410, 52.71
1377739415, 52.75
1377739420, 52.75
1377739425, 52.75
1377739430, 52.75
1377739435, 52.75
1377739440, 52.75
1377739445, 52.75
1377739450, 52.75
1377739455, 52.71
1377739460, 52.75
1377739465, 52.75
1377739470, 52.75
1377739475, 52.75
1377739480, 52.75
1377739485, 52.75
1377739490, 52.75
1377739495, 52.75
1377739500, 52.71
1377739505, 52.75
1377739510, 52.75
1377739515, 52.75
1377739520, 52.71
1377739525, 52.71
1377739530, 52.75
1377739535, 52.75
1377739540, 52.75
1377739545, 52.75
1377739550, 52.75
1377739555, 52.75
1377739560, 52.75
1377739565, 52.75
1377739570, 52.75
1377739574, 52.75
1377739579, 52.75
1377739585, 52.71
1377739590, 52.75
1377739595, 52.75
1377739600, 52.71
1377739604, 52.75
1377739610, 52.75
1377739615, 52.75
1377739620, 52.75
1377739625, 52.75
1377739629, 52.75
1377739635, 52.75
1377739640, 52.75
1377739645, 52.75
1377739649, 52.75
1377739654, 52.75
1377739660, 52.75
1377739665, 52.75
1377739670, 52.75
1377739674, 52.75
1377739680, 52.75
1377739685, 52.75
1377739690, 52.75
1377739695, 52.75
1377739699, 52.75
1377739705, 52.75
1377739709, 52.75
1377739715, 52.75
1377739720, 52.75
1377739724, 52.75
1377739729, 52.75
1377739734, 52.75
1377739740, 52.75
1377739745, 52.75
1377739749, 52.75
1377739754, 52.75
1377739759, 52.75
1377739765, 52.75
1377739770, 52.75
1377739775, 52.75
1377739779, 52.78
1377739784, 52.75
1377739790, 52.75
1377739795, 52.71
1377739800, 52.75
1377739805, 52.75
1377739809, 52.75
1377739814, 52.75
1377739820, 52.78
1377739825, 52.75
1377739829, 52.75
1377739834, 52.75
1377739839, 52.75
1377739844, 52.75
1377739850, 52.75
1377739855, 52.75
1377739859, 52.75
1377739864, 52.78
1377739869, 52.75
1377739875, 52.75
1377739879, 52.78
1377739884, 52.75
1377739889, 52.75
1377739894, 52.75
1377739900, 52.75
1377739904, 52.75
1377739909, 52.75
1377739914, 52.78
1377739919, 52.75
1377739924, 52.78
1377739929, 52.75
1377739934, 52.75
1377739940, 52.75
1377739944, 52.78
1377739949, 52.75
1377739954, 52.75
1377739959, 52.75
1377739964, 52.75
1377739969, 52.75
1377739974, 52.75
1377739979, 52.75
1377739984, 52.75
1377739989, 52.75
1377739994, 52.75
1377739999, 52.78
1377740004, 52.78
1377740010, 52.75
1377740014, 52.75
1377740019, 52.75
1377740024, 52.78
1377740030, 52.75
1377740035, 52.75
1377740040, 52.75
1377740044, 52.78
1377740049, 52.75
1377740054, 52.75
1377740059, 52.75
1377740064, 52.75
1377740069, 52.75
1377740075, 52.78
1377740079, 52.75
1377740084, 52.75
1377740089, 52.78
1377740094, 52.75
1377740099, 52.75
1377740105, 52.75
1377740110, 52.75
1377740114, 52.75
1377740119, 52.75
1377740125, 52.78
1377740129, 52.75
1377740134, 52.75
1377740140, 52.75
1377740144, 52.78
1377740149, 52.75
1377740154, 52.78
1377740159, 52.75
1377740164, 52.75
1377740169, 52.75
1377740174, 52.75
1377740179, 52.75
1377740184, 52.75
1377740189, 52.75
1377740194, 52.75
1377740199, 52.75
1377740204, 52.78
1377740209, 52.78
1377740214, 52.75
1377740219, 52.75
1377740224, 52.78
1377740229, 52.75
1377740234, 52.75
1377740239, 52.75
1377740244, 52.75
1377740249, 52.78
1377740254, 52.75
1377740259, 52.78
1377740264, 52.75
1377740269, 52.75
1377740274, 52.75
1377740280, 52.78
1377740284, 52.75
1377740290, 52.78
1377740294, 52.75
1377740299, 52.78
1377740304, 52.75
1377740309, 52.75
1377740314, 52.78
1377740319, 52.75
1377740324, 52.78
1377740329, 52.75
1377740334, 52.75
1377740339, 52.75
1377740344, 52.75
1377740349, 52.78
1377740354, 52.75
1377740359, 52.78
1377740364, 52.75
1377740369, 52.75
1377740375, 52.75
1377740379, 52.78
1377740384, 52.78
1377740389, 52.78
1377740394, 52.75
1377740400, 52.75
1377740404, 52.78
1377740409, 52.78
1377740414, 52.78
1377740419, 52.81
1377740424, 52.78
1377740429, 52.78
1377740434, 52.78
1377740439, 52.78
1377740444, 52.78
1377740449, 52.81
1377740454, 52.78
1377740459, 52.78
1377740464, 52.81
1377740469, 52.78
1377740474, 52.81
1377740479, 52.78
1377740484, 52.78
1377740489, 52.78
1377740494, 52.78
1377740499, 52.78
1377740504, 52.78
1377740509, 52.78
1377740514, 52.78
1377740519, 52.81
1377740524, 52.81
1377740529, 52.78
1377740534, 52.81
1377740539, 52.81
1377740544, 52.78
1377740549, 52.81
1377740554, 52.78
1377740559, 52.78
1377740564, 52.78
1377740569, 52.81
1377740574, 52.78
1377740579, 52.81
1377740585, 52.81
1377740589, 52.78
1377740594, 52.81
1377740599, 52.78
1377740604, 52.78
1377740609, 52.81
1377740614, 52.81
1377740620, 52.78
1377740624, 52.81
1377740629, 52.81
1377740634, 52.81
1377740639, 52.78
1377740644, 52.81
1377740649, 52.81
1377740654, 52.78
1377740659, 52.81
1377740664, 52.81
1377740669, 52.81
1377740674, 52.81
1377740679, 52.81
1377740684, 52.81
1377740689, 52.81
1377740694, 52.81
1377740699, 52.81
1377740704, 52.81
1377740709, 52.81
1377740714, 52.81
1377740719, 52.81
1377740724, 52.81
1377740729, 52.81
1377740734, 52.81
1377740739, 52.81
1377740744, 52.81
1377740749, 52.81
1377740754, 52.81
1377740759, 52.78
1377740764, 52.81
1377740769, 52.81
1377740774, 52.81
1377740779, 52.81
1377740784, 52.81
1377740789, 52.81
1377740794, 52.81
1377740799, 52.81
1377740804, 52.81
1377740809, 52.81
1377740814, 52.81
1377740819, 52.81
1377740824, 52.81
1377740829, 52.81
1377740834, 52.81
1377740840, 52.81
1377740844, 52.81
1377740849, 52.81
1377740854, 52.81
1377740859, 52.81
1377740864, 52.81
1377740869, 52.81
1377740874, 52.81
1377740879, 52.81
1377740884, 52.81
1377740889, 52.81
1377740894, 52.81
1377740899, 52.81
1377740904, 52.84
1377740909, 52.81
1377740914, 52.81
1377740919, 52.81
1377740924, 52.81
1377740929, 52.81
1377740934, 52.81
1377740939, 52.81
1377740944, 52.81
1377740949, 52.81
1377740954, 52.81
1377740959, 52.81
1377740964, 52.84
1377740970, 52.81
1377740974, 52.81
1377740979, 52.81
1377740984, 52.81
1377740989, 52.84
1377740994, 52.84
1377740999, 52.81
1377741004, 52.81
1377741009, 52.84
1377741014, 52.81
1377741019, 52.81
1377741024, 52.81
1377741029, 52.81
1377741034, 52.81
1377741039, 52.84
1377741044, 52.81
1377741049, 52.84
1377741054, 52.84
1377741059, 52.84
1377741064, 52.84
1377741069, 52.81
1377741074, 52.84
1377741079, 52.84
1377741084, 52.84
1377741089, 52.81
1377741094, 52.84
1377741099, 52.81
1377741104, 52.84
1377741109, 52.81
1377741114, 52.81
1377741119, 52.84
1377741124, 52.81
1377741129, 52.84
1377741134, 52.84
1377741139, 52.81
1377741144, 52.81
1377741149, 52.84
1377741154, 52.84
1377741159, 52.84
1377741164, 52.84
1377741169, 52.84
1377741174, 52.84
1377741179, 52.84
1377741184, 52.84
1377741189, 52.81
1377741194, 52.84
1377741199, 52.84
1377741204, 52.84
1377741209, 52.84
1377741214, 52.84
1377741219, 52.84
1377741224, 52.84
1377741229, 52.84
1377741234, 52.84
1377741239, 52.84
1377741244, 52.81
1377741249, 52.84
1377741254, 52.84
1377741259, 52.84
1377741264, 52.84
1377741269, 52.84
1377741274, 52.84
1377741279, 52.84
1377741284, 52.84
1377741289, 52.81
1377741294, 52.84
1377741299, 52.87
1377741304, 52.84
1377741309, 52.84
1377741314, 52.84
1377741319, 52.87
1377741324, 52.84
1377741329, 52.84
1377741334, 52.87
1377741339, 52.87
1377741344, 52.84
1377741349, 52.87
1377741354, 52.84
1377741359, 52.84
1377741364, 52.84
1377741369, 52.84
1377741374, 52.84
1377741379, 52.84
1377741384, 52.87
1377741389, 52.87
1377741394, 52.87
1377741399, 52.87
1377741404, 52.87
1377741409, 52.87
1377741414, 52.84
1377741419, 52.87
1377741424, 52.87
1377741429, 52.87
1377741434, 52.87
1377741439, 52.87
1377741444, 52.87
1377741449, 52.87
1377741454, 52.87
1377741459, 52.87
1377741464, 52.87
1377741469, 52.87
1377741474, 52.87
1377741479, 52.84
1377741484, 52.87
1377741489, 52.84
1377741494, 52.87
1377741499, 52.87
1377741504, 52.87
1377741509, 52.87
1377741514, 52.87
1377741519, 52.87
1377741524, 52.87
1377741529, 52.87
1377741534, 52.87
1377741539, 52.87
1377741544, 52.84
1377741549, 52.87
1377741554, 52.87
1377741559, 52.84
1377741564, 52.87
1377741569, 52.87
1377741574, 52.87
1377741579, 52.87
1377741584, 52.87
1377741589, 52.87
1377741594, 52.87
1377741599, 52.87
1377741604, 52.87
1377741609, 52.87
1377741614, 52.91
1377741619, 52.87
1377741624, 52.87
1377741629, 52.87
1377741634, 52.87
1377741639, 52.87
1377741644, 52.87
1377741649, 52.87
1377741654, 52.87
1377741659, 52.87
1377741664, 52.87
1377741669, 52.87
1377741674, 52.87
1377741679, 52.87
1377741684, 52.87
1377741689, 52.87
1377741694, 52.87
1377741699, 52.87
1377741704, 52.87
1377741709, 52.87
1377741715, 52.87
1377741719, 52.87
1377741724, 52.87
1377741729, 52.87
1377741734, 52.87
1377741739, 52.87
1377741744, 52.91
1377741749, 52.87
1377741754, 52.87
1377741759, 52.91
1377741764, 52.87
1377741769, 52.91
1377741774, 52.87
1377741779, 52.91
1377741784, 52.87
1377741789, 52.91
1377741794, 52.87
1377741799, 52.91
1377741804, 52.91
1377741809, 52.87
1377741814, 52.91
1377741819, 52.91
1377741824, 52.87
1377741829, 52.87
1377741834, 52.87
1377741839, 52.87
1377741844, 52.87
1377741849, 52.87
1377741854, 52.91
1377741859, 52.91
1377741864, 52.91
1377741869, 52.91
1377741874, 52.91
1377741879, 52.91
1377741884, 52.91
1377741889, 52.91
1377741894, 52.91
1377741899, 52.91
1377741904, 52.91
1377741909, 52.91
1377741914, 52.94
1377741919, 52.91
1377741924, 52.91
1377741929, 52.87
1377741934, 52.91
1377741939, 52.94
1377741944, 52.91
1377741949, 52.91
1377741954, 52.94
1377741959, 52.91
1377741964, 52.94
1377741969, 52.91
1377741974, 52.94
1377741979, 52.91
1377741984, 52.91
1377741989, 52.91
1377741994, 52.94
1377741999, 52.91
1377742006, 52.91
1377742009, 52.91
1377742014, 52.91
1377742019, 52.91
1377742024, 52.91
1377742029, 52.91
1377742034, 52.91
1377742039, 52.91
1377742044, 52.94
1377742049, 52.94
1377742054, 52.94
1377742059, 52.91
1377742064, 52.94
1377742069, 52.91
1377742074, 52.91
1377742079, 52.94
1377742084, 52.91
1377742089, 52.94
1377742094, 52.94
1377742099, 52.94
1377742104, 52.91
1377742109, 52.91
1377742114, 52.94
1377742119, 52.94
1377742124, 52.94
1377742129, 52.94
1377742134, 52.94
1377742139, 52.94
1377742144, 52.91
1377742149, 52.94
1377742154, 52.94
1377742159, 52.94
1377742164, 52.94
1377742169, 52.94
1377742174, 52.94
1377742180, 52.94
1377742184, 52.94
1377742189, 52.94
1377742194, 52.94
1377742199, 52.94
1377742204, 52.94
1377742209, 52.94
1377742214, 52.94
1377742219, 52.94
1377742225, 52.94
1377742229, 52.94
1377742234, 52.94
1377742239, 52.94
1377742244, 52.94
1377742249, 52.94
1377742254, 52.94
1377742259, 52.94
1377742264, 52.94
1377742269, 52.94
1377742274, 52.94
1377742279, 52.94
1377742284, 52.94
1377742289, 52.94
1377742294, 52.94
1377742299, 52.94
1377742304, 52.94
1377742309, 52.94
1377742314, 52.94
1377742319, 52.94
1377742324, 52.94
1377742329, 52.94
1377742334, 52.94
1377742339, 52.94
1377742344, 52.94
1377742349, 52.94
1377742354, 52.94
1377742359, 52.94
1377742364, 52.94
1377742369, 52.94
1377742374, 52.94
1377742379, 52.97
1377742384, 52.97
1377742389, 52.97
1377742394, 52.94
1377742399, 52.97
1377742404, 52.94
1377742409, 52.97
1377742414, 52.97
1377742419, 52.94
1377742424, 52.94
1377742429, 52.94
1377742434, 52.97
1377742439, 52.94
1377742444, 52.94
1377742449, 52.94
1377742454, 52.97
1377742459, 52.94
1377742464, 52.94
1377742469, 52.97
1377742474, 52.94
1377742479, 52.97
1377742484, 52.97
1377742489, 52.94
1377742494, 52.97
1377742499, 52.97
1377742504, 52.97
1377742509, 52.97
1377742514, 52.97
1377742519, 52.97
1377742524, 52.97
1377742529, 52.97
1377742534, 53.00
1377742539, 52.97
1377742544, 52.97
1377742549, 52.97
1377742554, 52.97
1377742559, 52.97
1377742564, 53.00
1377742569, 52.97
1377742574, 52.97
1377742579, 52.97
1377742584, 52.94
1377742589, 52.97
1377742594, 52.97
1377742599, 52.97
1377742604, 52.97
1377742609, 53.00
1377742614, 52.97
1377742619, 52.97
1377742624, 53.00
1377742629, 53.00
1377742634, 53.00
1377742639, 52.97
1377742644, 53.00
1377742649, 53.00
1377742654, 53.00
1377742659, 52.97
1377742664, 53.00
1377742669, 53.00
1377742674, 53.00
1377742679, 53.00
1377742684, 53.00
1377742689, 53.00
1377742694, 53.00
1377742699, 53.00
1377742704, 53.00
1377742709, 52.97
1377742714, 52.97
1377742719, 53.00
1377742724, 53.00
1377742729, 53.00
1377742734, 53.00
1377742739, 53.00
1377742744, 53.00
1377742749, 53.00
1377742754, 53.00
1377742759, 53.00
1377742764, 53.00
1377742769, 53.00
1377742774, 53.00
1377742779, 53.00
1377742784, 53.00
1377742789, 53.00
1377742794, 53.00
1377742799, 53.00
1377742804, 53.00
1377742809, 53.00
1377742814, 53.00
1377742819, 53.00
1377742824, 53.00
1377742829, 53.00
1377742834, 53.00
1377742839, 53.00
1377742844, 53.00
1377742849, 53.00
1377742854, 53.00
1377742859, 53.00
1377742864, 53.00
1377742869, 53.00
1377742874, 53.00
1377742879, 53.00
1377742884, 53.00
1377742889, 53.00
1377742894, 53.00
1377742899, 53.00
1377742904, 53.00
1377742909, 53.00
1377742914, 53.00
1377742919, 53.00
1377742924, 53.00
1377742929, 53.00
1377742934, 53.00
1377742939, 53.00
1377742944, 53.00
1377742949, 53.03
1377742954, 53.00
1377742959, 53.00
1377742964, 53.03
1377742969, 53.00
1377742974, 53.00
1377742979, 53.03
1377742984, 53.00
1377742989, 53.00
1377742994, 53.03
1377742999, 53.03
1377743004, 53.03
1377743009, 53.03
1377743014, 53.03
1377743019, 53.00
1377743024, 53.00
1377743029, 53.03
1377743034, 53.03
1377743039, 53.03
1377743044, 53.00
1377743049, 53.00
1377743054, 53.00
1377743059, 53.03
1377743064, 53.03
1377743069, 53.00
1377743074, 53.00
1377743079, 53.00
1377743084, 53.03
1377743089, 53.03
1377743094, 53.00
1377743099, 53.00
1377743104, 53.03
1377743109, 53.00
1377743114, 53.03
1377743119, 53.03
1377743124, 53.03
1377743129, 53.03
1377743134, 53.03
1377743139, 53.03
1377743144, 53.03
1377743149, 53.00
1377743154, 53.03
1377743159, 53.03
1377743164, 53.00
1377743169, 53.03
1377743174, 53.03
1377743179, 53.03
1377743184, 53.03
1377743189, 53.00
1377743194, 53.03
1377743199, 53.03
1377743204, 53.03
1377743209, 53.03
1377743214, 53.03
1377743219, 53.03
1377743224, 53.03
1377743229, 53.03
1377743234, 53.03
1377743239, 53.03
1377743244, 53.03
1377743249, 53.03
1377743254, 53.03
1377743259, 53.03
1377743264, 53.03
1377743269, 53.03
1377743274, 53.03
1377743279, 53.06
1377743284, 53.03
1377743289, 53.03
1377743294, 53.03
1377743299, 53.03
1377743304, 53.03
1377743309, 53.03
1377743314, 53.03
1377743319, 53.06
1377743324, 53.03
1377743329, 53.03
1377743334, 53.06
1377743339, 53.03
1377743344, 53.06
1377743349, 53.03
1377743354, 53.03
1377743359, 53.06
1377743364, 53.06
1377743369, 53.06
1377743374, 53.03
1377743379, 53.06
1377743384, 53.06
1377743389, 53.06
1377743394, 53.06
1377743399, 53.06
1377743404, 53.06
1377743409, 53.06
1377743414, 53.06
1377743419, 53.06
1377743424, 53.06
1377743429, 53.06
1377743434, 53.03
1377743439, 53.06
1377743444, 53.06
1377743449, 53.06
1377743454, 53.06
1377743459, 53.10
1377743464, 53.06
1377743469, 53.06
1377743474, 53.06
1377743479, 53.06
1377743484, 53.06
1377743489, 53.06
1377743494, 53.06
1377743499, 53.06
1377743504, 53.06
1377743509, 53.06
1377743514, 53.06
1377743519, 53.06
1377743524, 53.06
1377743529, 53.06
1377743534, 53.06
1377743539, 53.06
1377743544, 53.06
1377743549, 53.06
1377743554, 53.06
1377743559, 53.06
1377743564, 53.06
1377743569, 53.10
1377743574, 53.06
1377743579, 53.06
1377743584, 53.06
1377743589, 53.06
1377743594, 53.06
1377743599, 53.10
1377743604, 53.06
1377743609, 53.10
1377743614, 53.06
1377743619, 53.10
1377743624, 53.06
1377743629, 53.10
1377743634, 53.10
1377743639, 53.10
1377743644, 53.10
1377743649, 53.06
1377743654, 53.10
1377743659, 53.10
1377743664, 53.10
1377743669, 53.10
1377743674, 53.10
1377743679, 53.10
1377743684, 53.10
1377743689, 53.10
1377743694, 53.10
1377743699, 53.10
1377743704, 53.10
1377743709, 53.10
1377743714, 53.10
1377743719, 53.10
1377743724, 53.10
1377743729, 53.10
1377743734, 53.10
1377743739, 53.10
1377743744, 53.10
1377743749, 53.10
1377743754, 53.10
1377743759, 53.10
1377743764, 53.10
1377743769, 53.13
1377743774, 53.10
1377743779, 53.10
1377743784, 53.10
1377743789, 53.10
1377743794, 53.10
1377743799, 53.13
1377743804, 53.10
1377743809, 53.13
1377743814, 53.10
1377743819, 53.10
1377743824, 53.10
1377743829, 53.10
1377743834, 53.13
1377743839, 53.13
1377743844, 53.13
1377743849, 53.10
1377743854, 53.10
1377743859, 53.13
1377743864, 53.10
1377743869, 53.13
1377743874, 53.13
1377743879, 53.13
1377743884, 53.10
1377743889, 53.10
1377743894, 53.13
1377743899, 53.13
1377743904, 53.13
1377743909, 53.13
1377743914, 53.13
1377743919, 53.13
1377743924, 53.13
1377743929, 53.13
1377743934, 53.13
1377743939, 53.10
1377743944, 53.13
1377743949, 53.13
1377743954, 53.13
1377743959, 53.13
1377743964, 53.13
1377743969, 53.13
1377743974, 53.13
1377743979, 53.13
1377743984, 53.13
1377743989, 53.13
1377743994, 53.13
1377743999, 53.13
1377744004, 53.13
1377744009, 53.16
1377744014, 53.13
1377744019, 53.13
1377744024, 53.13
1377744029, 53.13
1377744034, 53.13
1377744039, 53.16
1377744044, 53.13
1377744049, 53.13
1377744054, 53.13
1377744059, 53.13
1377744064, 53.13
1377744069, 53.13
1377744074, 53.13
1377744079, 53.13
1377744084, 53.16
1377744089, 53.13
1377744094, 53.13
1377744099, 53.13
1377744105, 53.13
1377744109, 53.13
1377744114, 53.16
1377744119, 53.13
1377744124, 53.13
1377744129, 53.13
1377744134, 53.16
1377744139, 53.13
1377744144, 53.13
1377744149, 53.16
1377744154, 53.13
1377744159, 53.13
1377744164, 53.13
1377744169, 53.16
1377744174, 53.16
1377744179, 53.16
1377744184, 53.13
1377744189, 53.13
1377744194, 53.16
1377744199, 53.16
1377744204, 53.16
1377744209, 53.13
1377744214, 53.13
1377744219, 53.16
1377744224, 53.16
1377744229, 53.13
1377744234, 53.13
1377744239, 53.13
1377744244, 53.13
1377744249, 53.16
1377744254, 53.16
1377744259, 53.16
1377744264, 53.16
1377744269, 53.16
1377744274, 53.16
1377744279, 53.13
1377744284, 53.16
1377744289, 53.13
1377744294, 53.16
1377744299, 53.16
1377744304, 53.16
1377744309, 53.16
1377744314, 53.16
1377744319, 53.16
1377744324, 53.16
1377744329, 53.16
1377744334, 53.16
1377744339, 53.19
1377744344, 53.19
1377744349, 53.16
1377744354, 53.16
1377744359, 53.19
1377744364, 53.16
1377744369, 53.16
1377744374, 53.16
1377744379, 53.16
1377744384, 53.19
1377744389, 53.16
1377744394, 53.19
1377744399, 53.19
1377744404, 53.19
1377744409, 53.19
1377744414, 53.19
1377744419, 53.16
1377744424, 53.19
1377744429, 53.19
1377744434, 53.19
1377744439, 53.19
1377744444, 53.19
1377744449, 53.19
1377744454, 53.19
1377744459, 53.19
1377744464, 53.19
1377744469, 53.19
1377744474, 53.19
1377744479, 53.19
1377744484, 53.19
1377744489, 53.19
1377744494, 53.19
1377744499, 53.19
1377744504, 53.19
1377744509, 53.19
1377744514, 53.19
1377744519, 53.19
1377744524, 53.22
1377744529, 53.19
1377744534, 53.19
1377744539, 53.19
1377744544, 53.19
1377744549, 53.19
1377744554, 53.19
1377744559, 53.19
1377744564, 53.19
1377744569, 53.19
1377744574, 53.19
1377744579, 53.22
1377744584, 53.22
1377744589, 53.19
1377744594, 53.19
1377744599, 53.19
1377744604, 53.19
1377744609, 53.22
1377744614, 53.22
1377744619, 53.19
1377744624, 53.19
1377744629, 53.19
1377744634, 53.22
1377744639, 53.19
1377744644, 53.19
1377744649, 53.19
1377744654, 53.22
1377744659, 53.22
1377744664, 53.19
1377744669, 53.22
1377744674, 53.22
1377744679, 53.19
1377744684, 53.22
1377744689, 53.22
1377744694, 53.19
1377744699, 53.22
1377744704, 53.22
1377744709, 53.22
1377744714, 53.22
1377744719, 53.19
1377744724, 53.22
1377744729, 53.22
1377744734, 53.19
1377744739, 53.22
1377744744, 53.22
1377744749, 53.22
1377744754, 53.19
1377744759, 53.22
1377744764, 53.22
1377744769, 53.22
1377744774, 53.22
1377744779, 53.19
1377744784, 53.22
1377744789, 53.22
1377744794, 53.19
1377744799, 53.19
1377744804, 53.19
1377744809, 53.19
1377744814, 53.19
1377744819, 53.19
1377744824, 53.22
1377744829, 53.22
1377744834, 53.19
1377744839, 53.19
1377744844, 53.19
1377744849, 53.19
1377744854, 53.22
1377744859, 53.19
1377744864, 53.19
1377744869, 53.19
1377744874, 53.19
1377744879, 53.19
1377744884, 53.19
1377744889, 53.19
1377744894, 53.19
1377744899, 53.19
1377744909, 53.19
1377744914, 53.19
1377744919, 53.19
1377744924, 53.19
1377744929, 53.19
1377744934, 53.19
1377744939, 53.19
1377744944, 53.19
1377744949, 53.19
1377744954, 53.16
1377744959, 53.19
1377744964, 53.19
1377744969, 53.19
1377744974, 53.19
1377744979, 53.19
1377744984, 53.19
1377744989, 53.16
1377744994, 53.19
1377744999, 53.19
1377745004, 53.19
1377745009, 53.19
1377745014, 53.19
1377745019, 53.19
1377745024, 53.16
1377745029, 53.19
1377745034, 53.16
1377745039, 53.19
1377745044, 53.16
1377745049, 53.16
1377745054, 53.19
1377745059, 53.19
1377745064, 53.19
1377745069, 53.19
1377745074, 53.19
1377745079, 53.19
1377745084, 53.19
1377745089, 53.19
1377745094, 53.19
1377745099, 53.19
1377745104, 53.19
1377745109, 53.19
1377745114, 53.19
1377745119, 53.19
1377745124, 53.19
1377745129, 53.19
1377745134, 53.19
1377745139, 53.19
1377745144, 53.19
1377745149, 53.19
1377745154, 53.19
1377745159, 53.22
1377745164, 53.19
1377745169, 53.19
1377745174, 53.19
1377745179, 53.19
1377745184, 53.19
1377745189, 53.19
1377745194, 53.22
1377745199, 53.19
1377745204, 53.19
1377745209, 53.19
1377745214, 53.19
1377745219, 53.19
1377745224, 53.22
1377745229, 53.22
1377745234, 53.19
1377745239, 53.22
1377745244, 53.22
1377745249, 53.19
1377745254, 53.22
1377745259, 53.19
1377745264, 53.22
1377745269, 53.22
1377745274, 53.22
1377745279, 53.22
1377745284, 53.22
1377745289, 53.22
1377745294, 53.22
1377745299, 53.25
1377745304, 53.22
1377745309, 53.22
1377745314, 53.25
1377745319, 53.22
1377745324, 53.25
1377745329, 53.25
1377745334, 53.25
1377745339, 53.22
1377745344, 53.25
1377745349, 53.25
1377745354, 53.25
1377745359, 53.25
1377745364, 53.25
1377745369, 53.25
1377745374, 53.25
1377745379, 53.25
1377745384, 53.25
1377745389, 53.25
1377745394, 53.25
1377745399, 53.25
1377745404, 53.25
1377745409, 53.25
1377745414, 53.25
1377745419, 53.28
1377745424, 53.25
1377745429, 53.25
1377745434, 53.25
1377745439, 53.28
1377745444, 53.25
1377745449, 53.28
1377745454, 53.28
1377745459, 53.28
1377745464, 53.28
1377745469, 53.28
1377745474, 53.28
1377745479, 53.28
1377745484, 53.28
1377745489, 53.28
1377745494, 53.28
1377745499, 53.28
1377745504, 53.28
1377745509, 53.28
1377745514, 53.32
1377745519, 53.32
1377745524, 53.28
1377745529, 53.32
1377745534, 53.28
1377745539, 53.32
1377745544, 53.32
1377745549, 53.32
1377745554, 53.32
1377745559, 53.32
1377745564, 53.32
1377745569, 53.32
1377745574, 53.32
1377745579, 53.35
1377745584, 53.32
1377745589, 53.32
1377745594, 53.32
1377745599, 53.35
1377745604, 53.35
1377745609, 53.32
1377745614, 53.35
1377745619, 53.32
1377745624, 53.35
1377745629, 53.35
1377745634, 53.32
1377745639, 53.35
1377745644, 53.35
1377745649, 53.38
1377745654, 53.35
1377745659, 53.35
1377745664, 53.35
1377745669, 53.38
1377745674, 53.35
1377745679, 53.38
1377745684, 53.35
1377745689, 53.38
1377745694, 53.35
1377745699, 53.38
1377745704, 53.38
1377745709, 53.38
1377745714, 53.38
1377745719, 53.38
1377745724, 53.38
1377745729, 53.38
1377745734, 53.38
1377745739, 53.38
1377745744, 53.38
1377745749, 53.38
1377745754, 53.38
1377745759, 53.38
1377745764, 53.38
1377745769, 53.38
1377745774, 53.38
1377745779, 53.38
1377745784, 53.38
1377745789, 53.38
1377745794, 53.38
1377745799, 53.41
1377745804, 53.38
1377745809, 53.38
1377745814, 53.38
1377745819, 53.38
1377745824, 53.41
1377745829, 53.41
1377745834, 53.41
1377745839, 53.41
1377745844, 53.41
1377745849, 53.41
1377745854, 53.41
1377745859, 53.41
1377745864, 53.41
1377745869, 53.41
1377745874, 53.41
1377745879, 53.41
1377745884, 53.41
1377745889, 53.41
1377745894, 53.41
1377745899, 53.41
1377745904, 53.41
1377745909, 53.41
1377745914, 53.41
1377745919, 53.41
1377745924, 53.38
1377745929, 53.41
1377745934, 53.44
1377745939, 53.44
1377745944, 53.41
1377745949, 53.44
1377745954, 53.44
1377745959, 53.41
1377745964, 53.44
1377745969, 53.44
1377745974, 53.44
1377745979, 53.44
1377745984, 53.44
1377745989, 53.44
1377745994, 53.44
1377745999, 53.44
1377746004, 53.44
1377746009, 53.41
1377746014, 53.44
1377746019, 53.44
1377746024, 53.44
1377746029, 53.44
1377746034, 53.41
1377746039, 53.44
1377746044, 53.44
1377746049, 53.44
1377746054, 53.44
1377746059, 53.44
1377746064, 53.44
1377746069, 53.44
1377746074, 53.44
1377746079, 53.44
1377746084, 53.44
1377746089, 53.44
1377746094, 53.44
1377746099, 53.44
1377746104, 53.44
1377746109, 53.44
1377746114, 53.44
1377746119, 53.44
1377746124, 53.47
1377746129, 53.47
1377746134, 53.44
1377746139, 53.44
1377746144, 53.44
1377746149, 53.44
1377746154, 53.47
1377746159, 53.47
1377746164, 53.47
1377746169, 53.44
1377746174, 53.44
1377746179, 53.44
1377746184, 53.44
1377746189, 53.47
1377746194, 53.44
1377746199, 53.47
1377746204, 53.47
1377746209, 53.47
1377746214, 53.44
1377746219, 53.47
1377746224, 53.47
1377746229, 53.47
1377746234, 53.47
1377746239, 53.47
1377746244, 53.47
1377746249, 53.51
1377746254, 53.47
1377746259, 53.44
1377746264, 53.47
1377746269, 53.47
1377746274, 53.47
1377746279, 53.47
1377746284, 53.47
1377746289, 53.47
1377746294, 53.47
1377746299, 53.47
1377746304, 53.47
1377746309, 53.47
1377746314, 53.47
1377746319, 53.47
1377746324, 53.47
1377746329, 53.47
1377746334, 53.51
1377746339, 53.51
1377746344, 53.47
1377746349, 53.47
1377746354, 53.47
1377746359, 53.47
1377746364, 53.47
1377746369, 53.51
1377746374, 53.47
1377746379, 53.51
1377746384, 53.51
1377746389, 53.47
1377746394, 53.47
1377746399, 53.51
1377746404, 53.47
1377746409, 53.51
1377746414, 53.47
1377746419, 53.47
1377746424, 53.51
1377746429, 53.51
1377746434, 53.51
1377746439, 53.47
1377746444, 53.47
1377746449, 53.51
1377746454, 53.51
1377746459, 53.51
1377746464, 53.51
1377746469, 53.51
1377746474, 53.51
1377746479, 53.47
1377746484, 53.51
1377746489, 53.51
1377746494, 53.51
1377746500, 53.51
1377746504, 53.51
1377746509, 53.51
1377746514, 53.51
1377746519, 53.51
1377746524, 53.51
1377746529, 53.51
1377746534, 53.51
1377746539, 53.51
1377746544, 53.51
1377746549, 53.51
1377746554, 53.51
1377746559, 53.51
1377746564, 53.51
1377746569, 53.51
1377746574, 53.51
1377746579, 53.54
1377746584, 53.51
1377746589, 53.51
1377746594, 53.54
1377746599, 53.51
1377746604, 53.51
1377746609, 53.51
1377746614, 53.51
1377746619, 53.51
1377746624, 53.54
1377746629, 53.51
1377746634, 53.51
1377746639, 53.51
1377746644, 53.51
1377746649, 53.51
1377746654, 53.51
1377746659, 53.51
1377746664, 53.51
1377746669, 53.51
1377746674, 53.51
1377746679, 53.51
1377746684, 53.51
1377746689, 53.51
1377746694, 53.51
1377746699, 53.51
1377746704, 53.54
1377746709, 53.51
1377746714, 53.51
1377746719, 53.51
1377746724, 53.54
1377746729, 53.54
1377746734, 53.51
1377746739, 53.51
1377746744, 53.51
1377746749, 53.51
1377746754, 53.51
1377746759, 53.51
1377746764, 53.51
1377746769, 53.51
1377746774, 53.51
1377746779, 53.51
1377746784, 53.51
1377746789, 53.51
1377746794, 53.51
1377746799, 53.51
1377746804, 53.51
1377746809, 53.51
1377746814, 53.51
1377746819, 53.51
1377746824, 53.51
1377746829, 53.51
1377746834, 53.51
1377746839, 53.54
1377746844, 53.54
1377746849, 53.51
1377746854, 53.54
1377746859, 53.54
1377746864, 53.54
1377746869, 53.51
1377746874, 53.51
1377746879, 53.51
1377746884, 53.51
1377746889, 53.54
1377746894, 53.51
1377746899, 53.54
1377746904, 53.54
1377746909, 53.51
1377746914, 53.51
1377746919, 53.51
1377746924, 53.54
1377746929, 53.51
1377746934, 53.54
1377746939, 53.54
1377746944, 53.54
1377746949, 53.51
1377746954, 53.54
1377746959, 53.54
1377746965, 53.54
1377746969, 53.54
1377746974, 53.54
1377746979, 53.54
1377746984, 53.51
1377746989, 53.51
1377746994, 53.54
1377746999, 53.54
1377747004, 53.54
1377747009, 53.51
1377747014, 53.54
1377747019, 53.51
1377747024, 53.54
1377747029, 53.54
1377747034, 53.54
1377747039, 53.54
1377747044, 53.51
1377747049, 53.54
1377747054, 53.54
1377747059, 53.54
1377747064, 53.54
1377747069, 53.54
1377747074, 53.54
1377747079, 53.54
1377747084, 53.54
1377747089, 53.51
1377747094, 53.54
1377747099, 53.54
1377747104, 53.54
1377747109, 53.54
1377747114, 53.51
1377747119, 53.54
1377747124, 53.54
1377747129, 53.57
1377747134, 53.54
1377747139, 53.54
1377747144, 53.57
1377747149, 53.54
1377747154, 53.54
1377747159, 53.54
1377747164, 53.54
1377747169, 53.54
1377747174, 53.57
1377747179, 53.54
1377747184, 53.54
1377747189, 53.54
1377747194, 53.54
1377747199, 53.54
1377747204, 53.57
1377747209, 53.54
1377747214, 53.54
1377747219, 53.54
1377747224, 53.54
1377747229, 53.54
1377747234, 53.57
1377747239, 53.54
1377747244, 53.54
1377747249, 53.54
1377747254, 53.57
1377747259, 53.57
1377747264, 53.54
1377747269, 53.54
1377747274, 53.54
1377747279, 53.54
1377747284, 53.57
1377747289, 53.57
1377747294, 53.54
1377747299, 53.57
1377747304, 53.57
1377747309, 53.54
1377747314, 53.57
1377747319, 53.57
1377747324, 53.54
1377747329, 53.57
1377747334, 53.54
1377747339, 53.57
1377747344, 53.57
1377747349, 53.57
1377747354, 53.57
1377747359, 53.57
1377747364, 53.54
1377747369, 53.54
1377747374, 53.57
1377747379, 53.57
1377747384, 53.57
1377747389, 53.57
1377747394, 53.57
1377747399, 53.54
1377747404, 53.57
1377747409, 53.57
1377747414, 53.54
1377747419, 53.57
1377747424, 53.57
1377747429, 53.57
1377747434, 53.57
1377747439, 53.57
1377747444, 53.57
1377747449, 53.57
1377747454, 53.57
1377747459, 53.57
1377747464, 53.57
1377747469, 53.57
1377747474, 53.57
1377747479, 53.60
1377747484, 53.57
1377747489, 53.57
1377747494, 53.57
1377747499, 53.57
1377747504, 53.57
1377747509, 53.57
1377747514, 53.57
1377747519, 53.57
1377747524, 53.57
1377747529, 53.57
1377747534, 53.57
1377747539, 53.57
1377747544, 53.57
1377747549, 53.57
1377747554, 53.57
1377747559, 53.57
1377747564, 53.57
1377747569, 53.57
1377747574, 53.57
1377747579, 53.57
1377747584, 53.57
1377747589, 53.57
1377747594, 53.60
1377747599, 53.57
1377747604, 53.57
1377747609, 53.57
1377747614, 53.60
1377747619, 53.60
1377747624, 53.57
1377747629, 53.57
1377747634, 53.57
1377747639, 53.57
1377747644, 53.57
1377747649, 53.60
1377747654, 53.60
1377747659, 53.57
1377747664, 53.60
1377747669, 53.60
1377747674, 53.57
1377747679, 53.57
1377747684, 53.60
1377747689, 53.60
1377747694, 53.57
1377747699, 53.57
1377747704, 53.57
1377747709, 53.60
1377747714, 53.60
1377747719, 53.57
1377747724, 53.60
1377747729, 53.60
1377747734, 53.57
1377747739, 53.60
1377747744, 53.60
1377747749, 53.60
1377747754, 53.60
1377747759, 53.60
1377747764, 53.60
1377747769, 53.60
1377747774, 53.60
1377747779, 53.57
1377747784, 53.60
1377747789, 53.60
1377747794, 53.60
1377747799, 53.60
1377747804, 53.60
1377747809, 53.63
1377747814, 53.60
1377747819, 53.60
1377747824, 53.63
1377747829, 53.60
1377747834, 53.63
1377747839, 53.63
1377747844, 53.63
1377747849, 53.60
1377747854, 53.60
1377747859, 53.60
1377747864, 53.63
1377747869, 53.63
1377747874, 53.60
1377747879, 53.60
1377747884, 53.63
1377747889, 53.60
1377747894, 53.60
1377747899, 53.60
1377747904, 53.60
1377747909, 53.63
1377747914, 53.63
1377747919, 53.63
1377747924, 53.63
1377747929, 53.63
1377747934, 53.63
1377747939, 53.63
1377747944, 53.60
1377747949, 53.60
1377747954, 53.63
1377747959, 53.63
1377747964, 53.60
1377747969, 53.63
1377747974, 53.63
1377747979, 53.60
1377747984, 53.63
1377747989, 53.63
1377747994, 53.63
1377747999, 53.63
1377748004, 53.60
1377748009, 53.63
1377748014, 53.60
1377748019, 53.60
1377748024, 53.60
1377748029, 53.63
1377748034, 53.63
1377748039, 53.63
1377748044, 53.63
1377748049, 53.63
1377748054, 53.60
1377748059, 53.63
1377748064, 53.63
1377748069, 53.60
1377748074, 53.63
1377748079, 53.63
1377748084, 53.63
1377748089, 53.60
1377748094, 53.60
1377748099, 53.63
1377748104, 53.63
1377748109, 53.63
1377748114, 53.63
1377748119, 53.63
1377748124, 53.63
1377748129, 53.60
1377748134, 53.63
1377748139, 53.63
1377748144, 53.63
1377748149, 53.60
1377748154, 53.63
1377748159, 53.60
1377748164, 53.60
1377748169, 53.63
1377748174, 53.63
1377748179, 53.63
1377748184, 53.63
1377748189, 53.63
1377748194, 53.63
1377748199, 53.63
1377748204, 53.63
1377748209, 53.63
1377748214, 53.63
1377748219, 53.63
1377748224, 53.63
1377748229, 53.63
1377748234, 53.63
1377748239, 53.63
1377748244, 53.63
1377748249, 53.63
1377748254, 53.63
1377748259, 53.63
1377748264, 53.63
1377748269, 53.63
1377748274, 53.63
1377748279, 53.63
1377748284, 53.63
1377748289, 53.63
1377748294, 53.63
1377748299, 53.63
1377748304, 53.63
1377748309, 53.63
1377748314, 53.63
1377748319, 53.63
1377748324, 53.60
1377748329, 53.63
1377748334, 53.63
1377748339, 53.63
1377748344, 53.63
1377748349, 53.60
1377748354, 53.63
1377748359, 53.63
1377748364, 53.63
1377748369, 53.63
1377748374, 53.63
1377748379, 53.63
1377748384, 53.60
1377748389, 53.63
1377748394, 53.63
1377748399, 53.63
1377748404, 53.63
1377748409, 53.63
1377748414, 53.63
1377748419, 53.63
1377748424, 53.60
1377748429, 53.63
1377748434, 53.63
1377748439, 53.63
1377748444, 53.63
1377748449, 53.63
1377748454, 53.63
1377748459, 53.60
1377748464, 53.63
1377748469, 53.63
1377748474, 53.63
1377748479, 53.60
1377748484, 53.63
1377748489, 53.60
1377748494, 53.63
1377748499, 53.63
1377748504, 53.60
1377748509, 53.63
1377748514, 53.63
1377748519, 53.63
1377748524, 53.63
1377748529, 53.63
1377748534, 53.63
1377748539, 53.63
1377748544, 53.63
1377748549, 53.63
1377748554, 53.63
1377748559, 53.63
1377748564, 53.63
1377748569, 53.63
1377748574, 53.60
1377748579, 53.63
1377748584, 53.63
1377748589, 53.63
1377748594, 53.63
1377748599, 53.63
1377748604, 53.63
1377748609, 53.60
1377748614, 53.63
1377748619, 53.63
1377748624, 53.63
1377748629, 53.63
1377748634, 53.63
1377748639, 53.60
1377748644, 53.60
1377748649, 53.63
1377748654, 53.63
1377748659, 53.63
1377748664, 53.63
1377748669, 53.63
1377748674, 53.63
1377748679, 53.63
1377748684, 53.63
1377748689, 53.60
1377748694, 53.63
1377748699, 53.63
1377748704, 53.63
1377748709, 53.63
1377748714, 53.63
1377748719, 53.63
1377748724, 53.63
1377748729, 53.63
1377748734, 53.63
1377748739, 53.63
1377748744, 53.63
1377748749, 53.63
1377748754, 53.63
1377748759, 53.63
1377748764, 53.60
1377748769, 53.63
1377748774, 53.63
1377748779, 53.63
1377748784, 53.63
1377748789, 53.63
1377748794, 53.63
1377748799, 53.63
1377748804, 53.63
1377748809, 53.63
1377748814, 53.63
1377748819, 53.63
1377748824, 53.60
1377748829, 53.60
1377748834, 53.63
1377748839, 53.63
1377748844, 53.63
1377748849, 53.63
1377748854, 53.63
1377748859, 53.60
1377748864, 53.63
1377748869, 53.63
1377748874, 53.63
1377748879, 53.60
1377748884, 53.63
1377748889, 53.63
1377748894, 53.63
1377748899, 53.63
1377748904, 53.63
1377748909, 53.63
1377748914, 53.63
1377748919, 53.63
1377748924, 53.63
1377748929, 53.63
1377748934, 53.63
1377748939, 53.63
1377748944, 53.60
1377748949, 53.63
1377748954, 53.63
1377748959, 53.60
1377748964, 53.63
1377748969, 53.63
1377748974, 53.60
1377748979, 53.63
1377748984, 53.60
1377748989, 53.63
1377748994, 53.63
1377748999, 53.63
1377749004, 53.60
1377749009, 53.60
1377749014, 53.60
1377749019, 53.63
1377749024, 53.60
1377749029, 53.63
1377749034, 53.63
1377749039, 53.63
1377749044, 53.60
1377749049, 53.63
1377749054, 53.63
1377749059, 53.63
1377749064, 53.60
1377749069, 53.60
1377749074, 53.63
1377749079, 53.60
1377749084, 53.60
1377749089, 53.60
1377749094, 53.63
1377749099, 53.63
1377749104, 53.60
1377749109, 53.60
1377749114, 53.63
1377749119, 53.63
1377749124, 53.63
1377749129, 53.63
1377749134, 53.63
1377749139, 53.63
1377749144, 53.60
1377749149, 53.63
1377749154, 53.63
1377749159, 53.60
1377749164, 53.60
1377749169, 53.63
1377749174, 53.60
1377749179, 53.60
1377749184, 53.63
1377749189, 53.60
1377749194, 53.63
1377749199, 53.63
1377749204, 53.63
1377749209, 53.60
1377749214, 53.60
1377749219, 53.63
1377749224, 53.63
1377749229, 53.63
1377749234, 53.63
1377749239, 53.63
1377749244, 53.63
1377749249, 53.60
1377749254, 53.63
1377749259, 53.63
1377749264, 53.63
1377749269, 53.63
1377749274, 53.63
1377749279, 53.63
1377749284, 53.63
1377749289, 53.63
1377749294, 53.63
1377749299, 53.63
1377749304, 53.63
1377749309, 53.63
1377749314, 53.63
1377749319, 53.63
1377749324, 53.63
1377749329, 53.63
1377749334, 53.63
1377749339, 53.63
1377749344, 53.63
1377749349, 53.63
1377749354, 53.63
1377749359, 53.63
1377749364, 53.63
1377749369, 53.63
1377749374, 53.63
1377749379, 53.63
1377749384, 53.63
1377749389, 53.63
1377749394, 53.60
1377749399, 53.63
1377749404, 53.63
1377749409, 53.63
1377749414, 53.63
1377749419, 53.63
1377749424, 53.63
1377749429, 53.63
1377749434, 53.63
1377749439, 53.63
1377749444, 53.63
1377749449, 53.63
1377749454, 53.63
1377749459, 53.63
1377749464, 53.63
1377749469, 53.63
1377749474, 53.63
1377749479, 53.63
1377749484, 53.63
1377749489, 53.63
1377749494, 53.63
1377749499, 53.63
1377749504, 53.63
1377749509, 53.60
1377749514, 53.63
1377749519, 53.63
1377749524, 53.63
1377749529, 53.63
1377749534, 53.63
1377749539, 53.63
1377749544, 53.63
1377749549, 53.63
1377749554, 53.63
1377749559, 53.63
1377749564, 53.63
1377749569, 53.63
1377749574, 53.63
1377749579, 53.63
1377749584, 53.63
1377749589, 53.63
1377749594, 53.63
1377749599, 53.63
1377749604, 53.63
1377749609, 53.63
1377749614, 53.63
1377749619, 53.63
1377749624, 53.63
1377749629, 53.66
1377749634, 53.63
1377749639, 53.63
1377749644, 53.63
1377749649, 53.63
1377749654, 53.63
1377749659, 53.63
1377749664, 53.66
1377749669, 53.63
1377749674, 53.66
1377749679, 53.63
1377749684, 53.63
1377749689, 53.63
1377749694, 53.63
1377749699, 53.66
1377749704, 53.63
1377749709, 53.63
1377749714, 53.63
1377749719, 53.63
1377749724, 53.66
1377749729, 53.63
1377749734, 53.66
1377749739, 53.63
1377749744, 53.63
1377749749, 53.66
1377749754, 53.66
1377749759, 53.63
1377749764, 53.63
1377749769, 53.66
1377749774, 53.63
1377749779, 53.66
1377749784, 53.63
1377749789, 53.66
1377749794, 53.66
1377749799, 53.66
1377749804, 53.63
1377749809, 53.63
1377749814, 53.63
1377749819, 53.63
1377749824, 53.63
1377749829, 53.63
1377749834, 53.66
1377749839, 53.63
1377749844, 53.66
1377749849, 53.66
1377749854, 53.66
1377749859, 53.66
1377749864, 53.66
1377749869, 53.63
1377749874, 53.66
1377749879, 53.66
1377749884, 53.66
1377749889, 53.66
1377749894, 53.66
1377749899, 53.66
1377749904, 53.63
1377749909, 53.66
1377749914, 53.66
1377749919, 53.66
1377749924, 53.66
1377749929, 53.66
1377749934, 53.66
1377749939, 53.66
1377749944, 53.66
1377749949, 53.66
1377749954, 53.66
1377749959, 53.66
1377749964, 53.66
1377749969, 53.66
1377749974, 53.66
1377749979, 53.66
1377749984, 53.66
1377749989, 53.70
1377749994, 53.70
1377749999, 53.66
1377750004, 53.66
1377750009, 53.63
1377750014, 53.66
1377750019, 53.66
1377750024, 53.66
1377750029, 53.66
1377750034, 53.66
1377750039, 53.66
1377750044, 53.66
1377750049, 53.66
1377750054, 53.66
1377750059, 53.66
1377750064, 53.66
1377750069, 53.66
1377750074, 53.66
1377750079, 53.66
1377750084, 53.66
1377750089, 53.70
1377750094, 53.66
1377750099, 53.66
1377750104, 53.66
1377750109, 53.70
1377750114, 53.70
1377750119, 53.70
1377750124, 53.66
1377750129, 53.66
1377750134, 53.66
1377750139, 53.66
1377750144, 53.66
1377750149, 53.70
1377750154, 53.66
1377750159, 53.70
1377750164, 53.70
1377750169, 53.66
1377750174, 53.66
1377750179, 53.66
1377750184, 53.70
1377750189, 53.70
1377750194, 53.66
1377750199, 53.66
1377750204, 53.66
1377750209, 53.70
1377750214, 53.70
1377750219, 53.70
1377750224, 53.70
1377750229, 53.66
1377750234, 53.70
1377750239, 53.66
1377750244, 53.70
1377750249, 53.70
1377750254, 53.66
1377750259, 53.70
1377750264, 53.70
1377750269, 53.66
1377750274, 53.66
1377750279, 53.66
1377750284, 53.70
1377750289, 53.66
1377750294, 53.70
1377750299, 53.70
1377750304, 53.66
1377750309, 53.70
1377750314, 53.70
1377750319, 53.70
1377750324, 53.70
1377750329, 53.70
1377750334, 53.66
1377750339, 53.66
1377750344, 53.70
1377750349, 53.66
1377750354, 53.70
1377750359, 53.70
1377750364, 53.70
1377750369, 53.66
1377750374, 53.66
1377750379, 53.66
1377750384, 53.70
1377750389, 53.70
1377750394, 53.66
1377750399, 53.70
1377750404, 53.66
1377750409, 53.66
1377750414, 53.70
1377750419, 53.66
1377750424, 53.66
1377750429, 53.66
1377750434, 53.66
1377750439, 53.70
1377750444, 53.70
1377750449, 53.70
1377750454, 53.70
1377750459, 53.66
1377750464, 53.66
1377750469, 53.66
1377750474, 53.66
1377750479, 53.70
1377750484, 53.70
1377750489, 53.70
1377750494, 53.70
1377750499, 53.70
1377750504, 53.70
1377750509, 53.70
1377750514, 53.70
1377750519, 53.70
1377750524, 53.70
1377750529, 53.66
1377750534, 53.70
1377750539, 53.70
1377750544, 53.70
1377750549, 53.70
1377750554, 53.70
1377750559, 53.70
1377750564, 53.66
1377750569, 53.70
1377750574, 53.70
1377750579, 53.70
1377750584, 53.70
1377750589, 53.70
1377750594, 53.70
1377750599, 53.70
1377750604, 53.70
1377750609, 53.70
1377750614, 53.70
1377750619, 53.70
1377750624, 53.70
1377750629, 53.70
1377750634, 53.70
1377750639, 53.70
1377750644, 53.70
1377750649, 53.70
1377750654, 53.70
1377750659, 53.70
1377750664, 53.70
1377750669, 53.70
1377750674, 53.70
1377750679, 53.66
1377750684, 53.70
1377750689, 53.70
1377750694, 53.70
1377750699, 53.70
1377750704, 53.70
1377750709, 53.70
1377750714, 53.70
1377750719, 53.70
1377750724, 53.70
1377750729, 53.70
1377750734, 53.70
1377750739, 53.73
1377750744, 53.70
1377750749, 53.70
1377750754, 53.70
1377750759, 53.70
1377750764, 53.70
1377750769, 53.70
1377750774, 53.70
1377750779, 53.70
1377750784, 53.70
1377750789, 53.70
1377750794, 53.73
1377750799, 53.73
1377750804, 53.70
1377750809, 53.70
1377750814, 53.70
1377750819, 53.70
1377750824, 53.70
1377750829, 53.70
1377750834, 53.70
1377750839, 53.70
1377750844, 53.70
1377750849, 53.70
1377750854, 53.70
1377750859, 53.70
1377750864, 53.70
1377750869, 53.70
1377750874, 53.70
1377750879, 53.70
1377750884, 53.70
1377750889, 53.70
1377750894, 53.70
1377750899, 53.70
1377750904, 53.70
1377750909, 53.70
1377750914, 53.70
1377750919, 53.70
1377750924, 53.70
1377750929, 53.70
1377750934, 53.70
1377750939, 53.70
1377750944, 53.70
1377750949, 53.70
1377750954, 53.70
1377750959, 53.73
1377750964, 53.73
1377750969, 53.70
1377750974, 53.70
1377750979, 53.73
1377750984, 53.70
1377750989, 53.70
1377750994, 53.70
1377750999, 53.70
1377751004, 53.73
1377751009, 53.70
1377751014, 53.70
1377751019, 53.70
1377751024, 53.70
1377751029, 53.70
1377751034, 53.73
1377751039, 53.73
1377751044, 53.70
1377751049, 53.73
1377751054, 53.70
1377751059, 53.73
1377751064, 53.73
1377751069, 53.70
1377751074, 53.73
1377751079, 53.73
1377751084, 53.70
1377751089, 53.73
1377751094, 53.73
1377751099, 53.70
1377751104, 53.73
1377751109, 53.73
1377751114, 53.73
1377751119, 53.73
1377751124, 53.70
1377751129, 53.73
1377751134, 53.73
1377751139, 53.73
1377751144, 53.73
1377751149, 53.73
1377751154, 53.70
1377751159, 53.73
1377751164, 53.73
1377751169, 53.73
1377751174, 53.73
1377751179, 53.73
1377751184, 53.73
1377751189, 53.70
1377751194, 53.70
1377751199, 53.70
1377751204, 53.73
1377751209, 53.73
1377751214, 53.73
1377751219, 53.73
1377751224, 53.73
1377751229, 53.73
1377751234, 53.73
1377751239, 53.73
1377751244, 53.73
1377751249, 53.73
1377751254, 53.73
1377751259, 53.76
1377751264, 53.73
1377751269, 53.73
1377751274, 53.73
1377751279, 53.76
1377751284, 53.73
1377751289, 53.73
1377751294, 53.73
1377751299, 53.73
1377751304, 53.73
1377751309, 53.73
1377751315, 53.73
1377751319, 53.73
1377751324, 53.73
1377751329, 53.73
1377751334, 53.73
1377751339, 53.76
1377751344, 53.76
1377751349, 53.76
1377751354, 53.76
1377751359, 53.76
1377751364, 53.73
1377751369, 53.76
1377751374, 53.73
1377751379, 53.76
1377751384, 53.76
1377751389, 53.76
1377751394, 53.73
1377751399, 53.76
1377751404, 53.76
1377751409, 53.76
1377751414, 53.76
1377751419, 53.73
1377751424, 53.73
1377751429, 53.76
1377751434, 53.76
1377751439, 53.73
1377751444, 53.76
1377751449, 53.76
1377751454, 53.73
1377751459, 53.73
1377751464, 53.73
1377751469, 53.76
1377751474, 53.76
1377751479, 53.73
1377751484, 53.76
1377751489, 53.76
1377751494, 53.76
1377751499, 53.73
1377751504, 53.76
1377751509, 53.76
1377751514, 53.76
1377751519, 53.76
1377751524, 53.73
1377751529, 53.76
1377751534, 53.76
1377751539, 53.76
1377751544, 53.76
1377751549, 53.76
1377751554, 53.76
1377751559, 53.76
1377751564, 53.76
1377751569, 53.76
1377751574, 53.76
1377751579, 53.76
1377751584, 53.76
1377751589, 53.76
1377751594, 53.76
1377751599, 53.76
1377751604, 53.76
1377751609, 53.76
1377751614, 53.76
1377751619, 53.76
1377751624, 53.76
1377751629, 53.76
1377751634, 53.76
1377751639, 53.76
1377751644, 53.76
1377751649, 53.76
1377751654, 53.76
1377751659, 53.76
1377751664, 53.76
1377751669, 53.76
1377751674, 53.76
1377751679, 53.76
1377751684, 53.79
1377751689, 53.76
1377751694, 53.76
1377751699, 53.76
1377751704, 53.76
1377751709, 53.76
1377751714, 53.76
1377751719, 53.76
1377751724, 53.76
1377751729, 53.76
1377751734, 53.76
1377751739, 53.76
1377751744, 53.76
1377751749, 53.76
1377751754, 53.76
1377751759, 53.76
1377751764, 53.76
1377751769, 53.76
1377751774, 53.76
1377751779, 53.76
1377751784, 53.76
1377751789, 53.76
1377751794, 53.79
1377751799, 53.79
1377751804, 53.76
1377751809, 53.76
1377751814, 53.76
1377751819, 53.76
1377751824, 53.76
1377751829, 53.76
1377751834, 53.76
1377751839, 53.79
1377751844, 53.79
1377751849, 53.76
1377751854, 53.76
1377751859, 53.79
1377751864, 53.79
1377751869, 53.79
1377751874, 53.76
1377751879, 53.76
1377751884, 53.79
1377751889, 53.76
1377751894, 53.79
1377751899, 53.76
1377751904, 53.76
1377751909, 53.76
1377751914, 53.79
1377751919, 53.79
1377751924, 53.79
1377751929, 53.76
1377751934, 53.79
1377751939, 53.76
1377751944, 53.79
1377751949, 53.79
1377751954, 53.79
1377751959, 53.76
1377751964, 53.79
1377751969, 53.76
1377751974, 53.79
1377751979, 53.82
1377751984, 53.79
1377751989, 53.79
1377751994, 53.82
1377751999, 53.82
1377752004, 53.79
1377752009, 53.82
1377752014, 53.76
1377752019, 53.79
1377752024, 53.79
1377752029, 53.79
1377752034, 53.82
1377752039, 53.79
1377752044, 53.82
1377752049, 53.79
1377752054, 53.79
1377752059, 53.82
1377752064, 53.82
1377752069, 53.82
1377752074, 53.82
1377752079, 53.82
1377752084, 53.82
1377752089, 53.79
1377752094, 53.79
1377752099, 53.79
1377752104, 53.79
1377752109, 53.82
1377752114, 53.82
1377752119, 53.82
1377752124, 53.82
1377752129, 53.79
1377752134, 53.82
1377752139, 53.82
1377752144, 53.82
1377752149, 53.82
1377752154, 53.82
1377752159, 53.82
1377752164, 53.82
1377752169, 53.82
1377752174, 53.82
1377752179, 53.82
1377752184, 53.82
1377752189, 53.82
1377752194, 53.82
1377752199, 53.85
1377752204, 53.82
1377752209, 53.82
1377752214, 53.82
1377752219, 53.82
1377752224, 53.82
1377752229, 53.82
1377752234, 53.85
1377752239, 53.82
1377752244, 53.82
1377752249, 53.82
1377752254, 53.82
1377752259, 53.82
1377752264, 53.85
1377752269, 53.82
1377752274, 53.85
1377752279, 53.82
1377752284, 53.85
1377752289, 53.85
1377752294, 53.85
1377752299, 53.85
1377752304, 53.85
1377752309, 53.82
1377752314, 53.85
1377752319, 53.85
1377752324, 53.85
1377752329, 53.85
1377752334, 53.85
1377752339, 53.85
1377752344, 53.85
1377752349, 53.85
1377752354, 53.88
1377752359, 53.85
1377752364, 53.85
1377752369, 53.85
1377752374, 53.88
1377752379, 53.85
1377752384, 53.88
1377752389, 53.85
1377752394, 53.85
1377752399, 53.85
1377752404, 53.85
1377752409, 53.85
1377752414, 53.88
1377752419, 53.85
1377752424, 53.88
1377752429, 53.85
1377752434, 53.88
1377752439, 53.88
1377752444, 53.88
1377752449, 53.88
1377752454, 53.88
1377752459, 53.85
1377752464, 53.88
1377752469, 53.88
1377752474, 53.88
1377752479, 53.88
1377752484, 53.88
1377752489, 53.88
1377752494, 53.88
1377752499, 53.88
1377752504, 53.85
1377752509, 53.88
1377752514, 53.85
1377752519, 53.88
1377752524, 53.88
1377752529, 53.88
1377752534, 53.88
1377752539, 53.88
1377752544, 53.88
1377752549, 53.88
1377752554, 53.88
1377752559, 53.88
1377752564, 53.88
1377752569, 53.88
1377752574, 53.88
1377752579, 53.88
1377752584, 53.88
1377752589, 53.88
1377752594, 53.88
1377752599, 53.88
1377752604, 53.88
1377752609, 53.88
1377752614, 53.88
1377752619, 53.88
1377752624, 53.88
1377752629, 53.88
1377752634, 53.88
1377752639, 53.88
1377752644, 53.88
1377752649, 53.88
1377752654, 53.88
1377752659, 53.88
1377752664, 53.88
1377752669, 53.88
1377752674, 53.88
1377752679, 53.88
1377752684, 53.88
1377752689, 53.88
1377752694, 53.88
1377752699, 53.88
1377752704, 53.88
1377752709, 53.88
1377752714, 53.88
1377752719, 53.88
1377752724, 53.88
1377752729, 53.88
1377752734, 53.88
1377752739, 53.88
1377752744, 53.88
1377752749, 53.88
1377752754, 53.88
1377752759, 53.88
1377752764, 53.88
1377752769, 53.88
1377752774, 53.88
1377752779, 53.88
1377752784, 53.88
1377752789, 53.92
1377752794, 53.88
1377752799, 53.88
1377752804, 53.88
1377752809, 53.88
1377752814, 53.88
1377752819, 53.92
1377752824, 53.88
1377752829, 53.88
1377752834, 53.88
1377752839, 53.88
1377752844, 53.88
1377752849, 53.92
1377752854, 53.92
1377752859, 53.88
1377752864, 53.88
1377752869, 53.88
1377752874, 53.88
1377752879, 53.92
1377752884, 53.92
1377752889, 53.92
1377752894, 53.88
1377752899, 53.92
1377752904, 53.88
1377752909, 53.92
1377752914, 53.92
1377752919, 53.88
1377752924, 53.92
1377752929, 53.88
1377752934, 53.92
1377752939, 53.88
1377752944, 53.92
1377752949, 53.88
1377752954, 53.88
1377752959, 53.88
1377752964, 53.88
1377752969, 53.92
1377752974, 53.92
1377752979, 53.88
1377752984, 53.88
1377752989, 53.92
1377752994, 53.88
1377752999, 53.92
1377753004, 53.88
1377753009, 53.92
1377753014, 53.88
1377753019, 53.92
1377753024, 53.92
1377753029, 53.92
1377753034, 53.92
1377753039, 53.92
1377753044, 53.92
1377753049, 53.92
1377753054, 53.92
1377753059, 53.92
1377753064, 53.92
1377753069, 53.92
1377753074, 53.92
1377753079, 53.92
1377753084, 53.92
1377753089, 53.88
1377753094, 53.88
1377753099, 53.92
1377753104, 53.92
1377753109, 53.92
1377753114, 53.92
1377753119, 53.88
1377753124, 53.92
1377753129, 53.92
1377753134, 53.88
1377753139, 53.88
1377753144, 53.92
1377753149, 53.92
1377753154, 53.92
1377753159, 53.92
1377753164, 53.88
1377753169, 53.92
1377753174, 53.92
1377753179, 53.88
1377753184, 53.88
1377753189, 53.88
1377753194, 53.92
1377753199, 53.88
1377753204, 53.88
1377753209, 53.88
1377753214, 53.88
1377753219, 53.88
1377753224, 53.88
1377753229, 53.92
1377753234, 53.92
1377753239, 53.88
1377753244, 53.88
1377753249, 53.92
1377753254, 53.88
1377753259, 53.92
1377753264, 53.88
1377753269, 53.92
1377753274, 53.88
1377753279, 53.92
1377753284, 53.92
1377753289, 53.92
1377753294, 53.92
1377753299, 53.92
1377753304, 53.88
1377753309, 53.88
1377753314, 53.92
1377753319, 53.92
1377753324, 53.92
1377753329, 53.92
1377753334, 53.92
1377753339, 53.88
1377753344, 53.88
1377753349, 53.88
1377753354, 53.88
1377753359, 53.92
1377753364, 53.88
1377753369, 53.92
1377753374, 53.88
1377753379, 53.92
1377753384, 53.92
1377753389, 53.92
1377753394, 53.88
1377753399, 53.88
1377753404, 53.88
1377753409, 53.92
1377753414, 53.88
1377753419, 53.92
1377753424, 53.88
1377753429, 53.92
1377753434, 53.88
1377753439, 53.92
1377753444, 53.88
1377753449, 53.92
1377753454, 53.88
1377753459, 53.92
1377753464, 53.88
1377753469, 53.92
1377753474, 53.88
1377753479, 53.88
1377753484, 53.92
1377753489, 53.88
1377753494, 53.88
1377753499, 53.92
1377753504, 53.88
1377753509, 53.88
1377753514, 53.92
1377753519, 53.92
1377753524, 53.88
1377753529, 53.88
1377753534, 53.88
1377753539, 53.88
1377753544, 53.92
1377753549, 53.88
1377753554, 53.88
1377753559, 53.88
1377753564, 53.92
1377753569, 53.88
1377753574, 53.88
1377753579, 53.92
1377753584, 53.88
1377753589, 53.88
1377753594, 53.88
1377753599, 53.88
1377753604, 53.88
1377753609, 53.88
1377753614, 53.92
1377753619, 53.92
1377753624, 53.92
1377753629, 53.92
1377753634, 53.88
1377753639, 53.88
1377753644, 53.88
1377753649, 53.88
1377753654, 53.92
1377753659, 53.88
1377753664, 53.88
1377753669, 53.88
1377753674, 53.88
1377753679, 53.88
1377753684, 53.88
1377753689, 53.88
1377753694, 53.88
1377753699, 53.92
1377753704, 53.88
1377753709, 53.88
1377753714, 53.88
1377753719, 53.88
1377753724, 53.88
1377753729, 53.92
1377753734, 53.88
1377753739, 53.92
1377753744, 53.88
1377753749, 53.88
1377753754, 53.88
1377753759, 53.88
1377753764, 53.88
1377753769, 53.88
1377753774, 53.92
1377753779, 53.88
1377753784, 53.92
1377753789, 53.92
1377753794, 53.88
1377753799, 53.92
1377753804, 53.88
1377753809, 53.92
1377753814, 53.92
1377753819, 53.92
1377753824, 53.92
1377753829, 53.92
1377753834, 53.92
1377753839, 53.88
1377753844, 53.92
1377753849, 53.92
1377753854, 53.92
1377753859, 53.92
1377753864, 53.88
1377753869, 53.92
1377753874, 53.92
1377753879, 53.92
1377753884, 53.92
1377753889, 53.92
1377753894, 53.92
1377753899, 53.92
1377753904, 53.92
1377753909, 53.88
1377753914, 53.92
1377753919, 53.92
1377753924, 53.92
1377753929, 53.92
1377753934, 53.92
1377753939, 53.92
1377753944, 53.88
1377753949, 53.88
1377753954, 53.92
1377753959, 53.92
1377753964, 53.92
1377753969, 53.92
1377753974, 53.92
1377753979, 53.92
1377753984, 53.88
1377753989, 53.95
1377753994, 53.92
1377753999, 53.92
1377754004, 53.92
1377754009, 53.92
1377754014, 53.95
1377754019, 53.95
1377754024, 53.92
1377754029, 53.92
1377754034, 53.92
1377754039, 53.92
1377754044, 53.95
1377754049, 53.92
1377754054, 53.95
1377754059, 53.95
1377754064, 53.92
1377754069, 53.92
1377754074, 53.95
1377754079, 53.95
1377754084, 53.95
1377754089, 53.92
1377754094, 53.95
1377754099, 53.95
1377754104, 53.95
1377754109, 53.95
1377754114, 53.95
1377754119, 53.95
1377754124, 53.95
1377754129, 53.95
1377754134, 53.95
1377754139, 53.95
1377754144, 53.95
1377754149, 53.95
1377754154, 53.95
1377754159, 53.95
1377754164, 53.95
1377754169, 53.95
1377754174, 53.95
1377754179, 53.95
1377754184, 53.95
1377754189, 53.95
1377754194, 53.95
1377754199, 53.95
1377754204, 53.95
1377754209, 53.98
1377754214, 53.95
1377754219, 53.95
1377754224, 53.95
1377754229, 53.95
1377754234, 53.95
1377754239, 53.95
1377754244, 53.95
1377754249, 53.95
1377754254, 53.95
1377754259, 53.98
1377754264, 53.95
1377754269, 53.95
1377754274, 53.95
1377754279, 53.98
1377754284, 53.95
1377754289, 53.95
1377754294, 53.98
1377754299, 53.98
1377754304, 53.98
1377754309, 53.95
1377754314, 53.98
1377754319, 53.98
1377754324, 53.98
1377754329, 53.98
1377754334, 53.98
1377754339, 53.98
1377754344, 53.95
1377754349, 53.98
1377754354, 53.95
1377754359, 53.98
1377754364, 53.98
1377754369, 53.98
1377754374, 53.98
1377754379, 53.95
1377754384, 53.98
1377754389, 53.98
1377754394, 53.98
1377754399, 53.98
1377754404, 53.98
1377754409, 53.98
1377754414, 53.98
1377754419, 53.98
1377754424, 53.98
1377754429, 53.98
1377754434, 53.98
1377754439, 53.98
1377754444, 53.98
1377754449, 53.98
1377754454, 53.98
1377754459, 53.98
1377754464, 53.98
1377754469, 54.01
1377754474, 53.98
1377754479, 54.01
1377754484, 53.98
1377754489, 53.98
1377754494, 53.98
1377754499, 54.01
1377754504, 53.98
1377754509, 53.98
1377754514, 53.98
1377754519, 54.01
1377754524, 53.98
1377754529, 53.98
1377754534, 53.98
1377754539, 53.98
1377754544, 53.98
1377754549, 54.01
1377754554, 53.98
1377754559, 53.98
1377754564, 53.98
1377754569, 53.98
1377754574, 53.98
1377754579, 54.01
1377754584, 53.98
1377754589, 53.98
1377754594, 54.01
1377754599, 54.01
1377754604, 54.01
1377754609, 54.01
1377754614, 54.01
1377754619, 53.98
1377754624, 54.01
1377754629, 54.01
1377754634, 54.01
1377754639, 54.01
1377754644, 54.01
1377754649, 54.01
1377754654, 54.01
1377754659, 54.01
1377754664, 54.01
1377754669, 54.01
1377754674, 54.01
1377754679, 54.01
1377754684, 54.01
1377754689, 54.01
1377754694, 54.01
1377754699, 54.01
1377754704, 54.01
1377754709, 54.01
1377754714, 54.01
1377754719, 54.01
1377754724, 53.98
1377754729, 54.01
1377754734, 54.01
1377754739, 54.01
1377754744, 54.01
1377754749, 54.01
1377754754, 54.01
1377754759, 54.01
1377754764, 54.01
1377754769, 54.01
1377754774, 54.01
1377754779, 54.01
1377754784, 54.01
1377754789, 54.01
1377754794, 54.01
1377754799, 54.01
1377754804, 54.01
1377754809, 54.01
1377754814, 53.98
1377754819, 53.98
1377754824, 54.01
1377754829, 54.01
1377754834, 54.01
1377754839, 54.01
1377754844, 54.01
1377754849, 53.98
1377754854, 54.01
1377754859, 54.01
1377754864, 54.01
1377754869, 54.01
1377754874, 53.98
1377754879, 54.01
1377754884, 53.98
1377754889, 53.98
1377754894, 53.98
1377754899, 53.98
1377754904, 54.01
1377754909, 53.98
1377754914, 54.01
1377754919, 54.01
1377754924, 54.01
1377754929, 53.98
1377754934, 54.01
1377754939, 54.01
1377754944, 53.98
1377754949, 53.98
1377754954, 53.98
1377754959, 54.01
1377754964, 53.98
1377754970, 54.01
1377754974, 54.01
1377754979, 54.01
1377754984, 54.01
1377754989, 53.98
1377754994, 54.01
1377754999, 54.01
1377755004, 53.98
1377755009, 54.01
1377755014, 53.98
1377755019, 53.98
1377755024, 53.98
1377755029, 54.01
1377755034, 54.01
1377755039, 53.98
1377755044, 54.01
1377755049, 54.01
1377755054, 53.98
1377755059, 53.98
1377755064, 53.98
1377755069, 54.01
1377755074, 53.98
1377755079, 54.01
1377755084, 54.01
1377755089, 54.01
1377755094, 54.01
1377755099, 53.98
1377755104, 54.01
1377755109, 54.01
1377755114, 54.01
1377755119, 54.01
1377755124, 53.98
1377755129, 54.01
1377755134, 53.98
1377755139, 53.98
1377755144, 53.98
1377755149, 54.01
1377755154, 53.98
1377755159, 54.01
1377755164, 54.01
1377755169, 54.01
1377755174, 53.98
1377755179, 54.01
1377755184, 54.01
1377755189, 54.01
1377755194, 53.98
1377755199, 53.98
1377755204, 54.01
1377755209, 53.98
1377755214, 54.01
1377755219, 53.98
1377755224, 53.98
1377755229, 54.01
1377755234, 54.01
1377755239, 54.01
1377755244, 54.01
1377755249, 54.01
1377755254, 54.01
1377755259, 54.01
1377755264, 54.01
1377755269, 54.01
1377755274, 54.01
1377755279, 54.01
1377755284, 53.98
1377755289, 53.98
1377755294, 54.01
1377755299, 54.01
1377755304, 53.98
1377755309, 54.01
1377755314, 53.98
1377755319, 54.01
1377755324, 54.01
1377755329, 54.01
1377755334, 54.01
1377755339, 53.98
1377755344, 53.98
1377755349, 54.01
1377755354, 54.01
1377755359, 53.98
1377755364, 54.01
1377755369, 54.01
1377755374, 54.01
1377755379, 54.01
1377755384, 54.01
1377755389, 54.01
1377755394, 54.01
1377755399, 54.01
1377755404, 54.01
1377755409, 54.01
1377755414, 54.01
1377755419, 53.98
1377755424, 54.01
1377755429, 54.01
1377755434, 53.98
1377755439, 53.98
1377755444, 53.98
1377755449, 54.01
1377755454, 54.01
1377755459, 54.01
1377755464, 54.01
1377755469, 54.01
1377755474, 53.98
1377755479, 53.98
1377755484, 54.01
1377755489, 54.01
1377755494, 53.98
1377755499, 53.98
1377755504, 54.01
1377755509, 54.01
1377755514, 54.01
1377755519, 53.98
1377755524, 54.01
1377755529, 54.01
1377755534, 53.98
1377755539, 54.01
1377755544, 54.01
1377755549, 54.01
1377755554, 54.01
1377755559, 54.01
1377755564, 54.01
1377755569, 53.98
1377755574, 54.01
1377755579, 54.01
1377755584, 54.01
1377755589, 54.01
1377755594, 54.01
1377755599, 54.01
1377755604, 54.01
1377755609, 54.01
1377755614, 54.01
1377755619, 54.01
1377755624, 54.01
1377755629, 54.01
1377755634, 54.01
1377755639, 54.01
1377755644, 54.01
1377755649, 54.01
1377755654, 54.01
1377755659, 54.01
1377755664, 54.01
1377755669, 54.01
1377755674, 54.01
1377755679, 54.01
1377755684, 54.01
1377755689, 54.01
1377755694, 54.01
1377755699, 54.01
1377755704, 53.98
1377755709, 54.01
1377755714, 54.01
1377755719, 54.01
1377755724, 54.01
1377755729, 54.01
1377755734, 54.01
1377755739, 54.01
1377755744, 53.98
1377755749, 54.01
1377755754, 54.01
1377755759, 53.98
1377755764, 54.01
1377755769, 54.01
1377755774, 54.01
1377755779, 54.01
1377755784, 54.01
1377755789, 54.01
1377755794, 54.01
1377755799, 54.01
1377755804, 54.01
1377755809, 54.01
1377755814, 54.01
1377755819, 54.01
1377755824, 54.01
1377755829, 53.98
1377755834, 54.01
1377755839, 54.01
1377755844, 54.01
1377755849, 54.01
1377755854, 54.01
1377755859, 54.01
1377755864, 53.98
1377755869, 53.98
1377755874, 53.98
1377755879, 54.01
1377755884, 54.01
1377755889, 54.01
1377755894, 54.01
1377755899, 54.01
1377755904, 54.01
1377755909, 54.01
1377755914, 54.01
1377755919, 54.01
1377755924, 54.01
1377755929, 54.01
1377755934, 54.01
1377755939, 54.01
1377755944, 54.01
1377755949, 54.01
1377755954, 53.98
1377755959, 54.01
1377755964, 54.01
1377755969, 53.98
1377755974, 54.01
1377755979, 54.01
1377755984, 54.01
1377755989, 54.01
1377755994, 54.01
1377755999, 53.98
1377756004, 54.01
1377756009, 54.01
1377756014, 54.01
1377756019, 54.01
1377756024, 54.01
1377756029, 53.98
1377756034, 54.01
1377756039, 54.01
1377756044, 53.98
1377756049, 53.98
1377756054, 54.01
1377756059, 54.01
1377756064, 53.98
1377756069, 54.01
1377756074, 54.01
1377756079, 54.01
1377756084, 54.01
1377756089, 53.98
1377756094, 54.01
1377756099, 54.01
1377756104, 54.01
1377756109, 54.01
1377756114, 54.01
1377756119, 54.01
1377756124, 54.01
1377756129, 54.01
1377756134, 53.98
1377756139, 53.98
1377756144, 54.01
1377756149, 54.01
1377756154, 54.01
1377756159, 54.01
1377756164, 54.01
1377756169, 54.01
1377756174, 53.98
1377756179, 54.01
1377756184, 54.01
1377756189, 54.01
1377756194, 54.01
1377756199, 54.01
1377756204, 54.01
1377756209, 53.98
1377756214, 54.01
1377756219, 54.01
1377756224, 54.01
1377756229, 54.01
1377756234, 54.01
1377756239, 54.01
1377756244, 54.01
1377756249, 54.01
1377756254, 54.01
1377756259, 54.01
1377756264, 54.01
1377756269, 54.01
1377756274, 54.01
1377756279, 54.01
1377756284, 54.01
1377756289, 54.01
1377756294, 54.01
1377756299, 54.01
1377756304, 54.01
1377756309, 54.01
1377756314, 54.01
1377756319, 54.01
1377756324, 54.01
1377756329, 54.01
1377756334, 54.01
1377756339, 54.01
1377756344, 54.01
1377756349, 54.01
1377756354, 54.01
1377756359, 54.01
1377756364, 54.01
1377756369, 54.01
1377756374, 54.01
1377756379, 54.01
1377756384, 54.01
1377756389, 54.01
1377756394, 54.01
1377756399, 54.01
1377756404, 54.04
1377756409, 54.01
1377756414, 54.01
1377756419, 54.04
1377756424, 54.01
1377756429, 54.01
1377756434, 54.04
1377756439, 54.01
1377756444, 54.01
1377756449, 54.01
1377756454, 54.01
1377756459, 54.04
1377756464, 54.01
1377756469, 54.01
1377756474, 54.04
1377756479, 54.01
1377756484, 54.01
1377756489, 54.01
1377756494, 54.04
1377756499, 54.01
1377756504, 54.04
1377756509, 54.04
1377756514, 54.04
1377756519, 54.01
1377756524, 54.04
1377756529, 54.01
1377756534, 54.01
1377756539, 54.01
1377756544, 54.01
1377756549, 54.04
1377756554, 54.04
1377756559, 54.01
1377756564, 54.04
1377756569, 54.04
1377756574, 54.01
1377756579, 54.04
1377756584, 54.04
1377756589, 54.01
1377756594, 54.04
1377756599, 54.04
1377756604, 54.04
1377756609, 54.04
1377756614, 54.04
1377756619, 54.04
1377756624, 54.04
1377756629, 54.04
1377756634, 54.04
1377756639, 54.04
1377756644, 54.04
1377756649, 54.04
1377756654, 54.04
1377756659, 54.04
1377756664, 54.04
1377756669, 54.04
1377756674, 54.04
1377756679, 54.07
1377756684, 54.04
1377756689, 54.04
1377756694, 54.04
1377756699, 54.04
1377756704, 54.04
1377756709, 54.04
1377756714, 54.04
1377756719, 54.07
1377756724, 54.04
1377756729, 54.04
1377756734, 54.07
1377756739, 54.04
1377756744, 54.04
1377756749, 54.07
1377756754, 54.07
1377756759, 54.04
1377756764, 54.04
1377756769, 54.07
1377756774, 54.07
1377756779, 54.07
1377756784, 54.04
1377756789, 54.04
1377756794, 54.04
1377756799, 54.04
1377756804, 54.07
1377756809, 54.04
1377756814, 54.07
1377756819, 54.07
1377756824, 54.04
1377756829, 54.07
1377756834, 54.07
1377756839, 54.07
1377756844, 54.07
1377756849, 54.04
1377756854, 54.07
1377756859, 54.07
1377756864, 54.04
1377756869, 54.07
1377756874, 54.07
1377756879, 54.07
1377756884, 54.07
1377756889, 54.07
1377756894, 54.07
1377756899, 54.07
1377756904, 54.07
1377756909, 54.07
1377756914, 54.04
1377756919, 54.07
1377756924, 54.07
1377756929, 54.07
1377756934, 54.07
1377756939, 54.07
1377756944, 54.07
1377756949, 54.07
1377756954, 54.07
1377756959, 54.07
1377756964, 54.07
1377756969, 54.07
1377756974, 54.07
1377756979, 54.07
1377756984, 54.07
1377756989, 54.07
1377756994, 54.07
1377756999, 54.07
1377757004, 54.10
1377757009, 54.07
1377757014, 54.07
1377757019, 54.07
1377757024, 54.10
1377757029, 54.07
1377757034, 54.07
1377757039, 54.07
1377757044, 54.07
1377757049, 54.07
1377757054, 54.10
1377757059, 54.10
1377757064, 54.07
1377757069, 54.07
1377757074, 54.07
1377757079, 54.07
1377757084, 54.07
1377757089, 54.07
1377757094, 54.10
1377757099, 54.10
1377757104, 54.10
1377757109, 54.10
1377757114, 54.07
1377757119, 54.07
1377757124, 54.07
1377757129, 54.10
1377757134, 54.07
1377757139, 54.07
1377757144, 54.07
1377757149, 54.10
1377757154, 54.10
1377757159, 54.10
1377757164, 54.10
1377757169, 54.10
1377757174, 54.10
1377757179, 54.07
1377757184, 54.10
1377757189, 54.10
1377757194, 54.14
1377757199, 54.10
1377757204, 54.10
1377757209, 54.10
1377757214, 54.10
1377757219, 54.07
1377757224, 54.10
1377757229, 54.10
1377757234, 54.10
1377757239, 54.07
1377757244, 54.10
1377757249, 54.10
1377757254, 54.10
1377757259, 54.10
1377757264, 54.10
1377757269, 54.10
1377757274, 54.10
1377757279, 54.10
1377757284, 54.10
1377757289, 54.10
1377757294, 54.10
1377757299, 54.10
1377757304, 54.07
1377757309, 54.10
1377757314, 54.10
1377757319, 54.10
1377757324, 54.10
1377757329, 54.14
1377757334, 54.10
1377757339, 54.10
1377757344, 54.14
1377757349, 54.10
1377757354, 54.10
1377757359, 54.10
1377757364, 54.10
1377757369, 54.10
1377757374, 54.10
1377757379, 54.14
1377757384, 54.14
1377757389, 54.10
1377757394, 54.07
1377757399, 54.10
1377757404, 54.10
1377757409, 54.10
1377757414, 54.10
1377757419, 54.14
1377757424, 54.14
1377757429, 54.10
1377757434, 54.10
1377757439, 54.10
1377757444, 54.10
1377757449, 54.10
1377757454, 54.10
1377757459, 54.10
1377757464, 54.10
1377757469, 54.10
1377757474, 54.10
1377757479, 54.14
1377757484, 54.10
1377757489, 54.10
1377757494, 54.14
1377757499, 54.10
1377757504, 54.10
1377757509, 54.10
1377757514, 54.10
1377757519, 54.10
1377757524, 54.10
1377757529, 54.10
1377757534, 54.07
1377757539, 54.10
1377757544, 54.10
1377757549, 54.14
1377757554, 54.10
1377757559, 54.14
1377757564, 54.10
1377757569, 54.10
1377757574, 54.10
1377757579, 54.10
1377757584, 54.10
1377757589, 54.14
1377757594, 54.14
1377757599, 54.14
1377757604, 54.14
1377757609, 54.10
1377757614, 54.10
1377757619, 54.14
1377757624, 54.10
1377757629, 54.10
1377757634, 54.10
1377757639, 54.14
1377757644, 54.10
1377757649, 54.10
1377757654, 54.14
1377757659, 54.10
1377757664, 54.10
1377757669, 54.10
1377757674, 54.14
1377757679, 54.10
1377757684, 54.10
1377757689, 54.14
1377757694, 54.10
1377757699, 54.10
1377757704, 54.10
1377757709, 54.14
1377757714, 54.14
1377757719, 54.14
1377757724, 54.10
1377757729, 54.14
1377757734, 54.10
1377757739, 54.10
1377757744, 54.10
1377757749, 54.14
1377757754, 54.10
1377757759, 54.14
1377757764, 54.14
1377757769, 54.10
1377757774, 54.10
1377757779, 54.14
1377757784, 54.14
1377757789, 54.10
1377757794, 54.10
1377757799, 54.14
1377757804, 54.10
1377757809, 54.14
1377757814, 54.14
1377757819, 54.14
1377757824, 54.10
1377757829, 54.10
1377757834, 54.10
1377757839, 54.14
1377757844, 54.14
1377757849, 54.14
1377757854, 54.14
1377757859, 54.14
1377757864, 54.10
1377757869, 54.14
1377757874, 54.14
1377757879, 54.14
1377757884, 54.14
1377757889, 54.14
1377757894, 54.14
1377757899, 54.14
1377757904, 54.14
1377757909, 54.14
1377757914, 54.14
1377757919, 54.14
1377757924, 54.14
1377757929, 54.14
1377757934, 54.14
1377757939, 54.14
1377757944, 54.14
1377757949, 54.10
1377757954, 54.14
1377757959, 54.14
1377757964, 54.14
1377757969, 54.14
1377757974, 54.14
1377757979, 54.14
1377757984, 54.14
1377757989, 54.14
1377757994, 54.14
1377757999, 54.10
1377758004, 54.14
1377758009, 54.14
1377758014, 54.14
1377758019, 54.14
1377758024, 54.14
1377758029, 54.14
1377758034, 54.14
1377758039, 54.14
1377758044, 54.14
1377758049, 54.14
1377758054, 54.14
1377758059, 54.14
1377758064, 54.14
1377758069, 54.14
1377758074, 54.14
1377758079, 54.14
1377758084, 54.14
1377758089, 54.14
1377758094, 54.14
1377758099, 54.14
1377758104, 54.14
1377758109, 54.14
1377758114, 54.14
1377758119, 54.14
1377758124, 54.14
1377758129, 54.14
1377758134, 54.14
1377758139, 54.14
1377758144, 54.14
1377758149, 54.14
1377758154, 54.14
1377758159, 54.14
1377758164, 54.14
1377758169, 54.14
1377758174, 54.14
1377758179, 54.14
1377758184, 54.14
1377758189, 54.14
1377758194, 54.14
1377758199, 54.14
1377758204, 54.14
1377758209, 54.14
1377758214, 54.14
1377758219, 54.10
1377758224, 54.14
1377758229, 54.14
1377758234, 54.14
1377758239, 54.14
1377758244, 54.14
1377758249, 54.14
1377758254, 54.14
1377758259, 54.14
1377758264, 54.10
1377758269, 54.14
1377758274, 54.14
1377758279, 54.14
1377758284, 54.14
1377758289, 54.14
1377758294, 54.14
1377758299, 54.14
1377758304, 54.14
1377758309, 54.14
1377758314, 54.14
1377758319, 54.14
1377758324, 54.14
1377758329, 54.14
1377758334, 54.14
1377758339, 54.14
1377758344, 54.14
1377758349, 54.14
1377758354, 54.14
1377758359, 54.14
1377758364, 54.14
1377758369, 54.14
1377758374, 54.14
1377758379, 54.14
1377758384, 54.14
1377758389, 54.14
1377758394, 54.14
1377758399, 54.14
1377758404, 54.14
1377758409, 54.14
1377758414, 54.14
1377758419, 54.14
1377758424, 54.14
1377758429, 54.14
1377758434, 54.10
1377758439, 54.14
1377758444, 54.10
1377758449, 54.14
1377758454, 54.10
1377758459, 54.14
1377758464, 54.14
1377758469, 54.14
1377758474, 54.14
1377758479, 54.14
1377758484, 54.10
1377758489, 54.14
1377758494, 54.14
1377758499, 54.14
1377758504, 54.14
1377758509, 54.10
1377758514, 54.14
1377758519, 54.14
1377758524, 54.14
1377758529, 54.14
1377758534, 54.14
1377758539, 54.14
1377758544, 54.14
1377758549, 54.14
1377758554, 54.14
1377758559, 54.14
1377758564, 54.14
1377758569, 54.14
1377758574, 54.14
1377758579, 54.14
1377758584, 54.14
1377758589, 54.14
1377758594, 54.14
1377758599, 54.14
1377758604, 54.14
1377758609, 54.14
1377758614, 54.14
1377758619, 54.10
1377758624, 54.14
1377758629, 54.14
1377758634, 54.14
1377758639, 54.14
1377758644, 54.14
1377758649, 54.14
1377758654, 54.14
1377758659, 54.14
1377758664, 54.14
1377758669, 54.14
1377758674, 54.14
1377758679, 54.14
1377758684, 54.14
1377758689, 54.14
1377758694, 54.14
1377758699, 54.14
1377758704, 54.14
1377758709, 54.14
1377758714, 54.14
1377758719, 54.10
1377758724, 54.14
1377758729, 54.14
1377758734, 54.14
1377758739, 54.14
1377758744, 54.14
1377758749, 54.14
1377758754, 54.14
1377758759, 54.14
1377758764, 54.14
1377758769, 54.14
1377758774, 54.14
1377758779, 54.14
1377758784, 54.14
1377758789, 54.14
1377758794, 54.14
1377758799, 54.14
1377758804, 54.14
1377758809, 54.14
1377758814, 54.14
1377758819, 54.14
1377758824, 54.14
1377758829, 54.14
1377758834, 54.10
1377758839, 54.14
1377758844, 54.14
1377758849, 54.14
1377758854, 54.14
1377758859, 54.14
1377758864, 54.14
1377758869, 54.14
1377758874, 54.14
1377758879, 54.14
1377758884, 54.14
1377758889, 54.14
1377758894, 54.14
1377758899, 54.14
1377758904, 54.10
1377758909, 54.14
1377758914, 54.14
1377758919, 54.14
1377758924, 54.10
1377758929, 54.10
1377758934, 54.10
1377758939, 54.14
1377758944, 54.10
1377758949, 54.14
1377758954, 54.14
1377758959, 54.14
1377758964, 54.14
1377758969, 54.14
1377758974, 54.10
1377758979, 54.14
1377758984, 54.14
1377758989, 54.14
1377758994, 54.14
1377758999, 54.14
1377759004, 54.10
1377759009, 54.14
1377759014, 54.10
1377759019, 54.14
1377759024, 54.10
1377759029, 54.10
1377759034, 54.10
1377759039, 54.10
1377759044, 54.14
1377759049, 54.10
1377759054, 54.10
1377759059, 54.10
1377759064, 54.10
1377759069, 54.14
1377759074, 54.14
1377759079, 54.10
1377759084, 54.14
1377759089, 54.10
1377759094, 54.10
1377759099, 54.14
1377759104, 54.10
1377759109, 54.14
1377759114, 54.14
1377759119, 54.10
1377759124, 54.10
1377759129, 54.14
1377759134, 54.14
1377759139, 54.10
1377759144, 54.10
1377759149, 54.14
1377759154, 54.14
1377759159, 54.14
1377759164, 54.14
1377759169, 54.14
1377759174, 54.14
1377759179, 54.10
1377759184, 54.10
1377759189, 54.10
1377759194, 54.10
1377759199, 54.10
1377759204, 54.14
1377759209, 54.10
1377759214, 54.10
1377759219, 54.10
1377759224, 54.10
1377759229, 54.10
1377759234, 54.10
1377759239, 54.14
1377759244, 54.14
1377759249, 54.14
1377759254, 54.10
1377759259, 54.10
1377759264, 54.10
1377759269, 54.14
1377759274, 54.10
1377759279, 54.10
1377759284, 54.14
1377759289, 54.10
1377759294, 54.10
1377759299, 54.10
1377759304, 54.14
1377759309, 54.10
1377759314, 54.10
1377759319, 54.10
1377759324, 54.10
1377759329, 54.10
1377759334, 54.10
1377759339, 54.14
1377759344, 54.10
1377759349, 54.10
1377759354, 54.10
1377759359, 54.14
1377759364, 54.10
1377759369, 54.10
1377759374, 54.14
1377759379, 54.14
1377759384, 54.10
1377759389, 54.10
1377759394, 54.10
1377759399, 54.10
1377759404, 54.10
1377759409, 54.10
1377759414, 54.10
1377759419, 54.10
1377759424, 54.10
1377759430, 54.10
1377759434, 54.10
1377759439, 54.10
1377759444, 54.10
1377759449, 54.10
1377759454, 54.10
1377759459, 54.10
1377759464, 54.10
1377759469, 54.10
1377759474, 54.10
1377759479, 54.10
1377759484, 54.10
1377759489, 54.10
1377759494, 54.10
1377759499, 54.10
1377759504, 54.10
1377759509, 54.10
1377759514, 54.10
1377759519, 54.10
1377759524, 54.14
1377759529, 54.10
1377759534, 54.10
1377759539, 54.10
1377759544, 54.10
1377759549, 54.10
1377759554, 54.10
1377759559, 54.10
1377759564, 54.10
1377759569, 54.10
1377759574, 54.10
1377759579, 54.10
1377759584, 54.10
1377759589, 54.10
1377759594, 54.10
1377759599, 54.10
1377759604, 54.14
1377759609, 54.14
1377759614, 54.10
1377759619, 54.10
1377759624, 54.10
1377759629, 54.14
1377759634, 54.10
1377759639, 54.10
1377759644, 54.10
1377759649, 54.14
1377759654, 54.10
1377759659, 54.14
1377759664, 54.14
1377759669, 54.10
1377759674, 54.14
1377759679, 54.10
1377759684, 54.10
1377759689, 54.14
1377759694, 54.14
1377759699, 54.10
1377759704, 54.10
1377759709, 54.10
1377759714, 54.14
1377759719, 54.10
1377759724, 54.14
1377759729, 54.10
1377759734, 54.10
1377759739, 54.14
1377759744, 54.14
1377759749, 54.10
1377759754, 54.14
1377759759, 54.14
1377759764, 54.14
1377759769, 54.14
1377759774, 54.14
1377759779, 54.14
1377759784, 54.10
1377759789, 54.10
1377759794, 54.10
1377759799, 54.10
1377759804, 54.10
1377759809, 54.14
1377759814, 54.14
1377759819, 54.14
1377759824, 54.14
1377759829, 54.14
1377759834, 54.14
1377759839, 54.14
1377759844, 54.10
1377759849, 54.14
1377759854, 54.14
1377759859, 54.14
1377759864, 54.10
1377759869, 54.14
1377759874, 54.14
1377759879, 54.14
1377759884, 54.14
1377759889, 54.10
1377759894, 54.14
1377759899, 54.14
1377759904, 54.14
1377759909, 54.10
1377759914, 54.10
1377759919, 54.14
1377759924, 54.14
1377759929, 54.14
1377759934, 54.14
1377759939, 54.14
1377759944, 54.14
1377759949, 54.14
1377759954, 54.14
1377759959, 54.14
1377759964, 54.14
1377759969, 54.10
1377759974, 54.10
1377759979, 54.14
1377759984, 54.10
1377759989, 54.14
1377759994, 54.14
1377759999, 54.14
1377760004, 54.14
1377760009, 54.14
1377760014, 54.14
1377760019, 54.14
1377760024, 54.10
1377760029, 54.14
1377760034, 54.10
1377760039, 54.10
1377760044, 54.14
1377760049, 54.14
1377760054, 54.14
1377760059, 54.14
1377760064, 54.14
1377760069, 54.14
1377760074, 54.14
1377760079, 54.14
1377760084, 54.10
1377760089, 54.14
1377760094, 54.10
1377760099, 54.14
1377760104, 54.14
1377760109, 54.14
1377760114, 54.10
1377760119, 54.14
1377760124, 54.14
1377760129, 54.14
1377760134, 54.10
1377760139, 54.14
1377760144, 54.14
1377760149, 54.14
1377760154, 54.14
1377760159, 54.10
1377760164, 54.10
1377760169, 54.14
1377760174, 54.14
1377760179, 54.14
1377760184, 54.10
1377760189, 54.14
1377760194, 54.14
1377760199, 54.14
1377760204, 54.14
1377760209, 54.10
1377760214, 54.14
1377760219, 54.14
1377760224, 54.10
1377760229, 54.14
1377760234, 54.14
1377760239, 54.14
1377760244, 54.14
1377760249, 54.10
1377760254, 54.14
1377760259, 54.14
1377760264, 54.14
1377760269, 54.14
1377760274, 54.10
1377760279, 54.14
1377760284, 54.14
1377760289, 54.10
1377760294, 54.10
1377760299, 54.10
1377760304, 54.14
1377760309, 54.14
1377760314, 54.14
1377760319, 54.14
1377760324, 54.10
1377760329, 54.14
1377760334, 54.14
1377760339, 54.10
1377760344, 54.14
1377760349, 54.14
1377760354, 54.10
1377760359, 54.14
1377760364, 54.14
1377760369, 54.14
1377760374, 54.10
1377760379, 54.14
1377760384, 54.10
1377760389, 54.10
1377760394, 54.10
1377760399, 54.10
1377760404, 54.10
1377760409, 54.14
1377760414, 54.14
1377760419, 54.10
1377760424, 54.10
1377760429, 54.14
1377760434, 54.10
1377760439, 54.10
1377760444, 54.10
1377760449, 54.14
1377760454, 54.10
1377760459, 54.10
1377760464, 54.10
1377760469, 54.10
1377760474, 54.14
1377760479, 54.10
1377760484, 54.10
1377760489, 54.10
1377760494, 54.14
1377760499, 54.07
1377760504, 54.10
1377760509, 54.14
1377760514, 54.14
1377760519, 54.14
1377760524, 54.10
1377760529, 54.14
1377760534, 54.10
1377760539, 54.10
1377760544, 54.10
1377760549, 54.10
1377760554, 54.10
1377760559, 54.14
1377760564, 54.10
1377760569, 54.10
1377760574, 54.10
1377760579, 54.10
1377760584, 54.10
1377760589, 54.10
1377760594, 54.14
1377760599, 54.10
1377760604, 54.10
1377760609, 54.10
1377760614, 54.10
1377760619, 54.10
1377760624, 54.14
1377760629, 54.14
1377760634, 54.10
1377760639, 54.10
1377760644, 54.10
1377760649, 54.10
1377760654, 54.10
1377760659, 54.10
1377760664, 54.10
1377760669, 54.10
1377760674, 54.10
1377760679, 54.10
1377760684, 54.14
1377760689, 54.10
1377760694, 54.14
1377760699, 54.10
1377760704, 54.10
1377760709, 54.10
1377760714, 54.10
1377760719, 54.10
1377760724, 54.10
1377760729, 54.10
1377760734, 54.10
1377760739, 54.10
1377760744, 54.10
1377760749, 54.10
1377760754, 54.10
1377760759, 54.14
1377760764, 54.14
1377760769, 54.14
1377760774, 54.10
1377760779, 54.14
1377760784, 54.10
1377760789, 54.10
1377760794, 54.10
1377760799, 54.14
1377760804, 54.10
1377760809, 54.10
1377760814, 54.14
1377760819, 54.10
1377760824, 54.14
1377760829, 54.14
1377760834, 54.14
1377760839, 54.14
1377760844, 54.14
1377760849, 54.14
1377760854, 54.14
1377760859, 54.14
1377760864, 54.14
1377760869, 54.14
1377760874, 54.10
1377760879, 54.14
1377760884, 54.14
1377760889, 54.14
1377760894, 54.14
1377760899, 54.14
1377760904, 54.14
1377760909, 54.10
1377760914, 54.14
1377760919, 54.14
1377760924, 54.14
1377760929, 54.14
1377760934, 54.14
1377760939, 54.14
1377760944, 54.14
1377760949, 54.14
1377760954, 54.14
1377760959, 54.14
1377760964, 54.14
1377760969, 54.14
1377760974, 54.14
1377760979, 54.14
1377760984, 54.14
1377760989, 54.14
1377760994, 54.14
1377760999, 54.14
1377761004, 54.14
1377761009, 54.14
1377761014, 54.14
1377761019, 54.14
1377761024, 54.14
1377761029, 54.14
1377761034, 54.14
1377761039, 54.14
1377761044, 54.14
1377761049, 54.14
1377761054, 54.14
1377761059, 54.14
1377761064, 54.14
1377761069, 54.14
1377761074, 54.14
1377761079, 54.14
1377761084, 54.14
1377761089, 54.14
1377761094, 54.14
1377761099, 54.14
1377761104, 54.14
1377761109, 54.14
1377761114, 54.14
1377761119, 54.14
1377761124, 54.14
1377761129, 54.14
1377761134, 54.14
1377761139, 54.14
1377761144, 54.14
1377761149, 54.14
1377761154, 54.14
1377761159, 54.14
1377761164, 54.14
1377761169, 54.14
1377761174, 54.14
1377761179, 54.17
1377761184, 54.14
1377761189, 54.14
1377761194, 54.14
1377761199, 54.14
1377761204, 54.14
1377761209, 54.14
1377761214, 54.14
1377761219, 54.14
1377761224, 54.17
1377761229, 54.14
1377761234, 54.14
1377761239, 54.14
1377761244, 54.14
1377761249, 54.14
1377761254, 54.14
1377761259, 54.14
1377761264, 54.14
1377761269, 54.14
1377761274, 54.14
1377761279, 54.14
1377761284, 54.14
1377761289, 54.14
1377761294, 54.14
1377761299, 54.14
1377761304, 54.14
1377761309, 54.14
1377761314, 54.14
1377761319, 54.14
1377761324, 54.14
1377761329, 54.14
1377761334, 54.14
1377761339, 54.14
1377761344, 54.14
1377761349, 54.14
1377761354, 54.14
1377761359, 54.14
1377761364, 54.14
1377761369, 54.14
1377761374, 54.14
1377761379, 54.14
1377761384, 54.14
1377761389, 54.14
1377761394, 54.14
1377761399, 54.14
1377761404, 54.14
1377761409, 54.14
1377761414, 54.14
1377761419, 54.14
1377761424, 54.14
1377761429, 54.14
1377761434, 54.14
1377761439, 54.14
1377761444, 54.14
1377761449, 54.14
1377761454, 54.14
1377761459, 54.14
1377761464, 54.14
1377761469, 54.14
1377761474, 54.14
1377761479, 54.14
1377761484, 54.14
1377761489, 54.14
1377761494, 54.14
1377761499, 54.14
1377761504, 54.14
1377761509, 54.14
1377761514, 54.14
1377761519, 54.17
1377761524, 54.14
1377761529, 54.14
1377761534, 54.14
1377761539, 54.14
1377761544, 54.14
1377761549, 54.14
1377761554, 54.14
1377761559, 54.17
1377761564, 54.14
1377761569, 54.14
1377761574, 54.14
1377761579, 54.14
1377761584, 54.14
1377761589, 54.14
1377761594, 54.14
1377761599, 54.14
1377761604, 54.14
1377761609, 54.14
1377761614, 54.14
1377761619, 54.14
1377761624, 54.14
1377761629, 54.14
1377761634, 54.14
1377761639, 54.14
1377761644, 54.14
1377761649, 54.14
1377761654, 54.14
1377761659, 54.14
1377761664, 54.14
1377761669, 54.17
1377761674, 54.14
1377761679, 54.14
1377761684, 54.14
1377761689, 54.14
1377761694, 54.14
1377761699, 54.14
1377761704, 54.14
1377761710, 54.14
1377761714, 54.14
1377761719, 54.14
1377761724, 54.14
1377761729, 54.17
1377761734, 54.17
1377761739, 54.14
1377761744, 54.14
1377761749, 54.14
1377761754, 54.14
1377761759, 54.14
1377761764, 54.14
1377761769, 54.17
1377761774, 54.14
1377761779, 54.14
1377761784, 54.17
1377761789, 54.17
1377761794, 54.14
1377761799, 54.14
1377761804, 54.14
1377761809, 54.14
1377761814, 54.17
1377761819, 54.14
1377761824, 54.14
1377761829, 54.17
1377761834, 54.17
1377761839, 54.14
1377761844, 54.17
1377761849, 54.14
1377761854, 54.17
1377761859, 54.17
1377761864, 54.17
1377761869, 54.17
1377761874, 54.17
1377761879, 54.17
1377761884, 54.17
1377761889, 54.14
1377761894, 54.17
1377761899, 54.17
1377761904, 54.17
1377761909, 54.17
1377761914, 54.17
1377761919, 54.17
1377761924, 54.17
1377761929, 54.17
1377761934, 54.17
1377761939, 54.17
1377761944, 54.17
1377761949, 54.17
1377761954, 54.17
1377761959, 54.17
1377761964, 54.17
1377761969, 54.14
1377761974, 54.17
1377761979, 54.17
1377761984, 54.17
1377761989, 54.17
1377761994, 54.17
1377761999, 54.17
1377762004, 54.17
1377762009, 54.17
1377762014, 54.17
1377762019, 54.17
1377762024, 54.14
1377762029, 54.20
1377762034, 54.17
1377762039, 54.17
1377762044, 54.17
1377762049, 54.17
1377762054, 54.17
1377762059, 54.17
1377762064, 54.17
1377762069, 54.17
1377762074, 54.17
1377762079, 54.20
1377762084, 54.17
1377762089, 54.17
1377762094, 54.20
1377762099, 54.17
1377762104, 54.14
1377762109, 54.17
1377762114, 54.17
1377762119, 54.17
1377762124, 54.17
1377762129, 54.17
1377762134, 54.17
1377762139, 54.17
1377762144, 54.20
1377762149, 54.20
1377762154, 54.17
1377762159, 54.17
1377762164, 54.17
1377762169, 54.20
1377762174, 54.17
1377762179, 54.17
1377762184, 54.17
1377762189, 54.17
1377762194, 54.17
1377762199, 54.17
1377762204, 54.17
1377762209, 54.17
1377762214, 54.17
1377762219, 54.20
1377762224, 54.20
1377762229, 54.20
1377762234, 54.20
1377762239, 54.20
1377762244, 54.17
1377762249, 54.17
1377762254, 54.17
1377762259, 54.20
1377762264, 54.20
1377762269, 54.17
1377762274, 54.17
1377762279, 54.17
1377762284, 54.20
1377762289, 54.17
1377762294, 54.20
1377762299, 54.20
1377762304, 54.20
1377762309, 54.17
1377762314, 54.20
1377762319, 54.20
1377762324, 54.17
1377762329, 54.17
1377762334, 54.20
1377762339, 54.20
1377762344, 54.17
1377762349, 54.20
1377762354, 54.20
1377762359, 54.17
1377762364, 54.20
1377762369, 54.20
1377762374, 54.17
1377762379, 54.17
1377762384, 54.17
1377762389, 54.20
1377762394, 54.20
1377762399, 54.20
1377762404, 54.20
1377762409, 54.17
1377762414, 54.20
1377762419, 54.20
1377762424, 54.17
1377762429, 54.20
1377762434, 54.17
1377762439, 54.20
1377762444, 54.20
1377762449, 54.20
1377762454, 54.20
1377762459, 54.20
1377762464, 54.20
1377762469, 54.17
1377762474, 54.17
1377762479, 54.20
1377762484, 54.20
1377762489, 54.20
1377762494, 54.20
1377762499, 54.20
1377762504, 54.20
1377762509, 54.20
1377762514, 54.20
1377762519, 54.20
1377762524, 54.20
1377762529, 54.20
1377762534, 54.20
1377762539, 54.20
1377762544, 54.17
1377762549, 54.20
1377762554, 54.20
1377762559, 54.20
1377762564, 54.20
1377762569, 54.20
1377762574, 54.20
1377762579, 54.20
1377762584, 54.20
1377762589, 54.20
1377762594, 54.20
1377762599, 54.20
1377762604, 54.20
1377762609, 54.20
1377762614, 54.20
1377762619, 54.20
1377762624, 54.20
1377762629, 54.20
1377762634, 54.20
1377762639, 54.20
1377762644, 54.20
1377762649, 54.20
1377762654, 54.20
1377762659, 54.20
1377762664, 54.17
1377762669, 54.20
1377762674, 54.20
1377762679, 54.20
1377762684, 54.20
1377762689, 54.17
1377762694, 54.20
1377762699, 54.20
1377762704, 54.20
1377762709, 54.17
1377762714, 54.20
1377762719, 54.20
1377762724, 54.20
1377762729, 54.20
1377762734, 54.20
1377762739, 54.20
1377762744, 54.20
1377762749, 54.20
1377762754, 54.20
1377762759, 54.20
1377762764, 54.20
1377762769, 54.20
1377762774, 54.20
1377762779, 54.20
1377762784, 54.20
1377762789, 54.20
1377762794, 54.17
1377762799, 54.20
1377762804, 54.20
1377762809, 54.20
1377762814, 54.17
1377762819, 54.17
1377762824, 54.17
1377762829, 54.17
1377762834, 54.17
1377762839, 54.20
1377762844, 54.17
1377762849, 54.20
1377762854, 54.17
1377762859, 54.20
1377762864, 54.17
1377762869, 54.20
1377762874, 54.17
1377762879, 54.17
1377762884, 54.17
1377762889, 54.17
1377762894, 54.17
1377762899, 54.17
1377762904, 54.17
1377762909, 54.14
1377762914, 54.17
1377762919, 54.17
1377762924, 54.17
1377762929, 54.17
1377762934, 54.17
1377762939, 54.14
1377762944, 54.14
1377762949, 54.14
1377762954, 54.14
1377762959, 54.14
1377762964, 54.17
1377762969, 54.17
1377762974, 54.14
1377762979, 54.17
1377762984, 54.14
1377762989, 54.17
1377762994, 54.14
1377762999, 54.17
1377763004, 54.14
1377763009, 54.14
1377763014, 54.14
1377763019, 54.14
1377763024, 54.14
1377763029, 54.14
1377763034, 54.14
1377763039, 54.14
1377763044, 54.14
1377763049, 54.14
1377763054, 54.14
1377763059, 54.14
1377763064, 54.14
1377763069, 54.14
1377763074, 54.14
1377763079, 54.14
1377763084, 54.14
1377763089, 54.14
1377763094, 54.14
1377763099, 54.14
1377763104, 54.14
1377763109, 54.14
1377763114, 54.14
1377763119, 54.14
1377763124, 54.14
1377763129, 54.14
1377763134, 54.14
1377763139, 54.14
1377763144, 54.14
1377763149, 54.14
1377763154, 54.14
1377763159, 54.14
1377763164, 54.14
1377763169, 54.14
1377763174, 54.10
1377763179, 54.14
1377763184, 54.14
1377763189, 54.14
1377763194, 54.14
1377763199, 54.14
1377763204, 54.14
1377763209, 54.14
1377763214, 54.14
1377763219, 54.14
1377763224, 54.14
1377763229, 54.10
1377763234, 54.14
1377763239, 54.14
1377763244, 54.14
1377763249, 54.14
1377763254, 54.14
1377763259, 54.14
1377763264, 54.14
1377763269, 54.14
1377763274, 54.14
1377763279, 54.14
1377763284, 54.14
1377763289, 54.14
1377763294, 54.14
1377763299, 54.14
1377763304, 54.14
1377763309, 54.14
1377763314, 54.14
1377763319, 54.14
1377763324, 54.10
1377763329, 54.14
1377763334, 54.14
1377763339, 54.14
1377763344, 54.14
1377763349, 54.14
1377763354, 54.10
1377763359, 54.14
1377763364, 54.14
1377763369, 54.14
1377763374, 54.14
1377763379, 54.14
1377763384, 54.10
1377763389, 54.10
1377763394, 54.14
1377763399, 54.14
1377763404, 54.14
1377763409, 54.14
1377763414, 54.14
1377763419, 54.14
1377763424, 54.14
1377763429, 54.14
1377763434, 54.14
1377763439, 54.14
1377763444, 54.14
1377763449, 54.14
1377763454, 54.14
1377763459, 54.14
1377763464, 54.14
1377763469, 54.14
1377763474, 54.14
1377763479, 54.14
1377763484, 54.14
1377763489, 54.14
1377763494, 54.14
1377763499, 54.14
1377763504, 54.14
1377763509, 54.14
1377763514, 54.14
1377763519, 54.14
1377763524, 54.14
1377763529, 54.14
1377763534, 54.14
1377763539, 54.14
1377763544, 54.14
1377763549, 54.14
1377763554, 54.14
1377763559, 54.14
1377763564, 54.14
1377763569, 54.14
1377763574, 54.14
1377763579, 54.14
1377763584, 54.14
1377763589, 54.14
1377763594, 54.14
1377763599, 54.14
1377763604, 54.14
1377763609, 54.14
1377763614, 54.14
1377763619, 54.14
1377763624, 54.14
1377763629, 54.14
1377763634, 54.14
1377763639, 54.14
1377763644, 54.14
1377763649, 54.14
1377763654, 54.14
1377763659, 54.14
1377763664, 54.14
1377763669, 54.14
1377763674, 54.14
1377763679, 54.14
1377763684, 54.14
1377763689, 54.14
1377763694, 54.14
1377763699, 54.14
1377763704, 54.14
1377763709, 54.17
1377763714, 54.14
1377763719, 54.14
1377763724, 54.14
1377763729, 54.14
1377763734, 54.14
1377763739, 54.14
1377763744, 54.14
1377763749, 54.14
1377763754, 54.14
1377763759, 54.14
1377763764, 54.14
1377763769, 54.14
1377763774, 54.14
1377763779, 54.14
1377763784, 54.14
1377763789, 54.14
1377763794, 54.14
1377763799, 54.14
1377763804, 54.14
1377763809, 54.14
1377763814, 54.14
1377763819, 54.14
1377763824, 54.14
1377763829, 54.14
1377763834, 54.14
1377763839, 54.14
1377763844, 54.14
1377763849, 54.14
1377763854, 54.14
1377763859, 54.14
1377763864, 54.14
1377763869, 54.14
1377763874, 54.14
1377763879, 54.14
1377763884, 54.14
1377763889, 54.14
1377763894, 54.14
1377763899, 54.14
1377763904, 54.14
1377763909, 54.17
1377763914, 54.14
1377763919, 54.14
1377763924, 54.14
1377763929, 54.14
1377763934, 54.14
1377763939, 54.14
1377763944, 54.14
1377763949, 54.14
1377763954, 54.14
1377763959, 54.14
1377763964, 54.14
1377763969, 54.14
1377763974, 54.14
1377763979, 54.14
1377763984, 54.14
1377763989, 54.14
1377763994, 54.14
1377763999, 54.14
1377764004, 54.14
1377764009, 54.14
1377764014, 54.14
1377764019, 54.14
1377764024, 54.14
1377764029, 54.14
1377764034, 54.14
1377764039, 54.14
1377764044, 54.14
1377764049, 54.14
1377764054, 54.14
1377764059, 54.14
1377764064, 54.14
1377764069, 54.14
1377764074, 54.14
1377764079, 54.17
1377764084, 54.14
1377764089, 54.14
1377764094, 54.14
1377764099, 54.14
1377764104, 54.14
1377764109, 54.14
1377764114, 54.14
1377764119, 54.14
1377764124, 54.14
1377764129, 54.14
1377764134, 54.14
1377764139, 54.14
1377764144, 54.14
1377764149, 54.14
1377764154, 54.14
1377764159, 54.10
1377764164, 54.14
1377764169, 54.14
1377764174, 54.14
1377764179, 54.14
1377764184, 54.14
1377764189, 54.14
1377764194, 54.14
1377764199, 54.14
1377764204, 54.14
1377764209, 54.14
1377764214, 54.14
1377764219, 54.14
1377764224, 54.14
1377764229, 54.14
1377764234, 54.14
1377764239, 54.14
1377764244, 54.14
1377764249, 54.14
1377764254, 54.14
1377764259, 54.14
1377764264, 54.14
1377764269, 54.14
1377764274, 54.14
1377764279, 54.14
1377764284, 54.14
1377764289, 54.14
1377764294, 54.14
1377764299, 54.14
1377764304, 54.14
1377764309, 54.14
1377764314, 54.14
1377764319, 54.14
1377764324, 54.14
1377764329, 54.14
1377764334, 54.14
1377764339, 54.14
1377764344, 54.14
1377764349, 54.14
1377764354, 54.14
1377764359, 54.14
1377764364, 54.14
1377764369, 54.14
1377764374, 54.14
1377764379, 54.14
1377764384, 54.14
1377764389, 54.14
1377764394, 54.14
1377764399, 54.14
1377764404, 54.14
1377764409, 54.14
1377764414, 54.14
1377764419, 54.14
1377764424, 54.14
1377764429, 54.14
1377764434, 54.14
1377764439, 54.14
1377764444, 54.14
1377764449, 54.14
1377764454, 54.14
1377764459, 54.14
1377764464, 54.14
1377764469, 54.14
1377764474, 54.14
1377764479, 54.14
1377764484, 54.14
1377764489, 54.14
1377764494, 54.14
1377764499, 54.14
1377764504, 54.14
1377764509, 54.14
1377764514, 54.10
1377764519, 54.14
1377764524, 54.14
1377764529, 54.14
1377764534, 54.14
1377764539, 54.14
1377764544, 54.14
1377764549, 54.14
1377764554, 54.14
1377764559, 54.14
1377764564, 54.14
1377764569, 54.14
1377764574, 54.14
1377764579, 54.14
1377764584, 54.14
1377764589, 54.14
1377764594, 54.14
1377764599, 54.14
1377764604, 54.14
1377764609, 54.14
1377764614, 54.14
1377764619, 54.14
1377764624, 54.14
1377764629, 54.14
1377764634, 54.14
1377764639, 54.14
1377764644, 54.14
1377764649, 54.14
1377764654, 54.14
1377764659, 54.14
1377764664, 54.14
1377764670, 54.14
1377764674, 54.14
1377764679, 54.14
1377764684, 54.14
1377764689, 54.14
1377764694, 54.14
1377764699, 54.14
1377764704, 54.14
1377764709, 54.14
1377764714, 54.14
1377764719, 54.14
1377764724, 54.14
1377764729, 54.14
1377764734, 54.14
1377764739, 54.14
1377764744, 54.14
1377764749, 54.14
1377764754, 54.14
1377764759, 54.14
1377764764, 54.14
1377764769, 54.14
1377764774, 54.14
1377764779, 54.14
1377764784, 54.14
1377764789, 54.14
1377764794, 54.14
1377764799, 54.14
1377764804, 54.14
1377764809, 54.14
1377764814, 54.14
1377764819, 54.14
1377764824, 54.14
1377764829, 54.14
1377764834, 54.14
1377764839, 54.14
1377764844, 54.14
1377764849, 54.14
1377764854, 54.14
1377764859, 54.14
1377764864, 54.14
1377764869, 54.14
1377764874, 54.14
1377764879, 54.14
1377764884, 54.14
1377764889, 54.14
1377764894, 54.14
1377764899, 54.14
1377764904, 54.14
1377764909, 54.14
1377764914, 54.14
1377764919, 54.14
1377764924, 54.14
1377764929, 54.14
1377764934, 54.14
1377764939, 54.14
1377764944, 54.17
1377764949, 54.14
1377764954, 54.14
1377764959, 54.14
1377764964, 54.14
1377764969, 54.17
1377764974, 54.14
1377764979, 54.14
1377764984, 54.14
1377764989, 54.14
1377764994, 54.14
1377764999, 54.17
1377765004, 54.14
1377765009, 54.14
1377765014, 54.14
1377765019, 54.14
1377765024, 54.14
1377765029, 54.17
1377765034, 54.17
1377765039, 54.14
1377765044, 54.17
1377765049, 54.17
1377765054, 54.14
1377765059, 54.14
1377765064, 54.17
1377765069, 54.17
1377765074, 54.14
1377765079, 54.14
1377765084, 54.14
1377765089, 54.17
1377765094, 54.17
1377765099, 54.14
1377765104, 54.17
1377765109, 54.17
1377765114, 54.17
1377765119, 54.17
1377765124, 54.14
1377765129, 54.17
1377765134, 54.17
1377765139, 54.17
1377765144, 54.17
1377765149, 54.14
1377765154, 54.17
1377765159, 54.17
1377765164, 54.14
1377765169, 54.17
1377765174, 54.17
1377765179, 54.17
1377765184, 54.17
1377765189, 54.17
1377765194, 54.17
1377765199, 54.17
1377765204, 54.17
1377765209, 54.17
1377765214, 54.17
1377765219, 54.17
1377765224, 54.14
1377765229, 54.17
1377765234, 54.17
1377765239, 54.17
1377765244, 54.14
1377765249, 54.17
1377765254, 54.14
1377765259, 54.17
1377765264, 54.17
1377765269, 54.17
1377765274, 54.14
1377765279, 54.20
1377765284, 54.17
1377765289, 54.17
1377765294, 54.14
1377765299, 54.14
1377765304, 54.14
1377765309, 54.17
1377765314, 54.14
1377765319, 54.17
1377765324, 54.17
1377765329, 54.17
1377765334, 54.14
1377765339, 54.17
1377765344, 54.17
1377765349, 54.14
1377765354, 54.17
1377765359, 54.17
1377765364, 54.17
1377765369, 54.17
1377765374, 54.17
1377765379, 54.17
1377765384, 54.14
1377765389, 54.14
1377765394, 54.14
1377765399, 54.17
1377765404, 54.17
1377765409, 54.17
1377765414, 54.17
1377765419, 54.17
1377765424, 54.17
1377765429, 54.14
1377765434, 54.17
1377765439, 54.17
1377765444, 54.14
1377765449, 54.14
1377765454, 54.17
1377765459, 54.17
1377765464, 54.14
1377765469, 54.14
1377765474, 54.17
1377765479, 54.14
1377765484, 54.14
1377765489, 54.17
1377765494, 54.14
1377765499, 54.14
1377765504, 54.14
1377765509, 54.14
1377765514, 54.14
1377765519, 54.17
1377765524, 54.17
1377765529, 54.14
1377765534, 54.17
1377765539, 54.14
1377765544, 54.14
1377765549, 54.14
1377765554, 54.14
1377765559, 54.14
1377765564, 54.14
1377765569, 54.14
1377765574, 54.17
1377765579, 54.14
1377765584, 54.14
1377765589, 54.14
1377765594, 54.14
1377765599, 54.14
1377765604, 54.14
1377765609, 54.17
1377765614, 54.14
1377765619, 54.14
1377765624, 54.14
1377765629, 54.14
1377765634, 54.14
1377765639, 54.17
1377765644, 54.14
1377765648, 54.14
1377765654, 54.17
1377765659, 54.14
1377765664, 54.14
1377765669, 54.14
1377765674, 54.14
1377765679, 54.14
1377765684, 54.14
1377765689, 54.14
1377765694, 54.14
1377765699, 54.14
1377765704, 54.14
1377765709, 54.14
1377765714, 54.14
1377765719, 54.14
1377765724, 54.14
1377765728, 54.14
1377765734, 54.14
1377765739, 54.14
1377765743, 54.14
1377765748, 54.14
1377765753, 54.14
1377765759, 54.14
1377765764, 54.14
1377765768, 54.14
1377765774, 54.14
1377765779, 54.14
1377765783, 54.14
1377765789, 54.14
1377765794, 54.14
1377765798, 54.14
1377765803, 54.14
1377765808, 54.14
1377765814, 54.14
1377765819, 54.14
1377765824, 54.10
1377765829, 54.14
1377765834, 54.10
1377765838, 54.14
1377765844, 54.14
1377765849, 54.14
1377765853, 54.14
1377765859, 54.14
1377765864, 54.14
1377765869, 54.14
1377765874, 54.10
1377765879, 54.10
1377765883, 54.14
1377765889, 54.14
1377765894, 54.14
1377765898, 54.14
1377765904, 54.14
1377765908, 54.10
1377765914, 54.14
1377765918, 54.10
1377765923, 54.10
1377765928, 54.14
1377765933, 54.10
1377765939, 54.14
1377765944, 54.14
1377765948, 54.10
1377765953, 54.14
1377765959, 54.14
1377765963, 54.14
1377765969, 54.14
1377765973, 54.10
1377765979, 54.10
1377765983, 54.14
1377765988, 54.10
1377765994, 54.10
1377765998, 54.14
1377766003, 54.10
1377766008, 54.10
1377766014, 54.10
1377766018, 54.14
1377766023, 54.10
1377766028, 54.10
1377766033, 54.14
1377766038, 54.10
1377766044, 54.10
1377766048, 54.10
1377766053, 54.10
1377766058, 54.10
1377766063, 54.14
1377766068, 54.10
1377766073, 54.14
1377766078, 54.10
1377766083, 54.10
1377766088, 54.10
1377766093, 54.07
1377766098, 54.14
1377766103, 54.14
1377766108, 54.14
1377766113, 54.10
1377766118, 54.10
1377766123, 54.10
1377766128, 54.10
1377766133, 54.10
1377766138, 54.10
1377766143, 54.10
1377766148, 54.10
1377766153, 54.10
1377766158, 54.10
1377766164, 54.07
1377766168, 54.10
1377766173, 54.10
1377766178, 54.10
1377766184, 54.10
1377766188, 54.07
1377766194, 54.07
1377766198, 54.10
1377766203, 54.10
1377766208, 54.07
1377766213, 54.07
1377766218, 54.10
1377766223, 54.10
1377766229, 54.10
1377766233, 54.10
1377766238, 54.10
1377766243, 54.10
1377766248, 54.07
1377766253, 54.07
1377766258, 54.07
1377766263, 54.07
1377766269, 54.10
1377766273, 54.07
1377766278, 54.07
1377766283, 54.10
1377766288, 54.10
1377766293, 54.07
1377766298, 54.07
1377766303, 54.07
1377766308, 54.07
1377766313, 54.10
1377766318, 54.10
1377766323, 54.07
1377766328, 54.07
1377766333, 54.07
1377766338, 54.07
1377766343, 54.07
1377766348, 54.07
1377766353, 54.07
1377766358, 54.07
1377766363, 54.07
1377766368, 54.07
1377766374, 54.07
1377766378, 54.07
1377766383, 54.07
1377766388, 54.07
1377766393, 54.07
1377766398, 54.07
1377766403, 54.07
1377766408, 54.07
1377766413, 54.07
1377766418, 54.07
1377766423, 54.07
1377766428, 54.07
1377766433, 54.07
1377766439, 54.07
1377766443, 54.07
1377766448, 54.07
1377766453, 54.07
1377766458, 54.07
1377766463, 54.07
1377766469, 54.07
1377766473, 54.07
1377766478, 54.07
1377766483, 54.07
1377766488, 54.07
1377766493, 54.07
1377766498, 54.07
1377766503, 54.04
1377766509, 54.07
1377766513, 54.07
1377766519, 54.07
1377766523, 54.07
1377766528, 54.07
1377766533, 54.07
1377766538, 54.07
1377766544, 54.07
1377766548, 54.07
1377766553, 54.07
1377766558, 54.07
1377766563, 54.07
1377766568, 54.07
1377766573, 54.07
1377766578, 54.07
1377766584, 54.07
1377766588, 54.04
1377766593, 54.07
1377766598, 54.07
1377766603, 54.07
1377766608, 54.07
1377766613, 54.07
1377766618, 54.04
1377766623, 54.04
1377766628, 54.07
1377766633, 54.07
1377766638, 54.07
1377766643, 54.04
1377766648, 54.07
1377766653, 54.07
1377766659, 54.04
1377766663, 54.07
1377766668, 54.07
1377766673, 54.07
1377766678, 54.04
1377766683, 54.07
1377766688, 54.07
1377766693, 54.04
1377766698, 54.04
1377766703, 54.07
1377766708, 54.07
1377766713, 54.07
1377766718, 54.07
1377766723, 54.07
1377766728, 54.07
1377766733, 54.07
1377766738, 54.07
1377766743, 54.07
1377766748, 54.07
1377766753, 54.07
1377766758, 54.07
1377766763, 54.04
1377766768, 54.07
1377766773, 54.04
1377766778, 54.07
1377766783, 54.04
1377766788, 54.07
1377766794, 54.04
1377766798, 54.07
1377766803, 54.07
1377766808, 54.07
1377766813, 54.07
1377766818, 54.04
1377766823, 54.04
1377766828, 54.07
1377766833, 54.04
1377766838, 54.07
1377766843, 54.04
1377766848, 54.07
1377766853, 54.07
1377766858, 54.07
1377766863, 54.07
1377766868, 54.04
1377766873, 54.07
1377766878, 54.04
1377766883, 54.04
1377766888, 54.04
1377766893, 54.07
1377766898, 54.07
1377766903, 54.07
1377766908, 54.04
1377766913, 54.04
1377766918, 54.04
1377766924, 54.04
1377766928, 54.04
1377766933, 54.07
1377766938, 54.07
1377766943, 54.07
1377766948, 54.07
1377766953, 54.07
1377766958, 54.07
1377766963, 54.04
1377766968, 54.04
1377766973, 54.04
1377766978, 54.04
1377766983, 54.07
1377766988, 54.04
1377766993, 54.04
1377766998, 54.07
1377767003, 54.04
1377767008, 54.07
1377767013, 54.04
1377767018, 54.04
1377767023, 54.07
1377767028, 54.04
1377767033, 54.07
1377767038, 54.04
1377767043, 54.04
1377767048, 54.04
1377767053, 54.07
1377767058, 54.04
1377767063, 54.04
1377767068, 54.04
1377767073, 54.07
1377767079, 54.04
1377767083, 54.07
1377767088, 54.04
1377767093, 54.04
1377767098, 54.07
1377767103, 54.04
1377767108, 54.07
1377767113, 54.07
1377767118, 54.04
1377767123, 54.07
1377767128, 54.04
1377767133, 54.04
1377767138, 54.04
1377767143, 54.04
1377767148, 54.04
1377767153, 54.04
1377767158, 54.04
1377767163, 54.04
1377767168, 54.04
1377767173, 54.04
1377767178, 54.04
1377767183, 54.04
1377767188, 54.04
1377767193, 54.04
1377767198, 54.04
1377767203, 54.04
1377767208, 54.04
1377767213, 54.04
1377767218, 54.04
1377767223, 54.01
1377767228, 54.04
1377767233, 54.01
1377767238, 54.04
1377767243, 54.04
1377767248, 54.04
1377767253, 54.04
1377767258, 54.04
1377767263, 54.04
1377767268, 54.01
1377767273, 54.01
1377767278, 54.01
1377767283, 54.04
1377767288, 54.04
1377767293, 54.01
1377767298, 54.04
1377767303, 54.01
1377767308, 54.01
1377767313, 54.01
1377767318, 54.04
1377767323, 54.01
1377767328, 54.01
1377767333, 54.01
1377767338, 54.04
1377767343, 54.04
1377767348, 54.01
1377767353, 54.04
1377767358, 54.01
1377767363, 54.04
1377767368, 54.04
1377767373, 54.01
1377767378, 54.01
1377767384, 54.01
1377767388, 54.01
1377767393, 54.01
1377767398, 54.01
1377767403, 54.01
1377767408, 54.01
1377767413, 54.01
1377767418, 54.01
1377767423, 54.01
1377767428, 54.01
1377767433, 54.01
1377767438, 54.01
1377767443, 54.01
1377767448, 54.01
1377767453, 54.01
1377767458, 54.01
1377767463, 54.01
1377767468, 54.01
1377767473, 54.01
1377767478, 54.01
1377767483, 54.01
1377767488, 54.01
1377767493, 54.01
1377767498, 54.01
1377767503, 54.01
1377767508, 54.01
1377767513, 53.98
1377767518, 54.01
1377767523, 53.98
1377767528, 54.01
1377767534, 54.01
1377767538, 54.01
1377767543, 54.01
1377767548, 54.01
1377767553, 53.98
1377767558, 54.01
1377767563, 54.01
1377767568, 54.01
1377767573, 54.01
1377767578, 54.01
1377767583, 53.98
1377767588, 54.01
1377767593, 54.01
1377767598, 53.98
1377767603, 54.01
1377767608, 53.98
1377767613, 53.98
1377767618, 53.98
1377767623, 54.01
1377767628, 53.98
1377767633, 53.98
1377767638, 53.98
1377767643, 53.98
1377767648, 53.98
1377767653, 53.95
1377767658, 53.98
1377767663, 53.98
1377767668, 53.98
1377767673, 54.01
1377767678, 53.98
1377767684, 53.98
1377767688, 54.01
1377767693, 54.01
1377767698, 53.98
1377767703, 53.95
1377767708, 53.98
1377767713, 53.95
1377767718, 54.01
1377767723, 53.98
1377767728, 54.01
1377767733, 53.95
1377767738, 53.98
1377767743, 53.98
1377767748, 53.98
1377767753, 53.98
1377767758, 53.98
1377767763, 53.98
1377767768, 53.98
1377767773, 54.01
1377767778, 53.98
1377767783, 53.98
1377767788, 53.95
1377767793, 53.98
1377767798, 53.98
1377767803, 53.98
1377767808, 53.98
1377767813, 53.98
1377767818, 53.98
1377767823, 53.98
1377767828, 54.01
1377767833, 53.98
1377767838, 53.98
1377767843, 53.98
1377767848, 54.01
1377767853, 53.98
1377767858, 53.98
1377767863, 53.98
1377767868, 53.98
1377767873, 53.98
1377767878, 53.98
1377767883, 53.98
1377767888, 53.98
1377767893, 54.01
1377767898, 54.01
1377767903, 54.01
1377767908, 53.98
1377767913, 53.98
1377767918, 53.98
1377767923, 53.98
1377767928, 54.01
1377767933, 53.98
1377767938, 54.01
1377767943, 54.01
1377767948, 54.01
1377767953, 53.98
1377767958, 53.98
1377767963, 54.01
1377767968, 53.98
1377767973, 54.01
1377767978, 53.98
1377767983, 53.98
1377767988, 54.01
1377767993, 54.01
1377767998, 54.01
1377768003, 53.98
1377768008, 53.98
1377768013, 53.98
1377768018, 54.01
1377768023, 54.01
1377768028, 54.01
1377768033, 54.01
1377768038, 54.01
1377768043, 54.01
1377768048, 54.01
1377768053, 53.98
1377768058, 54.01
1377768063, 54.01
1377768068, 53.98
1377768073, 54.01
1377768078, 54.01
1377768083, 53.98
1377768088, 54.01
1377768093, 54.01
1377768098, 53.98
1377768103, 54.01
1377768108, 53.98
1377768113, 53.98
1377768118, 54.01
1377768123, 54.01
1377768128, 54.01
1377768133, 54.01
1377768138, 54.01
1377768143, 53.98
1377768148, 54.01
1377768153, 54.01
1377768158, 54.01
1377768163, 54.01
1377768168, 54.01
1377768173, 54.01
1377768178, 54.01
1377768183, 54.01
1377768188, 54.01
1377768193, 54.01
1377768198, 54.01
1377768203, 54.01
1377768208, 54.01
1377768213, 54.01
1377768218, 54.01
1377768223, 53.98
1377768228, 54.01
1377768233, 54.01
1377768238, 54.01
1377768243, 53.98
1377768248, 54.01
1377768253, 54.01
1377768258, 54.01
1377768263, 54.01
1377768268, 54.01
1377768273, 54.01
1377768278, 54.01
1377768283, 54.01
1377768288, 54.01
1377768293, 54.01
1377768298, 54.01
1377768303, 54.01
1377768308, 54.01
1377768313, 54.01
1377768318, 54.01
1377768323, 54.01
1377768328, 54.01
1377768333, 54.01
1377768338, 54.01
1377768343, 54.01
1377768348, 54.01
1377768353, 54.01
1377768358, 54.01
1377768363, 54.01
1377768368, 54.01
1377768373, 54.01
1377768378, 54.01
1377768383, 54.01
1377768388, 54.01
1377768393, 54.01
1377768398, 54.01
1377768403, 54.01
1377768408, 54.01
1377768413, 54.01
1377768418, 54.01
1377768423, 54.01
1377768428, 54.01
1377768433, 54.01
1377768438, 54.01
1377768443, 54.01
1377768448, 54.01
1377768453, 54.01
1377768458, 54.01
1377768463, 54.01
1377768468, 54.01
1377768473, 54.01
1377768478, 54.01
1377768483, 54.01
1377768488, 54.01
1377768493, 53.98
1377768498, 54.01
1377768503, 53.98
1377768508, 54.01
1377768513, 54.01
1377768518, 54.01
1377768523, 53.98
1377768528, 54.01
1377768533, 54.01
1377768538, 54.01
1377768543, 54.01
1377768548, 54.01
1377768553, 54.01
1377768558, 54.01
1377768563, 54.01
1377768568, 54.01
1377768573, 54.01
1377768578, 54.01
1377768583, 54.01
1377768588, 54.01
1377768593, 54.01
1377768598, 54.01
1377768603, 54.01
1377768608, 53.98
1377768613, 54.01
1377768618, 54.01
1377768623, 53.98
1377768628, 54.01
1377768633, 54.01
1377768638, 54.01
1377768643, 54.01
1377768648, 54.01
1377768653, 54.01
1377768658, 54.01
1377768663, 54.01
1377768668, 53.98
1377768673, 54.01
1377768678, 54.01
1377768683, 54.01
1377768688, 54.01
1377768693, 54.01
1377768698, 54.01
1377768703, 54.01
1377768708, 54.01
1377768713, 54.01
1377768718, 54.04
1377768723, 54.01
1377768728, 54.01
1377768733, 54.01
1377768738, 54.01
1377768743, 54.01
1377768748, 54.01
1377768753, 54.01
1377768758, 54.01
1377768763, 54.01
1377768768, 54.01
1377768773, 54.01
1377768778, 54.01
1377768783, 54.01
1377768788, 54.01
1377768793, 54.01
1377768798, 54.01
1377768803, 54.01
1377768808, 54.01
1377768813, 54.01
1377768818, 53.98
1377768823, 54.01
1377768828, 54.01
1377768833, 54.01
1377768838, 54.01
1377768843, 54.01
1377768848, 54.01
1377768853, 54.01
1377768858, 54.01
1377768863, 53.98
1377768868, 54.01
1377768873, 53.98
1377768878, 54.01
1377768883, 54.01
1377768888, 54.01
1377768893, 54.01
1377768898, 54.01
1377768903, 54.01
1377768908, 54.01
1377768913, 54.01
1377768918, 54.01
1377768923, 54.01
1377768928, 54.01
1377768933, 54.01
1377768938, 54.01
1377768943, 54.01
1377768948, 54.01
1377768953, 54.01
1377768958, 54.01
1377768963, 54.01
1377768968, 54.01
1377768973, 54.01
1377768978, 53.98
1377768983, 54.01
1377768988, 54.01
1377768993, 54.01
1377768998, 54.01
1377769003, 54.01
1377769008, 54.01
1377769013, 54.01
1377769018, 54.01
1377769023, 54.01
1377769028, 54.01
1377769033, 54.01
1377769038, 54.01
1377769043, 53.98
1377769048, 53.98
1377769053, 54.01
1377769058, 54.01
1377769063, 54.01
1377769068, 54.01
1377769073, 53.98
1377769078, 54.01
1377769083, 53.98
1377769088, 54.01
1377769093, 53.98
1377769098, 54.01
1377769103, 53.98
1377769108, 54.01
1377769113, 54.01
1377769118, 54.01
1377769123, 54.01
1377769128, 53.98
1377769133, 54.01
1377769138, 54.01
1377769143, 54.01
1377769148, 54.01
1377769153, 54.01
1377769158, 54.01
1377769163, 53.98
1377769168, 54.01
1377769173, 54.01
1377769178, 54.01
1377769183, 54.01
1377769188, 53.98
1377769193, 54.01
1377769198, 53.98
1377769203, 54.01
1377769208, 54.01
1377769213, 53.98
1377769218, 53.98
1377769223, 53.98
1377769228, 53.98
1377769233, 54.01
1377769238, 54.01
1377769243, 54.01
1377769248, 54.01
1377769253, 54.01
1377769258, 53.98
1377769263, 53.98
1377769268, 54.01
1377769273, 53.98
1377769278, 54.01
1377769283, 53.98
1377769288, 54.01
1377769293, 54.01
1377769298, 54.01
1377769303, 54.01
1377769308, 54.01
1377769313, 53.98
1377769318, 54.01
1377769323, 54.01
1377769328, 54.01
1377769333, 53.98
1377769338, 53.98
1377769343, 54.01
1377769348, 54.01
1377769353, 53.98
1377769358, 54.01
1377769363, 53.98
1377769368, 53.98
1377769373, 54.01
1377769378, 53.98
1377769383, 53.98
1377769388, 54.01
1377769393, 53.98
1377769398, 54.01
1377769403, 54.01
1377769408, 54.01
1377769413, 54.01
1377769418, 54.01
1377769423, 54.01
1377769428, 53.98
1377769433, 53.98
1377769438, 54.01
1377769443, 54.01
1377769448, 53.98
1377769453, 53.98
1377769458, 54.01
1377769463, 53.98
1377769468, 54.01
1377769473, 54.01
1377769478, 53.98
1377769483, 54.01
1377769488, 53.98
1377769493, 54.01
1377769498, 53.98
1377769503, 54.01
1377769508, 53.98
1377769513, 53.98
1377769518, 54.01
1377769523, 54.01
1377769528, 54.01
1377769533, 53.98
1377769538, 53.98
1377769543, 53.98
1377769548, 54.01
1377769553, 53.98
1377769558, 53.98
1377769563, 53.98
1377769568, 53.98
1377769573, 54.01
1377769578, 53.98
1377769583, 53.98
1377769588, 53.98
1377769593, 53.98
1377769598, 53.98
1377769603, 53.98
1377769608, 53.98
1377769613, 53.98
1377769618, 53.98
1377769623, 54.01
1377769628, 53.98
1377769633, 53.98
1377769638, 53.98
1377769643, 53.98
1377769648, 53.98
1377769653, 53.98
1377769658, 53.98
1377769663, 53.98
1377769668, 53.95
1377769673, 53.95
1377769678, 53.98
1377769683, 53.98
1377769688, 53.98
1377769693, 53.98
1377769698, 54.01
1377769703, 53.98
1377769708, 53.95
1377769713, 53.95
1377769718, 53.98
1377769723, 53.98
1377769728, 53.98
1377769733, 53.98
1377769738, 53.95
1377769743, 53.95
1377769748, 53.95
1377769753, 53.98
1377769758, 53.98
1377769763, 53.95
1377769768, 53.95
1377769773, 53.98
1377769778, 53.98
1377769783, 53.98
1377769788, 53.98
1377769793, 53.98
1377769798, 53.98
1377769803, 53.95
1377769808, 53.98
1377769813, 53.98
1377769818, 53.98
1377769823, 53.95
1377769828, 53.95
1377769833, 53.95
1377769838, 53.98
1377769843, 53.95
1377769848, 53.98
1377769853, 53.95
1377769858, 53.98
1377769863, 53.95
1377769868, 53.95
1377769873, 53.95
1377769878, 53.95
1377769883, 53.95
1377769888, 53.95
1377769893, 53.98
1377769898, 53.98
1377769903, 53.95
1377769908, 53.95
1377769913, 53.95
1377769918, 53.98
1377769923, 53.98
1377769928, 53.95
1377769933, 53.95
1377769938, 53.95
1377769943, 53.95
1377769948, 53.95
1377769953, 53.95
1377769958, 53.95
1377769963, 53.95
1377769968, 53.95
1377769973, 53.95
1377769978, 53.95
1377769983, 53.95
1377769988, 53.95
1377769993, 53.95
1377769998, 53.95
1377770003, 53.95
1377770008, 53.95
1377770013, 53.95
1377770018, 53.95
1377770023, 53.95
1377770028, 53.95
1377770033, 53.95
1377770038, 53.95
1377770043, 53.95
1377770048, 53.95
1377770053, 53.95
1377770058, 53.95
1377770063, 53.95
1377770068, 53.95
1377770073, 53.95
1377770078, 53.95
1377770083, 53.95
1377770088, 53.95
1377770093, 53.95
1377770098, 53.95
1377770103, 53.95
1377770108, 53.95
1377770113, 53.95
1377770118, 53.95
1377770123, 53.95
1377770128, 53.95
1377770133, 53.95
1377770138, 53.95
1377770143, 53.95
1377770148, 53.95
1377770153, 53.95
1377770158, 53.95
1377770163, 53.95
1377770168, 53.95
1377770173, 53.95
1377770178, 53.95
1377770183, 53.92
1377770188, 53.95
1377770193, 53.95
1377770198, 53.95
1377770203, 53.95
1377770208, 53.95
1377770213, 53.92
1377770218, 53.92
1377770223, 53.95
1377770228, 53.95
1377770233, 53.95
1377770238, 53.92
1377770243, 53.92
1377770248, 53.92
1377770253, 53.95
1377770258, 53.92
1377770263, 53.95
1377770268, 53.92
1377770273, 53.92
1377770278, 53.95
1377770283, 53.92
1377770288, 53.92
1377770293, 53.92
1377770298, 53.92
1377770303, 53.92
1377770308, 53.92
1377770313, 53.92
1377770318, 53.92
1377770323, 53.92
1377770328, 53.92
1377770333, 53.88
1377770338, 53.92
1377770343, 53.92
1377770348, 53.92
1377770353, 53.92
1377770358, 53.92
1377770363, 53.92
1377770368, 53.92
1377770373, 53.92
1377770378, 53.92
1377770383, 53.92
1377770388, 53.92
1377770393, 53.92
1377770398, 53.88
1377770403, 53.92
1377770408, 53.92
1377770413, 53.92
1377770418, 53.95
1377770423, 53.92
1377770428, 53.88
1377770433, 53.92
1377770438, 53.92
1377770443, 53.92
1377770448, 53.92
1377770453, 53.88
1377770458, 53.92
1377770463, 53.92
1377770468, 53.92
1377770473, 53.92
1377770478, 53.88
1377770483, 53.92
1377770488, 53.88
1377770493, 53.92
1377770498, 53.92
1377770503, 53.92
1377770508, 53.88
1377770513, 53.92
1377770518, 53.92
1377770523, 53.92
1377770528, 53.92
1377770533, 53.88
1377770538, 53.92
1377770543, 53.88
1377770548, 53.92
1377770553, 53.92
1377770558, 53.92
1377770563, 53.92
1377770568, 53.92
1377770573, 53.88
1377770578, 53.92
1377770583, 53.88
1377770588, 53.92
1377770593, 53.92
1377770598, 53.88
1377770603, 53.92
1377770608, 53.92
1377770613, 53.88
1377770618, 53.88
1377770623, 53.88
1377770628, 53.88
1377770633, 53.88
1377770638, 53.88
1377770643, 53.88
1377770648, 53.88
1377770653, 53.88
1377770658, 53.92
1377770663, 53.92
1377770668, 53.92
1377770673, 53.88
1377770678, 53.88
1377770683, 53.88
1377770688, 53.88
1377770693, 53.88
1377770698, 53.92
1377770703, 53.88
1377770708, 53.88
1377770713, 53.88
1377770718, 53.88
1377770723, 53.88
1377770728, 53.88
1377770733, 53.88
1377770738, 53.88
1377770743, 53.88
1377770748, 53.88
1377770753, 53.88
1377770758, 53.88
1377770763, 53.88
1377770768, 53.88
1377770773, 53.88
1377770778, 53.92
1377770783, 53.88
1377770788, 53.88
1377770793, 53.88
1377770798, 53.88
1377770803, 53.92
1377770808, 53.88
1377770813, 53.88
1377770818, 53.88
1377770823, 53.88
1377770828, 53.88
1377770833, 53.88
1377770838, 53.88
1377770843, 53.88
1377770848, 53.88
1377770853, 53.88
1377770858, 53.88
1377770863, 53.88
1377770868, 53.88
1377770873, 53.88
1377770878, 53.88
1377770883, 53.88
1377770888, 53.88
1377770893, 53.88
1377770898, 53.88
1377770903, 53.88
1377770908, 53.88
1377770913, 53.88
1377770918, 53.88
1377770923, 53.88
1377770928, 53.88
1377770933, 53.88
1377770938, 53.88
1377770943, 53.85
1377770948, 53.88
1377770953, 53.88
1377770958, 53.88
1377770963, 53.88
1377770968, 53.88
1377770973, 53.85
1377770978, 53.88
1377770983, 53.88
1377770988, 53.88
1377770993, 53.88
1377770998, 53.88
1377771003, 53.88
1377771008, 53.85
1377771013, 53.88
1377771018, 53.85
1377771023, 53.88
1377771028, 53.88
1377771033, 53.85
1377771038, 53.88
1377771043, 53.88
1377771048, 53.88
1377771053, 53.85
1377771058, 53.85
1377771063, 53.85
1377771068, 53.85
1377771073, 53.85
1377771078, 53.85
1377771083, 53.85
1377771088, 53.85
1377771093, 53.85
1377771098, 53.88
1377771103, 53.88
1377771108, 53.88
1377771113, 53.85
1377771118, 53.85
1377771123, 53.85
1377771128, 53.88
1377771133, 53.88
1377771138, 53.85
1377771143, 53.85
1377771148, 53.88
1377771153, 53.85
1377771158, 53.85
1377771163, 53.85
1377771168, 53.88
1377771173, 53.85
1377771178, 53.85
1377771183, 53.85
1377771188, 53.85
1377771193, 53.85
1377771198, 53.85
1377771203, 53.85
1377771208, 53.85
1377771213, 53.85
1377771218, 53.85
1377771223, 53.85
1377771228, 53.88
1377771233, 53.85
1377771238, 53.85
1377771243, 53.85
1377771248, 53.85
1377771253, 53.85
1377771258, 53.82
1377771263, 53.85
1377771268, 53.85
1377771273, 53.85
1377771278, 53.85
1377771283, 53.85
1377771288, 53.85
1377771293, 53.85
1377771298, 53.85
1377771303, 53.85
1377771308, 53.85
1377771313, 53.85
1377771318, 53.82
1377771323, 53.85
1377771328, 53.85
1377771333, 53.85
1377771338, 53.85
1377771343, 53.85
1377771348, 53.82
1377771353, 53.82
1377771358, 53.82
1377771363, 53.85
1377771368, 53.82
1377771373, 53.82
1377771378, 53.82
1377771383, 53.82
1377771388, 53.82
1377771393, 53.85
1377771398, 53.85
1377771403, 53.82
1377771408, 53.82
1377771413, 53.85
1377771418, 53.82
1377771423, 53.82
1377771428, 53.82
1377771433, 53.82
1377771438, 53.82
1377771443, 53.82
1377771448, 53.82
1377771453, 53.82
1377771458, 53.82
1377771463, 53.85
1377771468, 53.82
1377771473, 53.82
1377771478, 53.85
1377771483, 53.85
1377771488, 53.82
1377771493, 53.82
1377771498, 53.82
1377771503, 53.82
1377771508, 53.82
1377771513, 53.85
1377771518, 53.82
1377771523, 53.82
1377771528, 53.82
1377771533, 53.85
1377771538, 53.82
1377771543, 53.82
1377771548, 53.82
1377771553, 53.82
1377771558, 53.85
1377771563, 53.82
1377771568, 53.82
1377771573, 53.82
1377771578, 53.85
1377771583, 53.82
1377771588, 53.82
1377771593, 53.82
1377771598, 53.82
1377771603, 53.82
1377771608, 53.82
1377771613, 53.82
1377771618, 53.82
1377771623, 53.82
1377771628, 53.82
1377771633, 53.82
1377771638, 53.82
1377771643, 53.82
1377771648, 53.82
1377771653, 53.82
1377771658, 53.82
1377771663, 53.82
1377771668, 53.82
1377771673, 53.82
1377771678, 53.82
1377771683, 53.82
1377771688, 53.82
1377771693, 53.82
1377771698, 53.82
1377771703, 53.82
1377771708, 53.82
1377771713, 53.82
1377771718, 53.82
1377771723, 53.82
1377771728, 53.82
1377771733, 53.82
1377771738, 53.82
1377771743, 53.82
1377771748, 53.82
1377771753, 53.82
1377771758, 53.82
1377771763, 53.82
1377771768, 53.82
1377771773, 53.79
1377771778, 53.79
1377771783, 53.79
1377771788, 53.79
1377771793, 53.82
1377771798, 53.82
1377771803, 53.82
1377771808, 53.82
1377771813, 53.82
1377771818, 53.82
1377771823, 53.79
1377771828, 53.82
1377771833, 53.82
1377771838, 53.82
1377771843, 53.82
1377771848, 53.82
1377771853, 53.82
1377771858, 53.79
1377771863, 53.82
1377771868, 53.82
1377771873, 53.79
1377771878, 53.79
1377771883, 53.79
1377771888, 53.79
1377771893, 53.79
1377771898, 53.79
1377771903, 53.79
1377771908, 53.82
1377771913, 53.82
1377771918, 53.82
1377771923, 53.79
1377771928, 53.82
1377771933, 53.82
1377771938, 53.82
1377771943, 53.79
1377771948, 53.82
1377771953, 53.79
1377771958, 53.82
1377771963, 53.82
1377771968, 53.82
1377771973, 53.82
1377771978, 53.79
1377771983, 53.79
1377771988, 53.79
1377771993, 53.79
1377771998, 53.82
1377772003, 53.79
1377772008, 53.82
1377772013, 53.82
1377772018, 53.82
1377772023, 53.82
1377772028, 53.79
1377772033, 53.82
1377772038, 53.82
1377772043, 53.82
1377772048, 53.82
1377772053, 53.82
1377772058, 53.82
1377772063, 53.82
1377772068, 53.82
1377772073, 53.82
1377772078, 53.82
1377772083, 53.82
1377772088, 53.82
1377772093, 53.82
1377772098, 53.82
1377772103, 53.82
1377772108, 53.82
1377772113, 53.82
1377772118, 53.82
1377772123, 53.82
1377772128, 53.82
1377772133, 53.82
1377772138, 53.82
1377772143, 53.82
1377772148, 53.82
1377772153, 53.82
1377772158, 53.82
1377772163, 53.82
1377772168, 53.82
1377772173, 53.82
1377772178, 53.82
1377772183, 53.82
1377772188, 53.82
1377772193, 53.82
1377772198, 53.82
1377772203, 53.82
1377772208, 53.82
1377772213, 53.82
1377772218, 53.82
1377772223, 53.82
1377772228, 53.82
1377772233, 53.82
1377772238, 53.82
1377772243, 53.85
1377772248, 53.82
1377772253, 53.82
1377772258, 53.82
1377772263, 53.82
1377772268, 53.82
1377772273, 53.85
1377772278, 53.85
1377772283, 53.82
1377772288, 53.85
1377772293, 53.82
1377772298, 53.82
1377772303, 53.85
1377772308, 53.85
1377772313, 53.82
1377772318, 53.85
1377772323, 53.82
1377772328, 53.85
1377772333, 53.85
1377772338, 53.85
1377772343, 53.85
1377772348, 53.88
1377772353, 53.85
1377772358, 53.88
1377772363, 53.85
1377772368, 53.88
1377772373, 53.85
1377772378, 53.88
1377772383, 53.85
1377772388, 53.88
1377772393, 53.88
1377772398, 53.88
1377772403, 53.88
1377772408, 53.88
1377772413, 53.88
1377772418, 53.88
1377772423, 53.88
1377772428, 53.88
1377772433, 53.88
1377772438, 53.88
1377772443, 53.88
1377772448, 53.88
1377772453, 53.88
1377772458, 53.88
1377772463, 53.88
1377772468, 53.88
1377772473, 53.88
1377772478, 53.88
1377772483, 53.88
1377772488, 53.88
1377772493, 53.88
1377772498, 53.88
1377772503, 53.88
1377772508, 53.88
1377772513, 53.88
1377772518, 53.92
1377772523, 53.92
1377772528, 53.92
1377772533, 53.88
1377772538, 53.88
1377772543, 53.92
1377772548, 53.92
1377772553, 53.92
1377772558, 53.88
1377772563, 53.88
1377772568, 53.92
1377772573, 53.88
1377772578, 53.92
1377772583, 53.92
1377772588, 53.92
1377772593, 53.92
1377772598, 53.88
1377772603, 53.92
1377772608, 53.88
1377772613, 53.92
1377772618, 53.92
1377772623, 53.92
1377772628, 53.92
1377772633, 53.92
1377772638, 53.92
1377772643, 53.92
1377772648, 53.92
1377772653, 53.92
1377772658, 53.95
1377772663, 53.92
1377772668, 53.92
1377772673, 53.92
1377772678, 53.95
1377772683, 53.95
1377772688, 53.92
1377772693, 53.92
1377772698, 53.92
1377772703, 53.92
1377772708, 53.92
1377772713, 53.95
1377772718, 53.92
1377772723, 53.95
1377772728, 53.92
1377772733, 53.95
1377772738, 53.92
1377772743, 53.92
1377772748, 53.95
1377772753, 53.95
1377772758, 53.95
1377772763, 53.92
1377772768, 53.92
1377772773, 53.95
1377772778, 53.95
1377772783, 53.95
1377772788, 53.92
1377772793, 53.95
1377772798, 53.92
1377772803, 53.95
1377772808, 53.92
1377772813, 53.95
1377772818, 53.92
1377772823, 53.95
1377772828, 53.95
1377772833, 53.92
1377772838, 53.95
1377772843, 53.95
1377772848, 53.92
1377772853, 53.95
1377772858, 53.95
1377772863, 53.92
1377772868, 53.95
1377772875, 53.92
1377772878, 53.95
1377772883, 53.92
1377772888, 53.95
1377772893, 53.95
1377772898, 53.95
1377772903, 53.95
1377772908, 53.95
1377772913, 53.92
1377772918, 53.95
1377772923, 53.92
1377772928, 53.95
1377772933, 53.92
1377772938, 53.92
1377772943, 53.95
1377772948, 53.95
1377772953, 53.92
1377772958, 53.92
1377772963, 53.95
1377772968, 53.95
1377772973, 53.95
1377772978, 53.92
1377772983, 53.95
1377772988, 53.95
1377772993, 53.92
1377772998, 53.92
1377773003, 53.92
1377773008, 53.92
1377773013, 53.92
1377773018, 53.92
1377773023, 53.92
1377773028, 53.92
1377773033, 53.92
1377773038, 53.92
1377773043, 53.92
1377773048, 53.88
1377773053, 53.92
1377773058, 53.92
1377773063, 53.92
1377773068, 53.92
1377773073, 53.88
1377773078, 53.88
1377773083, 53.88
1377773088, 53.92
1377773093, 53.92
1377773098, 53.88
1377773103, 53.88
1377773108, 53.92
1377773113, 53.88
1377773118, 53.88
1377773123, 53.88
1377773128, 53.88
1377773133, 53.88
1377773138, 53.88
1377773143, 53.88
1377773148, 53.88
1377773153, 53.88
1377773158, 53.88
1377773163, 53.88
1377773168, 53.88
1377773173, 53.85
1377773178, 53.88
1377773183, 53.88
1377773188, 53.88
1377773193, 53.85
1377773198, 53.88
1377773203, 53.88
1377773208, 53.88
1377773213, 53.85
1377773218, 53.88
1377773223, 53.88
1377773228, 53.85
1377773233, 53.85
1377773238, 53.85
1377773243, 53.85
1377773248, 53.88
1377773253, 53.85
1377773258, 53.88
1377773263, 53.85
1377773268, 53.85
1377773273, 53.82
1377773278, 53.85
1377773283, 53.85
1377773288, 53.85
1377773293, 53.85
1377773298, 53.85
1377773303, 53.85
1377773308, 53.85
1377773313, 53.85
1377773318, 53.82
1377773323, 53.85
1377773328, 53.82
1377773333, 53.82
1377773338, 53.82
1377773343, 53.82
1377773348, 53.82
1377773353, 53.82
1377773358, 53.82
1377773363, 53.82
1377773368, 53.82
1377773373, 53.82
1377773378, 53.82
1377773383, 53.82
1377773388, 53.82
1377773393, 53.82
1377773398, 53.82
1377773403, 53.82
1377773408, 53.82
1377773413, 53.82
1377773418, 53.82
1377773423, 53.82
1377773428, 53.82
1377773433, 53.82
1377773438, 53.82
1377773443, 53.79
1377773448, 53.82
1377773453, 53.82
1377773458, 53.79
1377773463, 53.82
1377773468, 53.79
1377773473, 53.82
1377773478, 53.82
1377773483, 53.82
1377773488, 53.79
1377773493, 53.82
1377773498, 53.82
1377773503, 53.79
1377773508, 53.79
1377773513, 53.79
1377773518, 53.79
1377773523, 53.79
1377773528, 53.79
1377773533, 53.79
1377773538, 53.79
1377773543, 53.79
1377773548, 53.79
1377773553, 53.79
1377773558, 53.76
1377773563, 53.79
1377773568, 53.79
1377773573, 53.79
1377773578, 53.79
1377773583, 53.79
1377773588, 53.79
1377773593, 53.76
1377773598, 53.79
1377773603, 53.79
1377773608, 53.79
1377773613, 53.79
1377773618, 53.76
1377773623, 53.79
1377773628, 53.76
1377773633, 53.79
1377773638, 53.76
1377773643, 53.76
1377773648, 53.76
1377773653, 53.76
1377773658, 53.76
1377773663, 53.76
1377773668, 53.79
1377773673, 53.76
1377773678, 53.76
1377773683, 53.76
1377773688, 53.76
1377773693, 53.76
1377773698, 53.76
1377773703, 53.76
1377773708, 53.76
1377773713, 53.76
1377773718, 53.76
1377773723, 53.76
1377773728, 53.76
1377773733, 53.79
1377773738, 53.76
1377773743, 53.76
1377773748, 53.79
1377773753, 53.76
1377773758, 53.76
1377773763, 53.76
1377773768, 53.76
1377773773, 53.76
1377773778, 53.76
1377773783, 53.76
1377773788, 53.79
1377773793, 53.76
1377773798, 53.79
1377773803, 53.76
1377773808, 53.76
1377773813, 53.76
1377773818, 53.79
1377773823, 53.79
1377773828, 53.76
1377773833, 53.79
1377773838, 53.79
1377773843, 53.79
1377773848, 53.76
1377773853, 53.76
1377773858, 53.76
1377773863, 53.76
1377773868, 53.76
1377773873, 53.76
1377773878, 53.76
1377773883, 53.76
1377773888, 53.79
1377773893, 53.76
1377773898, 53.79
1377773903, 53.76
1377773908, 53.79
1377773913, 53.79
1377773918, 53.79
1377773923, 53.76
1377773928, 53.76
1377773933, 53.76
1377773938, 53.79
1377773943, 53.76
1377773948, 53.79
1377773953, 53.79
1377773958, 53.79
1377773963, 53.82
1377773968, 53.79
1377773973, 53.76
1377773978, 53.79
1377773983, 53.79
1377773988, 53.76
1377773993, 53.79
1377773998, 53.76
1377774003, 53.79
1377774008, 53.79
1377774013, 53.76
1377774018, 53.79
1377774023, 53.79
1377774028, 53.79
1377774033, 53.79
1377774038, 53.79
1377774043, 53.76
1377774048, 53.79
1377774053, 53.79
1377774058, 53.79
1377774063, 53.76
1377774068, 53.79
1377774073, 53.79
1377774078, 53.79
1377774083, 53.79
1377774088, 53.76
1377774093, 53.79
1377774098, 53.79
1377774103, 53.79
1377774108, 53.79
1377774113, 53.79
1377774118, 53.79
1377774123, 53.79
1377774128, 53.76
1377774133, 53.79
1377774138, 53.79
1377774143, 53.79
1377774148, 53.79
1377774153, 53.79
1377774158, 53.76
1377774163, 53.82
1377774168, 53.79
1377774173, 53.79
1377774178, 53.79
1377774183, 53.79
1377774188, 53.79
1377774193, 53.79
1377774198, 53.82
1377774203, 53.79
1377774208, 53.82
1377774213, 53.79
1377774218, 53.79
1377774223, 53.79
1377774228, 53.79
1377774233, 53.79
1377774238, 53.79
1377774243, 53.79
1377774248, 53.82
1377774253, 53.79
1377774258, 53.79
1377774263, 53.79
1377774268, 53.79
1377774273, 53.79
1377774278, 53.82
1377774283, 53.79
1377774288, 53.82
1377774293, 53.82
1377774298, 53.82
1377774303, 53.79
1377774308, 53.82
1377774313, 53.82
1377774318, 53.82
1377774323, 53.79
1377774328, 53.79
1377774333, 53.82
1377774338, 53.82
1377774343, 53.82
1377774348, 53.79
1377774353, 53.79
1377774358, 53.82
1377774363, 53.79
1377774368, 53.82
1377774373, 53.82
1377774378, 53.82
1377774383, 53.79
1377774388, 53.79
1377774393, 53.82
1377774398, 53.79
1377774403, 53.79
1377774408, 53.82
1377774413, 53.82
1377774418, 53.79
1377774423, 53.79
1377774428, 53.79
1377774433, 53.79
1377774438, 53.79
1377774443, 53.82
1377774448, 53.82
1377774453, 53.79
1377774458, 53.79
1377774463, 53.82
1377774468, 53.79
1377774473, 53.79
1377774478, 53.79
1377774483, 53.82
1377774488, 53.79
1377774493, 53.79
1377774498, 53.82
1377774503, 53.79
1377774508, 53.82
1377774513, 53.79
1377774518, 53.79
1377774523, 53.79
1377774528, 53.82
1377774533, 53.82
1377774538, 53.79
1377774543, 53.79
1377774548, 53.79
1377774553, 53.79
1377774558, 53.79
1377774563, 53.79
1377774568, 53.79
1377774573, 53.79
1377774578, 53.82
1377774583, 53.79
1377774588, 53.79
1377774593, 53.79
1377774598, 53.82
1377774603, 53.79
1377774608, 53.82
1377774613, 53.82
1377774618, 53.79
1377774623, 53.79
1377774628, 53.79
1377774633, 53.79
1377774638, 53.79
1377774643, 53.79
1377774648, 53.79
1377774653, 53.79
1377774658, 53.79
1377774663, 53.79
1377774668, 53.79
1377774673, 53.76
1377774678, 53.82
1377774683, 53.82
1377774688, 53.79
1377774693, 53.79
1377774698, 53.79
1377774703, 53.82
1377774708, 53.82
1377774713, 53.79
1377774718, 53.79
1377774723, 53.79
1377774728, 53.79
1377774733, 53.79
1377774738, 53.79
1377774743, 53.79
1377774748, 53.79
1377774753, 53.79
1377774758, 53.82
1377774763, 53.79
1377774768, 53.79
1377774773, 53.82
1377774778, 53.82
1377774783, 53.82
1377774788, 53.79
1377774793, 53.79
1377774798, 53.82
1377774803, 53.79
1377774808, 53.82
1377774813, 53.79
1377774818, 53.79
1377774823, 53.79
1377774828, 53.76
1377774833, 53.79
1377774838, 53.79
1377774843, 53.82
1377774848, 53.79
1377774853, 53.79
1377774858, 53.79
1377774863, 53.76
1377774868, 53.79
1377774873, 53.79
1377774878, 53.79
1377774883, 53.76
1377774888, 53.79
1377774893, 53.79
1377774898, 53.79
1377774903, 53.79
1377774908, 53.76
1377774913, 53.76
1377774918, 53.76
1377774923, 53.79
1377774928, 53.79
1377774933, 53.79
1377774938, 53.76
1377774943, 53.76
1377774948, 53.76
1377774953, 53.76
1377774958, 53.76
1377774963, 53.76
1377774968, 53.76
1377774973, 53.76
1377774978, 53.79
1377774983, 53.76
1377774988, 53.76
1377774993, 53.79
1377774998, 53.79
1377775003, 53.76
1377775008, 53.76
1377775013, 53.79
1377775018, 53.76
1377775023, 53.79
1377775028, 53.79
1377775033, 53.76
1377775038, 53.79
1377775043, 53.76
1377775048, 53.76
1377775053, 53.76
1377775058, 53.76
1377775063, 53.76
1377775068, 53.76
1377775073, 53.76
1377775078, 53.76
1377775083, 53.76
1377775088, 53.76
1377775093, 53.76
1377775098, 53.76
1377775103, 53.76
1377775108, 53.76
1377775113, 53.76
1377775118, 53.76
1377775123, 53.76
1377775128, 53.76
1377775133, 53.76
1377775138, 53.76
1377775143, 53.76
1377775148, 53.76
1377775153, 53.76
1377775158, 53.76
1377775163, 53.73
1377775168, 53.76
1377775173, 53.73
1377775178, 53.76
1377775183, 53.76
1377775188, 53.76
1377775193, 53.76
1377775198, 53.73
1377775203, 53.76
1377775208, 53.76
1377775213, 53.73
1377775218, 53.73
1377775223, 53.76
1377775228, 53.76
1377775233, 53.73
1377775238, 53.73
1377775243, 53.73
1377775248, 53.76
1377775253, 53.73
1377775258, 53.76
1377775263, 53.73
1377775268, 53.73
1377775273, 53.73
1377775278, 53.73
1377775283, 53.73
1377775288, 53.73
1377775293, 53.73
1377775298, 53.70
1377775303, 53.73
1377775308, 53.73
1377775313, 53.73
1377775318, 53.73
1377775323, 53.73
1377775328, 53.73
1377775333, 53.70
1377775338, 53.70
1377775343, 53.70
1377775348, 53.73
1377775353, 53.70
1377775358, 53.73
1377775363, 53.70
1377775368, 53.73
1377775373, 53.70
1377775378, 53.73
1377775383, 53.73
1377775388, 53.70
1377775393, 53.70
1377775398, 53.73
1377775403, 53.70
1377775408, 53.70
1377775413, 53.70
1377775418, 53.73
1377775423, 53.70
1377775428, 53.70
1377775433, 53.70
1377775438, 53.70
1377775443, 53.70
1377775448, 53.73
1377775453, 53.70
1377775458, 53.70
1377775463, 53.70
1377775468, 53.70
1377775473, 53.70
1377775478, 53.70
1377775483, 53.70
1377775488, 53.70
1377775493, 53.70
1377775498, 53.70
1377775503, 53.70
1377775508, 53.70
1377775513, 53.70
1377775518, 53.70
1377775523, 53.70
1377775528, 53.70
1377775533, 53.70
1377775538, 53.70
1377775543, 53.70
1377775548, 53.73
1377775553, 53.70
1377775558, 53.66
1377775563, 53.70
1377775568, 53.70
1377775573, 53.70
1377775578, 53.70
1377775583, 53.70
1377775588, 53.70
1377775593, 53.70
1377775598, 53.70
1377775603, 53.70
1377775608, 53.70
1377775613, 53.70
1377775618, 53.70
1377775623, 53.70
1377775628, 53.70
1377775633, 53.70
1377775638, 53.70
1377775643, 53.66
1377775648, 53.70
1377775653, 53.70
1377775658, 53.70
1377775663, 53.70
1377775668, 53.70
1377775673, 53.70
1377775678, 53.66
1377775683, 53.66
1377775688, 53.70
1377775693, 53.70
1377775698, 53.70
1377775703, 53.70
1377775708, 53.70
1377775713, 53.70
1377775718, 53.70
1377775723, 53.66
1377775728, 53.66
1377775733, 53.70
1377775738, 53.66
1377775743, 53.66
1377775748, 53.70
1377775753, 53.66
1377775758, 53.70
1377775763, 53.66
1377775768, 53.70
1377775773, 53.66
1377775778, 53.66
1377775783, 53.66
1377775788, 53.66
1377775793, 53.70
1377775798, 53.66
1377775803, 53.70
1377775808, 53.66
1377775813, 53.66
1377775818, 53.66
1377775823, 53.66
1377775828, 53.66
1377775833, 53.66
1377775838, 53.66
1377775843, 53.66
1377775848, 53.66
1377775853, 53.66
1377775858, 53.66
1377775863, 53.66
1377775868, 53.66
1377775873, 53.63
1377775878, 53.66
1377775883, 53.66
1377775888, 53.66
1377775893, 53.63
1377775898, 53.63
1377775903, 53.66
1377775908, 53.63
1377775913, 53.63
1377775918, 53.66
1377775923, 53.63
1377775928, 53.63
1377775933, 53.66
1377775938, 53.66
1377775943, 53.63
1377775948, 53.66
1377775953, 53.66
1377775958, 53.63
1377775963, 53.63
1377775968, 53.66
1377775973, 53.63
1377775978, 53.66
1377775983, 53.63
1377775988, 53.66
1377775993, 53.63
1377775998, 53.66
1377776003, 53.66
1377776008, 53.63
1377776013, 53.63
1377776018, 53.63
1377776023, 53.63
1377776028, 53.63
1377776033, 53.63
1377776038, 53.63
1377776043, 53.66
1377776048, 53.63
1377776053, 53.63
1377776058, 53.63
1377776063, 53.66
1377776068, 53.63
1377776073, 53.63
1377776078, 53.63
1377776083, 53.63
1377776088, 53.63
1377776093, 53.63
1377776098, 53.63
1377776103, 53.63
1377776108, 53.63
1377776113, 53.63
1377776118, 53.63
1377776123, 53.63
1377776128, 53.63
1377776133, 53.63
1377776138, 53.63
1377776143, 53.63
1377776148, 53.63
1377776153, 53.63
1377776158, 53.63
1377776163, 53.66
1377776168, 53.63
1377776173, 53.63
1377776178, 53.63
1377776183, 53.63
1377776189, 53.63
1377776193, 53.63
1377776198, 53.63
1377776203, 53.63
1377776208, 53.63
1377776213, 53.63
1377776218, 53.63
1377776223, 53.63
1377776228, 53.63
1377776233, 53.63
1377776238, 53.63
1377776243, 53.63
1377776248, 53.63
1377776253, 53.63
1377776258, 53.63
1377776263, 53.63
1377776268, 53.63
1377776273, 53.63
1377776278, 53.63
1377776283, 53.63
1377776288, 53.63
1377776293, 53.63
1377776298, 53.63
1377776303, 53.63
1377776308, 53.63
1377776313, 53.63
1377776318, 53.63
1377776323, 53.63
1377776328, 53.63
1377776333, 53.66
1377776338, 53.63
1377776343, 53.66
1377776348, 53.63
1377776353, 53.63
1377776358, 53.63
1377776363, 53.66
1377776368, 53.63
1377776373, 53.63
1377776378, 53.63
1377776383, 53.63
1377776388, 53.66
1377776393, 53.66
1377776398, 53.63
1377776403, 53.66
1377776408, 53.66
1377776413, 53.66
1377776418, 53.63
1377776423, 53.63
1377776428, 53.66
1377776433, 53.66
1377776438, 53.66
1377776443, 53.66
1377776448, 53.66
1377776453, 53.63
1377776458, 53.66
1377776463, 53.70
1377776468, 53.66
1377776473, 53.66
1377776478, 53.66
1377776483, 53.70
1377776488, 53.66
1377776493, 53.66
1377776498, 53.66
1377776503, 53.66
1377776508, 53.66
1377776513, 53.66
1377776518, 53.66
1377776523, 53.66
1377776528, 53.66
1377776533, 53.66
1377776538, 53.70
1377776543, 53.66
1377776548, 53.66
1377776553, 53.70
1377776558, 53.70
1377776563, 53.66
1377776568, 53.70
1377776573, 53.66
1377776578, 53.66
1377776583, 53.66
1377776588, 53.70
1377776593, 53.66
1377776598, 53.70
1377776603, 53.70
1377776608, 53.70
1377776613, 53.66
1377776618, 53.70
1377776623, 53.70
1377776628, 53.70
1377776633, 53.70
1377776638, 53.70
1377776643, 53.66
1377776648, 53.70
1377776653, 53.70
1377776658, 53.70
1377776663, 53.70
1377776668, 53.70
1377776673, 53.70
1377776678, 53.70
1377776683, 53.70
1377776688, 53.70
1377776693, 53.70
1377776698, 53.70
1377776703, 53.70
1377776708, 53.70
1377776713, 53.70
1377776718, 53.70
1377776723, 53.70
1377776728, 53.70
1377776733, 53.70
1377776738, 53.70
1377776743, 53.70
1377776748, 53.70
1377776753, 53.66
1377776758, 53.70
1377776763, 53.70
1377776768, 53.70
1377776773, 53.70
1377776778, 53.70
1377776783, 53.70
1377776788, 53.70
1377776793, 53.70
1377776798, 53.70
1377776803, 53.70
1377776808, 53.70
1377776813, 53.70
1377776818, 53.70
1377776823, 53.70
1377776828, 53.70
1377776833, 53.70
1377776838, 53.70
1377776843, 53.70
1377776848, 53.70
1377776853, 53.70
1377776858, 53.70
1377776863, 53.70
1377776868, 53.66
1377776873, 53.70
1377776878, 53.70
1377776883, 53.70
1377776888, 53.70
1377776893, 53.70
1377776898, 53.66
1377776903, 53.70
1377776908, 53.70
1377776913, 53.70
1377776918, 53.70
1377776923, 53.70
1377776928, 53.70
1377776933, 53.70
1377776938, 53.70
1377776943, 53.70
1377776948, 53.70
1377776953, 53.70
1377776958, 53.70
1377776963, 53.70
1377776968, 53.70
1377776973, 53.70
1377776978, 53.70
1377776983, 53.70
1377776988, 53.70
1377776993, 53.66
1377776998, 53.66
1377777003, 53.66
1377777008, 53.70
1377777013, 53.70
1377777018, 53.70
1377777023, 53.70
1377777028, 53.66
1377777033, 53.70
1377777038, 53.70
1377777043, 53.66
1377777048, 53.70
1377777053, 53.66
1377777058, 53.66
1377777063, 53.70
1377777068, 53.70
1377777073, 53.70
1377777078, 53.66
1377777083, 53.70
1377777088, 53.70
1377777093, 53.70
1377777098, 53.66
1377777103, 53.66
1377777108, 53.70
1377777113, 53.66
1377777118, 53.66
1377777123, 53.66
1377777128, 53.66
1377777133, 53.66
1377777138, 53.66
1377777143, 53.66
1377777148, 53.66
1377777153, 53.66
1377777158, 53.66
1377777163, 53.66
1377777168, 53.66
1377777173, 53.63
1377777178, 53.66
1377777183, 53.66
1377777188, 53.66
1377777193, 53.66
1377777198, 53.66
1377777203, 53.66
1377777208, 53.63
1377777213, 53.66
1377777218, 53.66
1377777223, 53.66
1377777228, 53.66
1377777233, 53.66
1377777238, 53.66
1377777243, 53.66
1377777248, 53.63
1377777253, 53.63
1377777258, 53.63
1377777263, 53.66
1377777268, 53.63
1377777273, 53.66
1377777278, 53.66
1377777283, 53.66
1377777288, 53.66
1377777293, 53.63
1377777298, 53.63
1377777303, 53.63
1377777308, 53.63
1377777313, 53.63
1377777318, 53.63
1377777323, 53.63
1377777328, 53.63
1377777333, 53.63
1377777338, 53.63
1377777343, 53.63
1377777348, 53.63
1377777353, 53.63
1377777358, 53.63
1377777363, 53.63
1377777368, 53.63
1377777373, 53.63
1377777378, 53.63
1377777383, 53.63
1377777388, 53.63
1377777393, 53.63
1377777398, 53.63
1377777403, 53.63
1377777408, 53.63
1377777413, 53.63
1377777418, 53.63
1377777423, 53.63
1377777428, 53.63
1377777433, 53.63
1377777438, 53.63
1377777443, 53.63
1377777448, 53.63
1377777453, 53.63
1377777458, 53.63
1377777463, 53.63
1377777468, 53.63
1377777473, 53.63
1377777478, 53.60
1377777483, 53.60
1377777488, 53.60
1377777493, 53.63
1377777499, 53.63
1377777503, 53.60
1377777508, 53.63
1377777513, 53.63
1377777518, 53.60
1377777523, 53.63
1377777528, 53.63
1377777533, 53.63
1377777538, 53.63
1377777543, 53.60
1377777548, 53.63
1377777553, 53.63
1377777558, 53.63
1377777563, 53.63
1377777568, 53.63
1377777573, 53.63
1377777578, 53.63
1377777583, 53.60
1377777588, 53.63
1377777593, 53.63
1377777598, 53.60
1377777603, 53.60
1377777608, 53.60
1377777613, 53.63
1377777618, 53.63
1377777623, 53.63
1377777628, 53.63
1377777633, 53.60
1377777638, 53.60
1377777643, 53.63
1377777648, 53.63
1377777653, 53.63
1377777658, 53.63
1377777663, 53.63
1377777668, 53.60
1377777673, 53.63
1377777678, 53.60
1377777683, 53.63
1377777688, 53.60
1377777693, 53.60
1377777698, 53.60
1377777703, 53.60
1377777708, 53.63
1377777713, 53.63
1377777718, 53.63
1377777723, 53.63
1377777728, 53.60
1377777733, 53.60
1377777738, 53.60
1377777743, 53.63
1377777748, 53.60
1377777753, 53.60
1377777758, 53.63
1377777763, 53.63
1377777768, 53.60
1377777773, 53.60
1377777778, 53.63
1377777783, 53.63
1377777788, 53.60
1377777793, 53.60
1377777798, 53.63
1377777803, 53.63
1377777808, 53.60
1377777813, 53.63
1377777818, 53.60
1377777823, 53.60
1377777828, 53.60
1377777833, 53.63
1377777838, 53.63
1377777843, 53.60
1377777848, 53.60
1377777853, 53.63
1377777858, 53.63
1377777863, 53.60
1377777868, 53.63
1377777873, 53.63
1377777878, 53.63
1377777883, 53.60
1377777888, 53.63
1377777893, 53.60
1377777898, 53.63
1377777903, 53.63
1377777908, 53.63
1377777913, 53.63
1377777918, 53.63
1377777923, 53.63
1377777928, 53.63
1377777933, 53.63
1377777938, 53.63
1377777943, 53.63
1377777948, 53.63
1377777953, 53.63
1377777958, 53.60
1377777963, 53.63
1377777968, 53.63
1377777973, 53.63
1377777978, 53.63
1377777983, 53.60
1377777988, 53.63
1377777993, 53.63
1377777998, 53.63
1377778003, 53.63
1377778008, 53.63
1377778013, 53.63
1377778018, 53.63
1377778023, 53.63
1377778028, 53.63
1377778033, 53.63
1377778038, 53.63
1377778043, 53.60
1377778048, 53.63
1377778053, 53.63
1377778058, 53.63
1377778063, 53.63
1377778068, 53.63
1377778073, 53.63
1377778078, 53.63
1377778083, 53.63
1377778088, 53.63
1377778093, 53.63
1377778098, 53.63
1377778103, 53.63
1377778108, 53.63
1377778113, 53.63
1377778118, 53.63
1377778123, 53.63
1377778128, 53.63
1377778133, 53.63
1377778138, 53.63
1377778143, 53.63
1377778148, 53.63
1377778153, 53.63
1377778158, 53.63
1377778163, 53.63
1377778168, 53.63
1377778173, 53.63
1377778178, 53.63
1377778183, 53.63
1377778188, 53.63
1377778193, 53.63
1377778198, 53.63
1377778203, 53.63
1377778208, 53.63
1377778213, 53.63
1377778218, 53.63
1377778223, 53.63
1377778228, 53.63
1377778233, 53.63
1377778238, 53.63
1377778243, 53.63
1377778248, 53.63
1377778253, 53.63
1377778258, 53.63
1377778263, 53.63
1377778268, 53.63
1377778273, 53.63
1377778278, 53.63
1377778283, 53.63
1377778288, 53.63
1377778293, 53.63
1377778298, 53.63
1377778303, 53.63
1377778308, 53.63
1377778313, 53.63
1377778318, 53.63
1377778323, 53.63
1377778328, 53.63
1377778333, 53.63
1377778338, 53.63
1377778343, 53.63
1377778348, 53.60
1377778353, 53.63
1377778358, 53.63
1377778363, 53.60
1377778368, 53.63
1377778373, 53.63
1377778378, 53.63
1377778383, 53.63
1377778388, 53.63
1377778393, 53.63
1377778398, 53.63
1377778403, 53.63
1377778408, 53.63
1377778413, 53.63
1377778418, 53.63
1377778423, 53.63
1377778428, 53.63
1377778433, 53.63
1377778438, 53.60
1377778443, 53.63
1377778448, 53.63
1377778453, 53.60
1377778458, 53.60
1377778463, 53.60
1377778468, 53.60
1377778473, 53.63
1377778478, 53.60
1377778483, 53.63
1377778488, 53.60
1377778493, 53.63
1377778498, 53.63
1377778503, 53.63
1377778508, 53.60
1377778513, 53.60
1377778518, 53.63
1377778523, 53.63
1377778528, 53.63
1377778533, 53.60
1377778538, 53.63
1377778543, 53.63
1377778548, 53.63
1377778553, 53.63
1377778558, 53.63
1377778563, 53.63
1377778568, 53.63
1377778573, 53.63
1377778578, 53.60
1377778583, 53.63
1377778588, 53.63
1377778593, 53.63
1377778598, 53.63
1377778603, 53.63
1377778608, 53.63
1377778613, 53.60
1377778618, 53.63
1377778623, 53.63
1377778628, 53.63
1377778633, 53.60
1377778638, 53.63
1377778643, 53.63
1377778648, 53.63
1377778653, 53.63
1377778658, 53.63
1377778663, 53.63
1377778668, 53.63
1377778673, 53.63
1377778678, 53.63
1377778683, 53.63
1377778688, 53.63
1377778693, 53.63
1377778698, 53.63
1377778703, 53.63
1377778708, 53.63
1377778713, 53.63
1377778718, 53.63
1377778723, 53.63
1377778728, 53.63
1377778733, 53.63
1377778738, 53.63
1377778743, 53.63
1377778748, 53.63
1377778753, 53.63
1377778758, 53.63
1377778763, 53.63
1377778768, 53.63
1377778773, 53.63
1377778778, 53.63
1377778783, 53.63
1377778788, 53.63
1377778793, 53.66
1377778798, 53.63
1377778803, 53.63
1377778808, 53.66
1377778813, 53.63
1377778818, 53.66
1377778823, 53.63
1377778828, 53.63
1377778833, 53.66
1377778838, 53.66
1377778843, 53.63
1377778848, 53.66
1377778853, 53.63
1377778858, 53.63
1377778863, 53.63
1377778868, 53.63
1377778873, 53.66
1377778878, 53.66
1377778883, 53.66
1377778888, 53.63
1377778893, 53.66
1377778898, 53.66
1377778903, 53.63
1377778908, 53.66
1377778913, 53.70
1377778918, 53.66
1377778923, 53.66
1377778928, 53.66
1377778933, 53.66
1377778938, 53.70
1377778943, 53.66
1377778948, 53.70
1377778953, 53.70
1377778958, 53.66
1377778963, 53.66
1377778968, 53.66
1377778973, 53.70
1377778978, 53.66
1377778983, 53.66
1377778988, 53.70
1377778993, 53.70
1377778998, 53.66
1377779003, 53.70
1377779008, 53.70
1377779013, 53.70
1377779018, 53.70
1377779023, 53.70
1377779028, 53.70
1377779033, 53.70
1377779038, 53.70
1377779043, 53.70
1377779048, 53.70
1377779053, 53.70
1377779058, 53.70
1377779063, 53.70
1377779068, 53.70
1377779073, 53.70
1377779078, 53.70
1377779083, 53.70
1377779088, 53.70
1377779093, 53.70
1377779098, 53.70
1377779103, 53.70
1377779108, 53.70
1377779113, 53.70
1377779118, 53.70
1377779123, 53.70
1377779128, 53.70
1377779133, 53.70
1377779138, 53.73
1377779143, 53.70
1377779148, 53.70
1377779153, 53.70
1377779158, 53.70
1377779163, 53.70
1377779168, 53.70
1377779173, 53.73
1377779178, 53.70
1377779183, 53.70
1377779188, 53.70
1377779193, 53.70
1377779198, 53.70
1377779203, 53.70
1377779208, 53.70
1377779213, 53.70
1377779218, 53.70
1377779223, 53.70
1377779228, 53.70
1377779233, 53.70
1377779238, 53.70
1377779243, 53.70
1377779248, 53.70
1377779253, 53.70
1377779258, 53.73
1377779263, 53.73
1377779268, 53.70
1377779273, 53.70
1377779278, 53.70
1377779283, 53.70
1377779288, 53.70
1377779293, 53.70
1377779298, 53.70
1377779303, 53.70
1377779308, 53.70
1377779313, 53.70
1377779318, 53.70
1377779323, 53.70
1377779328, 53.70
1377779333, 53.70
1377779338, 53.70
1377779343, 53.70
1377779348, 53.70
1377779353, 53.70
1377779358, 53.70
1377779363, 53.70
1377779368, 53.70
1377779373, 53.70
1377779378, 53.70
1377779383, 53.70
1377779388, 53.70
1377779393, 53.70
1377779398, 53.73
1377779403, 53.70
1377779408, 53.70
1377779413, 53.70
1377779418, 53.70
1377779423, 53.70
1377779428, 53.70
1377779433, 53.70
1377779438, 53.70
1377779443, 53.70
1377779448, 53.70
1377779453, 53.70
1377779458, 53.70
1377779463, 53.66
1377779468, 53.70
1377779473, 53.66
1377779478, 53.70
1377779483, 53.70
1377779488, 53.70
1377779493, 53.70
1377779498, 53.70
1377779503, 53.70
1377779508, 53.70
1377779513, 53.70
1377779518, 53.66
1377779523, 53.66
1377779528, 53.70
1377779533, 53.70
1377779538, 53.70
1377779543, 53.66
1377779548, 53.70
1377779553, 53.70
1377779558, 53.66
1377779563, 53.70
1377779568, 53.70
1377779573, 53.70
1377779578, 53.70
1377779583, 53.70
1377779588, 53.70
1377779593, 53.66
1377779598, 53.66
1377779603, 53.66
1377779608, 53.70
1377779613, 53.66
1377779618, 53.70
1377779623, 53.66
1377779628, 53.70
1377779633, 53.70
1377779638, 53.66
1377779643, 53.70
1377779648, 53.70
1377779653, 53.66
1377779658, 53.66
1377779663, 53.66
1377779668, 53.70
1377779673, 53.70
1377779678, 53.70
1377779683, 53.66
1377779688, 53.66
1377779693, 53.66
1377779698, 53.66
1377779703, 53.70
1377779708, 53.66
1377779713, 53.66
1377779718, 53.66
1377779723, 53.70
1377779728, 53.66
1377779733, 53.66
1377779738, 53.66
1377779743, 53.66
1377779748, 53.66
1377779753, 53.66
1377779758, 53.66
1377779763, 53.70
1377779768, 53.66
1377779773, 53.66
1377779778, 53.66
1377779783, 53.70
1377779788, 53.66
1377779793, 53.66
1377779798, 53.66
1377779803, 53.66
1377779808, 53.70
1377779813, 53.66
1377779818, 53.66
1377779823, 53.63
1377779828, 53.66
1377779833, 53.66
1377779838, 53.66
1377779843, 53.70
1377779848, 53.66
1377779853, 53.66
1377779858, 53.66
1377779863, 53.70
1377779868, 53.66
1377779873, 53.66
1377779878, 53.66
1377779883, 53.66
1377779888, 53.70
1377779893, 53.70
1377779898, 53.66
1377779903, 53.66
1377779908, 53.66
1377779913, 53.70
1377779918, 53.66
1377779923, 53.66
1377779928, 53.66
1377779933, 53.66
1377779938, 53.70
1377779943, 53.70
1377779948, 53.66
1377779953, 53.66
1377779958, 53.66
1377779963, 53.70
1377779968, 53.66
1377779973, 53.66
1377779978, 53.66
1377779983, 53.70
1377779988, 53.66
1377779993, 53.66
1377779998, 53.66
1377780003, 53.66
1377780008, 53.70
1377780013, 53.66
1377780018, 53.66
1377780023, 53.70
1377780028, 53.70
1377780033, 53.66
1377780038, 53.70
1377780043, 53.70
1377780048, 53.70
1377780053, 53.66
1377780058, 53.66
1377780063, 53.66
1377780068, 53.70
1377780073, 53.70
1377780078, 53.66
1377780083, 53.70
1377780088, 53.66
1377780093, 53.70
1377780098, 53.70
1377780103, 53.66
1377780108, 53.70
1377780113, 53.70
1377780118, 53.70
1377780123, 53.70
1377780128, 53.70
1377780133, 53.66
1377780138, 53.70
1377780143, 53.70
1377780148, 53.70
1377780153, 53.70
1377780158, 53.70
1377780163, 53.70
1377780168, 53.70
1377780173, 53.70
1377780178, 53.70
1377780183, 53.70
1377780188, 53.70
1377780193, 53.70
1377780198, 53.70
1377780203, 53.70
1377780208, 53.70
1377780213, 53.70
1377780218, 53.70
1377780223, 53.70
1377780228, 53.70
1377780233, 53.70
1377780238, 53.70
1377780243, 53.70
1377780248, 53.70
1377780253, 53.70
1377780258, 53.70
1377780263, 53.70
1377780268, 53.70
1377780273, 53.70
1377780278, 53.70
1377780283, 53.70
1377780288, 53.70
1377780293, 53.70
1377780298, 53.70
1377780303, 53.70
1377780308, 53.70
1377780313, 53.70
1377780318, 53.70
1377780323, 53.73
1377780328, 53.70
1377780333, 53.73
1377780338, 53.70
1377780343, 53.73
1377780348, 53.70
1377780353, 53.70
1377780358, 53.73
1377780363, 53.70
1377780368, 53.73
1377780373, 53.73
1377780378, 53.73
1377780383, 53.73
1377780388, 53.70
1377780393, 53.73
1377780398, 53.73
1377780403, 53.73
1377780408, 53.73
1377780413, 53.73
1377780418, 53.73
1377780423, 53.73
1377780428, 53.73
1377780433, 53.73
1377780438, 53.73
1377780443, 53.73
1377780448, 53.73
1377780453, 53.73
1377780458, 53.73
1377780463, 53.73
1377780468, 53.76
1377780473, 53.73
1377780478, 53.73
1377780483, 53.73
1377780488, 53.73
1377780493, 53.76
1377780498, 53.73
1377780503, 53.73
1377780508, 53.73
1377780513, 53.73
1377780518, 53.73
1377780523, 53.73
1377780528, 53.73
1377780533, 53.73
1377780538, 53.73
1377780543, 53.73
1377780548, 53.73
1377780553, 53.76
1377780558, 53.76
1377780563, 53.73
1377780568, 53.73
1377780573, 53.73
1377780578, 53.73
1377780583, 53.73
1377780588, 53.73
1377780593, 53.73
1377780598, 53.76
1377780603, 53.73
1377780608, 53.73
1377780613, 53.73
1377780618, 53.73
1377780623, 53.73
1377780628, 53.76
1377780633, 53.73
1377780638, 53.73
1377780643, 53.73
1377780648, 53.73
1377780653, 53.73
1377780658, 53.73
1377780663, 53.73
1377780668, 53.73
1377780673, 53.76
1377780678, 53.73
1377780683, 53.76
1377780688, 53.73
1377780693, 53.76
1377780698, 53.76
1377780703, 53.73
1377780708, 53.73
1377780713, 53.76
1377780718, 53.76
1377780723, 53.73
1377780728, 53.73
1377780733, 53.76
1377780738, 53.76
1377780743, 53.76
1377780748, 53.76
1377780753, 53.76
1377780758, 53.76
1377780763, 53.73
1377780768, 53.76
1377780773, 53.76
1377780778, 53.76
1377780783, 53.76
1377780788, 53.76
1377780793, 53.73
1377780798, 53.76
1377780803, 53.73
1377780808, 53.73
1377780813, 53.76
1377780818, 53.73
1377780823, 53.76
1377780828, 53.76
1377780833, 53.76
1377780838, 53.73
1377780843, 53.76
1377780848, 53.76
1377780853, 53.76
1377780858, 53.76
1377780863, 53.73
1377780868, 53.73
1377780873, 53.73
1377780878, 53.76
1377780883, 53.76
1377780888, 53.76
1377780893, 53.76
1377780898, 53.73
1377780903, 53.73
1377780908, 53.76
1377780913, 53.73
1377780918, 53.76
1377780923, 53.76
1377780928, 53.73
1377780933, 53.76
1377780938, 53.73
1377780943, 53.73
1377780948, 53.76
1377780953, 53.73
1377780958, 53.76
1377780963, 53.76
1377780968, 53.73
1377780973, 53.73
1377780978, 53.76
1377780983, 53.73
1377780988, 53.73
1377780993, 53.76
1377780998, 53.73
1377781003, 53.76
1377781008, 53.76
1377781013, 53.73
1377781018, 53.73
1377781023, 53.76
1377781028, 53.73
1377781033, 53.73
1377781038, 53.73
1377781043, 53.76
1377781048, 53.76
1377781053, 53.73
1377781058, 53.76
1377781063, 53.73
1377781068, 53.76
1377781073, 53.76
1377781078, 53.73
1377781083, 53.76
1377781088, 53.76
1377781093, 53.73
1377781098, 53.76
1377781103, 53.76
1377781108, 53.73
1377781113, 53.73
1377781118, 53.76
1377781123, 53.76
1377781128, 53.73
1377781133, 53.76
1377781138, 53.73
1377781143, 53.73
1377781148, 53.76
1377781153, 53.76
1377781158, 53.76
1377781163, 53.76
1377781168, 53.76
1377781173, 53.73
1377781178, 53.76
1377781183, 53.76
1377781188, 53.73
1377781193, 53.73
1377781198, 53.73
1377781203, 53.73
1377781208, 53.76
1377781213, 53.73
1377781218, 53.73
1377781223, 53.73
1377781228, 53.73
1377781233, 53.73
1377781238, 53.76
1377781243, 53.76
1377781248, 53.73
1377781253, 53.76
1377781258, 53.76
1377781263, 53.73
1377781268, 53.73
1377781273, 53.73
1377781278, 53.73
1377781283, 53.76
1377781288, 53.73
1377781293, 53.76
1377781298, 53.76
1377781303, 53.76
1377781308, 53.76
1377781313, 53.73
1377781318, 53.76
1377781323, 53.76
1377781328, 53.73
1377781333, 53.76
1377781338, 53.73
1377781343, 53.73
1377781348, 53.76
1377781353, 53.73
1377781358, 53.76
1377781363, 53.76
1377781368, 53.76
1377781373, 53.76
1377781378, 53.73
1377781383, 53.76
1377781388, 53.73
1377781393, 53.76
1377781398, 53.73
1377781403, 53.73
1377781408, 53.76
1377781413, 53.73
1377781418, 53.76
1377781423, 53.73
1377781428, 53.76
1377781433, 53.73
1377781438, 53.76
1377781443, 53.73
1377781448, 53.76
1377781453, 53.73
1377781458, 53.76
1377781463, 53.73
1377781468, 53.76
1377781473, 53.73
1377781478, 53.76
1377781483, 53.76
1377781488, 53.76
1377781493, 53.76
1377781498, 53.76
1377781503, 53.73
1377781508, 53.76
1377781513, 53.73
1377781518, 53.76
1377781523, 53.76
1377781528, 53.73
1377781533, 53.76
1377781538, 53.76
1377781543, 53.76
1377781548, 53.76
1377781553, 53.76
1377781558, 53.76
1377781563, 53.73
1377781568, 53.76
1377781573, 53.76
1377781578, 53.76
1377781583, 53.73
1377781588, 53.76
1377781593, 53.76
1377781598, 53.76
1377781603, 53.76
1377781608, 53.73
1377781613, 53.76
1377781618, 53.76
1377781623, 53.76
1377781628, 53.73
1377781633, 53.73
1377781638, 53.76
1377781643, 53.76
1377781648, 53.76
1377781653, 53.76
1377781658, 53.76
1377781663, 53.76
1377781668, 53.76
1377781673, 53.76
1377781678, 53.76
1377781683, 53.76
1377781688, 53.76
1377781693, 53.76
1377781698, 53.76
1377781703, 53.76
1377781708, 53.76
1377781713, 53.76
1377781718, 53.76
1377781723, 53.76
1377781728, 53.76
1377781733, 53.76
1377781738, 53.76
1377781743, 53.76
1377781748, 53.76
1377781753, 53.76
1377781758, 53.76
1377781763, 53.76
1377781768, 53.76
1377781773, 53.76
1377781778, 53.76
1377781783, 53.76
1377781788, 53.76
1377781793, 53.76
1377781798, 53.76
1377781803, 53.76
1377781808, 53.76
1377781813, 53.76
1377781818, 53.76
1377781823, 53.76
1377781828, 53.76
1377781833, 53.76
1377781838, 53.76
1377781843, 53.76
1377781848, 53.76
1377781853, 53.76
1377781858, 53.76
1377781863, 53.76
1377781868, 53.76
1377781873, 53.76
1377781878, 53.76
1377781883, 53.76
1377781888, 53.79
1377781893, 53.76
1377781898, 53.76
1377781903, 53.76
1377781908, 53.76
1377781913, 53.79
1377781918, 53.76
1377781923, 53.79
1377781928, 53.76
1377781933, 53.76
1377781938, 53.79
1377781943, 53.79
1377781948, 53.79
1377781953, 53.79
1377781958, 53.79
1377781963, 53.79
1377781968, 53.79
1377781973, 53.76
1377781978, 53.79
1377781983, 53.79
1377781988, 53.79
1377781993, 53.79
1377781998, 53.79
1377782003, 53.79
1377782008, 53.79
1377782013, 53.79
1377782018, 53.82
1377782023, 53.79
1377782028, 53.82
1377782033, 53.82
1377782038, 53.82
1377782043, 53.79
1377782048, 53.79
1377782053, 53.79
1377782058, 53.82
1377782063, 53.79
1377782068, 53.82
1377782073, 53.79
1377782078, 53.82
1377782083, 53.82
1377782088, 53.82
1377782093, 53.82
1377782098, 53.82
1377782103, 53.79
1377782108, 53.82
1377782113, 53.79
1377782118, 53.82
1377782123, 53.82
1377782128, 53.82
1377782133, 53.82
1377782138, 53.82
1377782143, 53.82
1377782148, 53.82
1377782153, 53.82
1377782158, 53.82
1377782163, 53.82
1377782168, 53.82
1377782173, 53.82
1377782178, 53.82
1377782183, 53.82
1377782188, 53.82
1377782193, 53.82
1377782198, 53.82
1377782203, 53.82
1377782208, 53.82
1377782213, 53.82
1377782218, 53.82
1377782223, 53.82
1377782228, 53.82
1377782233, 53.82
1377782238, 53.82
1377782243, 53.82
1377782248, 53.82
1377782253, 53.82
1377782258, 53.82
1377782263, 53.82
1377782268, 53.85
1377782273, 53.82
1377782278, 53.82
1377782283, 53.85
1377782288, 53.82
1377782293, 53.82
1377782298, 53.82
1377782303, 53.82
1377782308, 53.82
1377782313, 53.82
1377782318, 53.85
1377782323, 53.85
1377782328, 53.82
1377782333, 53.82
1377782338, 53.82
1377782343, 53.82
1377782348, 53.82
1377782353, 53.82
1377782358, 53.85
1377782363, 53.82
1377782368, 53.85
1377782373, 53.85
1377782378, 53.85
1377782383, 53.85
1377782388, 53.85
1377782393, 53.85
1377782398, 53.85
1377782403, 53.85
1377782408, 53.85
1377782413, 53.85
1377782418, 53.85
1377782423, 53.82
1377782428, 53.85
1377782433, 53.85
1377782438, 53.85
1377782443, 53.85
1377782448, 53.85
1377782453, 53.85
1377782458, 53.85
1377782463, 53.85
1377782468, 53.85
1377782473, 53.85
1377782478, 53.85
1377782483, 53.85
1377782488, 53.85
1377782493, 53.88
1377782498, 53.85
1377782503, 53.85
1377782508, 53.85
1377782513, 53.85
1377782518, 53.85
1377782523, 53.85
1377782528, 53.85
1377782533, 53.85
1377782538, 53.88
1377782543, 53.85
1377782548, 53.88
1377782553, 53.88
1377782558, 53.85
1377782563, 53.85
1377782568, 53.85
1377782573, 53.88
1377782578, 53.85
1377782583, 53.88
1377782588, 53.88
1377782593, 53.88
1377782598, 53.88
1377782603, 53.88
1377782608, 53.88
1377782613, 53.88
1377782618, 53.88
1377782623, 53.88
1377782628, 53.85
1377782633, 53.85
1377782638, 53.88
1377782643, 53.88
1377782648, 53.88
1377782653, 53.88
1377782658, 53.88
1377782663, 53.88
1377782668, 53.88
1377782673, 53.88
1377782678, 53.88
1377782683, 53.88
1377782688, 53.88
1377782693, 53.88
1377782698, 53.88
1377782703, 53.88
1377782708, 53.88
1377782713, 53.88
1377782718, 53.88
1377782723, 53.88
1377782728, 53.88
1377782733, 53.88
1377782738, 53.88
1377782743, 53.88
1377782748, 53.88
1377782753, 53.88
1377782758, 53.88
1377782763, 53.88
1377782768, 53.88
1377782773, 53.88
1377782778, 53.92
1377782783, 53.88
1377782788, 53.88
1377782793, 53.88
1377782798, 53.88
1377782803, 53.88
1377782808, 53.88
1377782813, 53.88
1377782818, 53.88
1377782823, 53.88
1377782828, 53.88
1377782833, 53.92
1377782838, 53.88
1377782843, 53.92
1377782848, 53.88
1377782853, 53.88
1377782858, 53.92
1377782863, 53.88
1377782868, 53.88
1377782873, 53.92
1377782878, 53.88
1377782883, 53.88
1377782888, 53.88
1377782893, 53.88
1377782898, 53.92
1377782903, 53.88
1377782908, 53.88
1377782913, 53.92
1377782918, 53.88
1377782923, 53.92
1377782928, 53.88
1377782933, 53.92
1377782938, 53.88
1377782943, 53.92
1377782948, 53.92
1377782953, 53.88
1377782958, 53.92
1377782963, 53.92
1377782968, 53.92
1377782973, 53.92
1377782978, 53.92
1377782983, 53.92
1377782988, 53.92
1377782993, 53.92
1377782998, 53.92
1377783003, 53.92
1377783008, 53.92
1377783013, 53.95
1377783018, 53.92
1377783023, 53.92
1377783028, 53.92
1377783033, 53.92
1377783038, 53.92
1377783043, 53.92
1377783048, 53.92
1377783053, 53.92
1377783058, 53.92
1377783063, 53.95
1377783068, 53.92
1377783073, 53.92
1377783078, 53.95
1377783083, 53.92
1377783088, 53.92
1377783093, 53.95
1377783098, 53.95
1377783103, 53.92
1377783108, 53.92
1377783113, 53.92
1377783118, 53.95
1377783123, 53.95
1377783128, 53.92
1377783133, 53.95
1377783138, 53.95
1377783143, 53.95
1377783148, 53.95
1377783153, 53.95
1377783158, 53.95
1377783163, 53.95
1377783168, 53.95
1377783173, 53.95
1377783178, 53.95
1377783183, 53.95
1377783188, 53.95
1377783193, 53.95
1377783198, 53.95
1377783203, 53.95
1377783208, 53.95
1377783213, 53.95
1377783218, 53.95
1377783223, 53.95
1377783228, 53.95
1377783233, 53.95
1377783238, 53.95
1377783243, 53.95
1377783248, 53.95
1377783253, 53.95
1377783258, 53.95
1377783263, 53.95
1377783268, 53.95
1377783273, 53.95
1377783278, 53.95
1377783283, 53.95
1377783288, 53.95
1377783293, 53.95
1377783298, 53.95
1377783303, 53.95
1377783308, 53.95
1377783313, 53.95
1377783318, 53.95
1377783323, 53.95
1377783328, 53.95
1377783333, 53.95
1377783338, 53.95
1377783343, 53.95
1377783348, 53.95
1377783353, 53.95
1377783358, 53.95
1377783363, 53.95
1377783368, 53.95
1377783373, 53.95
1377783378, 53.95
1377783383, 53.95
1377783388, 53.95
1377783393, 53.95
1377783398, 53.95
1377783403, 53.95
1377783408, 53.95
1377783413, 53.95
1377783418, 53.95
1377783423, 53.95
1377783428, 53.95
1377783433, 53.95
1377783438, 53.95
1377783443, 53.95
1377783448, 53.95
1377783453, 53.95
1377783458, 53.95
1377783463, 53.95
1377783468, 53.95
1377783473, 53.95
1377783478, 53.95
1377783483, 53.98
1377783488, 53.95
1377783493, 53.98
1377783498, 53.95
1377783503, 53.98
1377783508, 53.98
1377783513, 53.95
1377783518, 53.98
1377783523, 53.95
1377783528, 53.98
1377783533, 53.98
1377783538, 53.95
1377783543, 53.95
1377783548, 53.98
1377783553, 53.95
1377783558, 53.95
1377783563, 53.98
1377783568, 53.98
1377783573, 53.98
1377783578, 53.95
1377783583, 53.98
1377783588, 53.95
1377783593, 53.95
1377783598, 53.95
1377783603, 53.95
1377783608, 53.95
1377783613, 53.95
1377783618, 53.98
1377783623, 53.95
1377783628, 53.98
1377783633, 53.95
1377783638, 53.98
1377783643, 53.98
1377783648, 53.95
1377783653, 53.95
1377783658, 53.98
1377783663, 53.98
1377783668, 53.98
1377783673, 53.95
1377783678, 53.98
1377783683, 53.98
1377783688, 53.98
1377783693, 53.98
1377783698, 53.98
1377783703, 53.95
1377783708, 53.98
1377783713, 53.98
1377783718, 53.98
1377783723, 53.98
1377783728, 53.98
1377783733, 54.01
1377783738, 53.95
1377783743, 53.98
1377783748, 53.98
1377783753, 53.98
1377783758, 53.98
1377783763, 53.95
1377783768, 53.98
1377783773, 53.98
1377783778, 53.98
1377783783, 54.01
1377783788, 53.95
1377783793, 53.98
1377783798, 54.01
1377783803, 53.98
1377783808, 53.98
1377783813, 53.98
1377783818, 53.98
1377783823, 53.98
1377783828, 53.98
1377783833, 53.98
1377783838, 53.98
1377783843, 53.98
1377783848, 53.98
1377783853, 53.98
1377783858, 53.95
1377783863, 53.98
1377783868, 53.98
1377783873, 53.98
1377783878, 53.98
1377783883, 53.98
1377783888, 53.98
1377783893, 53.98
1377783898, 53.98
1377783903, 53.95
1377783908, 53.95
1377783913, 53.95
1377783918, 53.98
1377783923, 53.98
1377783928, 53.98
1377783933, 53.98
1377783938, 53.98
1377783943, 53.98
1377783948, 53.98
1377783953, 53.95
1377783958, 53.98
1377783963, 53.98
1377783968, 53.98
1377783973, 53.98
1377783978, 53.98
1377783983, 53.95
1377783988, 53.98
1377783993, 53.98
1377783998, 53.98
1377784003, 53.98
1377784008, 53.95
1377784013, 53.98
1377784018, 53.98
1377784023, 53.95
1377784028, 53.98
1377784033, 53.95
1377784038, 53.98
1377784043, 53.98
1377784048, 53.98
1377784053, 53.95
1377784058, 53.98
1377784063, 53.98
1377784068, 53.98
1377784073, 53.95
1377784078, 53.98
1377784083, 53.95
1377784088, 53.98
1377784093, 53.95
1377784098, 53.98
1377784103, 53.95
1377784108, 53.98
1377784113, 53.98
1377784118, 53.98
1377784123, 53.95
1377784128, 53.98
1377784133, 53.98
1377784138, 53.95
1377784143, 53.98
1377784148, 53.98
1377784153, 53.98
1377784158, 53.95
1377784163, 53.95
1377784168, 53.98
1377784173, 53.95
1377784178, 53.95
1377784183, 53.95
1377784188, 53.98
1377784193, 53.98
1377784198, 53.98
1377784203, 53.95
1377784208, 53.98
1377784213, 53.98
1377784218, 53.95
1377784223, 53.98
1377784228, 53.95
1377784233, 53.95
1377784238, 53.98
1377784243, 53.98
1377784248, 53.95
1377784253, 53.98
1377784258, 53.98
1377784263, 53.98
1377784268, 53.98
1377784273, 53.95
1377784278, 53.98
1377784283, 53.98
1377784288, 53.95
1377784293, 53.95
1377784298, 53.95
1377784303, 53.95
1377784308, 53.98
1377784313, 53.95
1377784318, 53.95
1377784323, 53.95
1377784328, 53.95
1377784333, 53.95
1377784338, 53.98
1377784343, 53.95
1377784348, 53.98
1377784353, 53.95
1377784358, 53.98
1377784363, 53.95
1377784368, 53.95
1377784373, 53.95
1377784378, 53.95
1377784383, 53.98
1377784388, 53.95
1377784393, 53.95
1377784398, 53.95
1377784403, 53.95
1377784408, 53.95
1377784413, 53.95
1377784418, 53.95
1377784423, 53.95
1377784428, 53.95
1377784433, 53.95
1377784438, 53.95
1377784443, 53.95
1377784448, 53.95
1377784453, 53.95
1377784458, 53.95
1377784463, 53.95
1377784468, 53.95
1377784473, 53.95
1377784478, 53.95
1377784483, 53.98
1377784488, 53.95
1377784493, 53.95
1377784498, 53.95
1377784503, 53.95
1377784508, 53.95
1377784513, 53.95
1377784518, 53.95
1377784523, 53.95
1377784528, 53.95
1377784533, 53.95
1377784538, 53.95
1377784543, 53.95
1377784548, 53.95
1377784553, 53.98
1377784558, 53.95
1377784563, 53.95
1377784568, 53.95
1377784573, 53.95
1377784578, 53.95
1377784583, 53.95
1377784588, 53.95
1377784593, 53.95
1377784598, 53.95
1377784603, 53.95
1377784608, 53.95
1377784613, 53.95
1377784618, 53.95
1377784623, 53.95
1377784628, 53.95
1377784633, 53.95
1377784638, 53.95
1377784643, 53.95
1377784648, 53.95
1377784653, 53.95
1377784658, 53.95
1377784663, 53.95
1377784668, 53.95
1377784673, 53.95
1377784678, 53.95
1377784683, 53.95
1377784688, 53.95
1377784693, 53.95
1377784698, 53.95
1377784703, 53.98
1377784708, 53.95
1377784713, 53.95
1377784718, 53.95
1377784723, 53.95
1377784728, 53.95
1377784733, 53.95
1377784738, 53.95
1377784743, 53.95
1377784748, 53.95
1377784753, 53.95
1377784758, 53.95
1377784763, 53.95
1377784768, 53.95
1377784773, 53.95
1377784778, 53.95
1377784783, 53.95
1377784788, 53.95
1377784793, 53.95
1377784798, 53.95
1377784803, 53.95
1377784808, 53.95
1377784813, 53.95
1377784818, 53.95
1377784823, 53.95
1377784828, 53.95
1377784833, 53.95
1377784838, 53.95
1377784843, 53.95
1377784848, 53.95
1377784853, 53.95
1377784858, 53.95
1377784863, 53.95
1377784868, 53.95
1377784873, 53.95
1377784878, 53.95
1377784883, 53.95
1377784888, 53.98
1377784893, 53.98
1377784898, 53.98
1377784903, 53.95
1377784908, 53.95
1377784913, 53.95
1377784918, 53.98
1377784923, 53.98
1377784928, 53.95
1377784933, 53.95
1377784938, 53.98
1377784943, 53.95
1377784948, 53.98
1377784953, 53.95
1377784958, 53.95
1377784963, 53.95
1377784968, 53.95
1377784973, 53.95
1377784978, 53.95
1377784983, 53.95
1377784988, 53.98
1377784993, 53.98
1377784998, 53.98
1377785003, 53.98
1377785008, 53.98
1377785013, 53.98
1377785018, 53.98
1377785023, 53.98
1377785028, 53.98
1377785033, 53.98
1377785038, 53.98
1377785043, 53.98
1377785048, 53.98
1377785053, 53.98
1377785058, 53.98
1377785063, 54.01
1377785068, 53.98
1377785073, 53.98
1377785078, 53.98
1377785083, 53.95
1377785088, 53.98
1377785093, 53.98
1377785098, 53.98
1377785103, 53.98
1377785108, 54.01
1377785113, 53.98
1377785118, 54.01
1377785123, 54.01
1377785128, 54.01
1377785133, 53.98
1377785138, 53.98
1377785143, 53.98
1377785148, 53.98
1377785153, 53.98
1377785158, 54.01
1377785163, 53.98
1377785168, 54.01
1377785173, 54.01
1377785178, 54.01
1377785183, 53.98
1377785188, 53.98
1377785193, 53.98
1377785198, 54.01
1377785203, 53.98
1377785208, 53.98
1377785213, 54.01
1377785218, 54.01
1377785223, 53.98
1377785228, 53.98
1377785233, 54.01
1377785238, 54.01
1377785243, 54.01
1377785248, 53.98
1377785253, 54.01
1377785258, 53.98
1377785263, 54.01
1377785268, 54.01
1377785273, 54.01
1377785278, 54.01
1377785283, 54.01
1377785288, 54.01
1377785293, 54.01
1377785298, 54.01
1377785303, 54.01
1377785308, 54.01
1377785313, 54.01
1377785318, 54.01
1377785323, 54.01
1377785328, 54.01
1377785333, 54.01
1377785338, 54.01
1377785343, 54.01
1377785348, 54.01
1377785353, 54.01
1377785358, 54.01
1377785363, 54.01
1377785368, 54.01
1377785373, 54.01
1377785378, 54.01
1377785383, 54.01
1377785388, 54.01
1377785393, 54.01
1377785398, 54.01
1377785403, 54.01
1377785408, 54.01
1377785413, 54.04
1377785418, 54.01
1377785423, 54.01
1377785428, 54.04
1377785433, 54.01
1377785438, 54.01
1377785443, 54.01
1377785448, 54.01
1377785453, 54.01
1377785458, 54.04
1377785463, 54.01
1377785468, 54.01
1377785473, 54.01
1377785478, 54.01
1377785483, 54.01
1377785488, 54.04
1377785493, 54.01
1377785498, 54.01
1377785503, 54.04
1377785508, 54.04
1377785513, 54.04
1377785518, 54.01
1377785523, 54.01
1377785528, 54.04
1377785533, 54.01
1377785538, 54.01
1377785543, 54.01
1377785548, 54.01
1377785553, 54.04
1377785558, 54.01
1377785563, 54.01
1377785568, 54.04
1377785573, 54.01
1377785578, 54.04
1377785583, 54.01
1377785588, 54.04
1377785593, 54.04
1377785598, 54.04
1377785603, 54.04
1377785608, 54.04
1377785613, 54.04
1377785618, 54.01
1377785623, 54.04
1377785628, 54.04
1377785633, 54.01
1377785638, 54.04
1377785643, 54.04
1377785648, 54.04
1377785653, 54.04
1377785658, 54.04
1377785663, 54.04
1377785668, 54.04
1377785673, 54.01
1377785678, 54.04
1377785683, 54.04
1377785688, 54.04
1377785693, 54.04
1377785698, 54.04
1377785703, 54.01
1377785708, 54.01
1377785713, 54.04
1377785718, 54.04
1377785723, 54.04
1377785728, 54.04
1377785733, 54.04
1377785738, 54.04
1377785743, 54.04
1377785748, 54.04
1377785753, 54.04
1377785758, 54.04
1377785763, 54.04
1377785768, 54.01
1377785773, 54.04
1377785778, 54.04
1377785783, 54.04
1377785788, 54.04
1377785793, 54.04
1377785798, 54.04
1377785803, 54.04
1377785808, 54.04
1377785813, 54.04
1377785818, 54.01
1377785823, 54.04
1377785828, 54.04
1377785833, 54.04
1377785838, 54.04
1377785843, 54.04
1377785848, 54.04
1377785853, 54.04
1377785858, 54.04
1377785863, 54.04
1377785868, 54.04
1377785873, 54.04
1377785878, 54.04
1377785883, 54.04
1377785888, 54.04
1377785893, 54.04
1377785898, 54.04
1377785903, 54.04
1377785908, 54.04
1377785913, 54.04
1377785918, 54.04
1377785923, 54.04
1377785928, 54.04
1377785933, 54.04
1377785938, 54.04
1377785943, 54.04
1377785948, 54.04
1377785953, 54.04
1377785958, 54.04
1377785963, 54.04
1377785968, 54.04
1377785973, 54.04
1377785978, 54.04
1377785983, 54.04
1377785988, 54.04
1377785993, 54.04
1377785998, 54.04
1377786003, 54.07
1377786008, 54.04
1377786013, 54.04
1377786018, 54.04
1377786023, 54.04
1377786028, 54.04
1377786033, 54.04
1377786038, 54.04
1377786043, 54.04
1377786048, 54.04
1377786053, 54.04
1377786058, 54.04
1377786063, 54.04
1377786068, 54.04
1377786073, 54.04
1377786078, 54.01
1377786083, 54.04
1377786088, 54.04
1377786093, 54.04
1377786098, 54.04
1377786103, 54.04
1377786108, 54.04
1377786113, 54.04
1377786118, 54.04
1377786123, 54.04
1377786128, 54.04
1377786133, 54.04
1377786138, 54.04
1377786143, 54.04
1377786148, 54.04
1377786153, 54.04
1377786158, 54.04
1377786163, 54.04
1377786168, 54.04
1377786173, 54.04
1377786178, 54.04
1377786183, 54.04
1377786188, 54.04
1377786193, 54.04
1377786198, 54.04
1377786203, 54.04
1377786208, 54.04
1377786213, 54.04
1377786218, 54.04
1377786223, 54.04
1377786228, 54.01
1377786233, 54.04
1377786238, 54.04
1377786243, 54.04
1377786248, 54.04
1377786253, 54.07
1377786258, 54.04
1377786263, 54.04
1377786268, 54.04
1377786273, 54.04
1377786278, 54.04
1377786283, 54.07
1377786288, 54.04
1377786293, 54.04
1377786298, 54.04
1377786303, 54.04
1377786308, 54.04
1377786313, 54.07
1377786318, 54.04
1377786323, 54.04
1377786328, 54.04
1377786333, 54.07
1377786338, 54.04
1377786343, 54.04
1377786348, 54.07
1377786353, 54.04
1377786358, 54.07
1377786363, 54.04
1377786368, 54.04
1377786373, 54.04
1377786378, 54.07
1377786383, 54.01
1377786388, 54.07
1377786393, 54.04
1377786398, 54.07
1377786403, 54.07
1377786408, 54.04
1377786413, 54.04
1377786418, 54.07
1377786423, 54.04
1377786428, 54.07
1377786433, 54.07
1377786438, 54.04
1377786443, 54.07
1377786448, 54.07
1377786453, 54.04
1377786458, 54.07
1377786463, 54.07
1377786468, 54.07
1377786473, 54.07
1377786478, 54.07
1377786483, 54.07
1377786488, 54.07
1377786493, 54.07
1377786498, 54.07
1377786503, 54.07
1377786508, 54.04
1377786513, 54.07
1377786518, 54.07
1377786523, 54.07
1377786528, 54.07
1377786533, 54.07
1377786538, 54.04
1377786543, 54.07
1377786548, 54.07
1377786553, 54.07
1377786558, 54.07
1377786563, 54.07
1377786568, 54.07
1377786573, 54.07
1377786578, 54.07
1377786583, 54.07
1377786588, 54.07
1377786593, 54.07
1377786598, 54.07
1377786603, 54.07
1377786608, 54.07
1377786613, 54.07
1377786618, 54.07
1377786623, 54.10
1377786628, 54.07
1377786633, 54.07
1377786638, 54.07
1377786643, 54.10
1377786648, 54.07
1377786653, 54.07
1377786658, 54.07
1377786663, 54.07
1377786668, 54.07
1377786673, 54.10
1377786678, 54.07
1377786683, 54.07
1377786688, 54.07
1377786693, 54.07
1377786698, 54.10
1377786703, 54.10
1377786708, 54.10
1377786713, 54.10
1377786718, 54.07
1377786723, 54.07
1377786728, 54.07
1377786733, 54.10
1377786738, 54.07
1377786743, 54.10
1377786748, 54.07
1377786753, 54.10
1377786758, 54.10
1377786763, 54.10
1377786768, 54.07
1377786773, 54.07
1377786778, 54.10
1377786783, 54.10
1377786788, 54.10
1377786793, 54.10
1377786798, 54.10
1377786803, 54.14
1377786808, 54.10
1377786813, 54.10
1377786818, 54.10
1377786823, 54.10
1377786828, 54.14
1377786833, 54.10
1377786838, 54.10
1377786843, 54.10
1377786848, 54.10
1377786853, 54.14
1377786858, 54.10
1377786863, 54.14
1377786868, 54.10
1377786873, 54.10
1377786878, 54.10
1377786883, 54.10
1377786888, 54.10
1377786893, 54.14
1377786898, 54.14
1377786903, 54.14
1377786908, 54.10
1377786913, 54.14
1377786918, 54.10
1377786923, 54.14
1377786928, 54.14
1377786933, 54.10
1377786938, 54.14
1377786943, 54.14
1377786948, 54.14
1377786953, 54.14
1377786958, 54.14
1377786963, 54.14
1377786968, 54.14
1377786973, 54.14
1377786978, 54.14
1377786983, 54.14
1377786988, 54.10
1377786993, 54.14
1377786998, 54.14
1377787003, 54.14
1377787008, 54.14
1377787013, 54.14
1377787018, 54.14
1377787023, 54.14
1377787028, 54.14
1377787033, 54.14
1377787038, 54.14
1377787043, 54.17
1377787048, 54.14
1377787053, 54.17
1377787058, 54.14
1377787063, 54.17
1377787068, 54.14
1377787073, 54.14
1377787078, 54.14
1377787083, 54.17
1377787088, 54.17
1377787093, 54.14
1377787098, 54.14
1377787103, 54.14
1377787108, 54.14
1377787113, 54.14
1377787118, 54.14
1377787123, 54.17
1377787128, 54.14
1377787133, 54.14
1377787138, 54.17
1377787143, 54.14
1377787148, 54.17
1377787153, 54.17
1377787158, 54.17
1377787163, 54.14
1377787168, 54.17
1377787173, 54.17
1377787178, 54.17
1377787183, 54.14
1377787188, 54.14
1377787193, 54.17
1377787198, 54.17
1377787203, 54.14
1377787208, 54.17
1377787213, 54.17
1377787218, 54.17
1377787223, 54.17
1377787228, 54.17
1377787233, 54.17
1377787238, 54.17
1377787243, 54.17
1377787248, 54.17
1377787253, 54.17
1377787258, 54.17
1377787263, 54.17
1377787268, 54.17
1377787273, 54.17
1377787278, 54.17
1377787283, 54.17
1377787288, 54.17
1377787293, 54.17
1377787298, 54.20
1377787303, 54.17
1377787308, 54.17
1377787313, 54.17
1377787318, 54.20
1377787323, 54.17
1377787328, 54.20
1377787333, 54.20
1377787338, 54.20
1377787343, 54.20
1377787348, 54.20
1377787353, 54.17
1377787358, 54.20
1377787363, 54.17
1377787368, 54.20
1377787373, 54.20
1377787378, 54.20
1377787383, 54.20
1377787388, 54.20
1377787393, 54.20
1377787398, 54.20
1377787403, 54.20
1377787408, 54.20
1377787413, 54.20
1377787418, 54.20
1377787423, 54.20
1377787428, 54.20
1377787433, 54.20
1377787438, 54.20
1377787443, 54.20
1377787448, 54.20
1377787453, 54.20
1377787458, 54.20
1377787463, 54.20
1377787468, 54.20
1377787473, 54.20
1377787478, 54.20
1377787483, 54.20
1377787488, 54.23
1377787493, 54.20
1377787498, 54.20
1377787503, 54.20
1377787508, 54.20
1377787513, 54.20
1377787518, 54.20
1377787523, 54.20
1377787528, 54.20
1377787533, 54.20
1377787538, 54.20
1377787543, 54.20
1377787548, 54.23
1377787553, 54.23
1377787558, 54.23
1377787563, 54.20
1377787568, 54.23
1377787573, 54.20
1377787578, 54.23
1377787583, 54.23
1377787588, 54.23
1377787593, 54.20
1377787598, 54.23
1377787603, 54.23
1377787608, 54.23
1377787613, 54.23
1377787618, 54.23
1377787623, 54.23
1377787628, 54.23
1377787633, 54.23
1377787638, 54.23
1377787643, 54.23
1377787648, 54.23
1377787653, 54.23
1377787658, 54.23
1377787663, 54.23
1377787668, 54.26
1377787673, 54.26
1377787678, 54.23
1377787683, 54.26
1377787688, 54.23
1377787693, 54.23
1377787698, 54.26
1377787703, 54.26
1377787708, 54.26
1377787713, 54.23
1377787718, 54.26
1377787723, 54.23
1377787728, 54.23
1377787733, 54.23
1377787738, 54.23
1377787743, 54.23
1377787748, 54.23
1377787753, 54.26
1377787758, 54.26
1377787763, 54.26
1377787768, 54.23
1377787773, 54.23
1377787778, 54.26
1377787783, 54.26
1377787788, 54.23
1377787793, 54.23
1377787798, 54.23
1377787803, 54.26
1377787808, 54.26
1377787813, 54.26
1377787818, 54.26
1377787823, 54.26
1377787829, 54.26
1377787833, 54.23
1377787838, 54.26
1377787843, 54.26
1377787848, 54.26
1377787853, 54.26
1377787858, 54.23
1377787863, 54.26
1377787868, 54.26
1377787873, 54.26
1377787878, 54.26
1377787883, 54.26
1377787888, 54.26
1377787893, 54.26
1377787898, 54.26
1377787903, 54.26
1377787908, 54.26
1377787913, 54.26
1377787918, 54.26
1377787923, 54.26
1377787928, 54.26
1377787933, 54.26
1377787938, 54.26
1377787943, 54.26
1377787948, 54.26
1377787953, 54.26
1377787958, 54.26
1377787963, 54.26
1377787968, 54.26
1377787973, 54.26
1377787978, 54.26
1377787983, 54.26
1377787988, 54.26
1377787993, 54.26
1377787998, 54.26
1377788003, 54.26
1377788008, 54.26
1377788013, 54.23
1377788018, 54.23
1377788023, 54.23
1377788028, 54.26
1377788033, 54.26
1377788038, 54.26
1377788043, 54.26
1377788048, 54.23
1377788053, 54.23
1377788058, 54.23
1377788063, 54.23
1377788068, 54.23
1377788073, 54.26
1377788078, 54.23
1377788083, 54.23
1377788088, 54.23
1377788093, 54.26
1377788098, 54.23
1377788103, 54.23
1377788108, 54.23
1377788113, 54.23
1377788118, 54.23
1377788123, 54.20
1377788128, 54.23
1377788133, 54.20
1377788138, 54.20
1377788143, 54.20
1377788148, 54.20
1377788153, 54.20
1377788158, 54.20
1377788163, 54.20
1377788168, 54.20
1377788173, 54.20
1377788178, 54.20
1377788183, 54.20
1377788188, 54.20
1377788193, 54.20
1377788198, 54.20
1377788203, 54.20
1377788208, 54.20
1377788213, 54.20
1377788218, 54.20
1377788223, 54.20
1377788228, 54.20
1377788233, 54.20
1377788238, 54.20
1377788243, 54.20
1377788248, 54.20
1377788253, 54.17
1377788258, 54.17
1377788263, 54.20
1377788268, 54.17
1377788273, 54.17
1377788278, 54.20
1377788283, 54.20
1377788288, 54.17
1377788293, 54.17
1377788298, 54.17
1377788303, 54.20
1377788308, 54.17
1377788313, 54.17
1377788318, 54.17
1377788323, 54.20
1377788328, 54.17
1377788333, 54.17
1377788338, 54.14
1377788343, 54.17
1377788348, 54.17
1377788353, 54.17
1377788358, 54.17
1377788363, 54.17
1377788368, 54.17
1377788373, 54.17
1377788378, 54.17
1377788383, 54.17
1377788388, 54.17
1377788393, 54.14
1377788398, 54.14
1377788403, 54.17
1377788408, 54.17
1377788413, 54.17
1377788418, 54.17
1377788423, 54.17
1377788428, 54.17
1377788433, 54.17
1377788438, 54.17
1377788443, 54.17
1377788448, 54.17
1377788453, 54.17
1377788458, 54.14
1377788463, 54.17
1377788468, 54.14
1377788473, 54.17
1377788478, 54.17
1377788483, 54.17
1377788488, 54.14
1377788493, 54.17
1377788498, 54.17
1377788503, 54.14
1377788508, 54.17
1377788513, 54.17
1377788518, 54.17
1377788523, 54.17
1377788528, 54.14
1377788533, 54.17
1377788538, 54.14
1377788543, 54.17
1377788548, 54.17
1377788553, 54.17
1377788558, 54.14
1377788563, 54.14
1377788568, 54.17
1377788573, 54.17
1377788578, 54.17
1377788583, 54.14
1377788588, 54.17
1377788593, 54.17
1377788598, 54.14
1377788603, 54.17
1377788609, 54.17
1377788613, 54.17
1377788618, 54.14
1377788623, 54.14
1377788628, 54.17
1377788633, 54.17
1377788638, 54.14
1377788643, 54.17
1377788648, 54.17
1377788653, 54.17
1377788658, 54.14
1377788663, 54.17
1377788668, 54.17
1377788673, 54.14
1377788678, 54.17
1377788683, 54.17
1377788688, 54.14
1377788693, 54.17
1377788698, 54.14
1377788703, 54.14
1377788708, 54.14
1377788713, 54.17
1377788718, 54.17
1377788723, 54.14
1377788728, 54.17
1377788733, 54.17
1377788738, 54.17
1377788743, 54.14
1377788748, 54.14
1377788753, 54.14
1377788758, 54.17
1377788763, 54.14
1377788768, 54.14
1377788773, 54.17
1377788778, 54.14
1377788783, 54.17
1377788788, 54.17
1377788793, 54.17
1377788798, 54.14
1377788803, 54.14
1377788808, 54.14
1377788813, 54.17
1377788818, 54.17
1377788823, 54.17
1377788828, 54.17
1377788833, 54.14
1377788838, 54.17
1377788843, 54.14
1377788848, 54.14
1377788853, 54.14
1377788858, 54.14
1377788863, 54.17
1377788868, 54.17
1377788873, 54.14
1377788878, 54.14
1377788883, 54.14
1377788888, 54.17
1377788893, 54.14
1377788898, 54.14
1377788903, 54.14
1377788908, 54.17
1377788913, 54.17
1377788918, 54.14
1377788923, 54.14
1377788928, 54.17
1377788933, 54.14
1377788938, 54.14
1377788943, 54.17
1377788948, 54.17
1377788953, 54.17
1377788958, 54.17
1377788963, 54.17
1377788968, 54.17
1377788973, 54.14
1377788978, 54.14
1377788983, 54.17
1377788988, 54.17
1377788993, 54.17
1377788998, 54.17
1377789003, 54.14
1377789008, 54.17
1377789013, 54.17
1377789018, 54.17
1377789023, 54.17
1377789028, 54.17
1377789033, 54.14
1377789038, 54.17
1377789043, 54.17
1377789048, 54.14
1377789053, 54.14
1377789058, 54.14
1377789063, 54.17
1377789068, 54.17
1377789073, 54.14
1377789078, 54.14
1377789083, 54.17
1377789088, 54.17
1377789093, 54.17
1377789098, 54.17
1377789103, 54.17
1377789108, 54.14
1377789113, 54.17
1377789118, 54.17
1377789123, 54.17
1377789128, 54.17
1377789133, 54.17
1377789138, 54.17
1377789143, 54.17
1377789148, 54.17
1377789153, 54.17
1377789158, 54.17
1377789163, 54.17
1377789168, 54.17
1377789173, 54.17
1377789178, 54.14
1377789183, 54.17
1377789188, 54.14
1377789193, 54.17
1377789198, 54.20
1377789203, 54.17
1377789208, 54.17
1377789213, 54.17
1377789218, 54.17
1377789223, 54.17
1377789228, 54.17
1377789233, 54.17
1377789238, 54.17
1377789243, 54.17
1377789248, 54.20
1377789253, 54.17
1377789258, 54.20
1377789263, 54.17
1377789268, 54.17
1377789273, 54.17
1377789278, 54.17
1377789283, 54.17
1377789288, 54.20
1377789293, 54.17
1377789298, 54.17
1377789303, 54.17
1377789308, 54.17
1377789313, 54.20
1377789318, 54.20
1377789323, 54.17
1377789328, 54.20
1377789333, 54.17
1377789338, 54.20
1377789343, 54.20
1377789348, 54.20
1377789353, 54.20
1377789358, 54.20
1377789363, 54.20
1377789368, 54.17
1377789373, 54.20
1377789378, 54.20
1377789383, 54.20
1377789388, 54.20
1377789393, 54.17
1377789398, 54.20
1377789403, 54.20
1377789408, 54.20
1377789413, 54.20
1377789418, 54.20
1377789423, 54.20
1377789428, 54.17
1377789433, 54.17
1377789438, 54.20
1377789443, 54.20
1377789448, 54.20
1377789453, 54.20
1377789458, 54.20
1377789463, 54.17
1377789468, 54.20
1377789473, 54.20
1377789478, 54.20
1377789483, 54.20
1377789488, 54.20
1377789493, 54.20
1377789498, 54.17
1377789503, 54.20
1377789508, 54.20
1377789513, 54.20
1377789518, 54.20
1377789523, 54.20
1377789528, 54.20
1377789533, 54.17
1377789538, 54.17
1377789543, 54.20
1377789548, 54.17
1377789553, 54.20
1377789558, 54.17
1377789563, 54.17
1377789568, 54.17
1377789573, 54.17
1377789578, 54.17
1377789583, 54.20
1377789588, 54.17
1377789593, 54.17
1377789598, 54.17
1377789603, 54.20
1377789608, 54.14
1377789613, 54.17
1377789618, 54.20
1377789623, 54.17
1377789628, 54.17
1377789633, 54.17
1377789638, 54.17
1377789643, 54.17
1377789648, 54.17
1377789653, 54.14
1377789658, 54.17
1377789663, 54.17
1377789668, 54.17
1377789673, 54.17
1377789678, 54.17
1377789683, 54.17
1377789688, 54.17
1377789693, 54.17
1377789698, 54.14
1377789703, 54.17
1377789708, 54.14
1377789713, 54.17
1377789718, 54.14
1377789723, 54.17
1377789728, 54.14
1377789733, 54.17
1377789738, 54.14
1377789743, 54.17
1377789748, 54.14
1377789753, 54.14
1377789758, 54.17
1377789763, 54.14
1377789768, 54.14
1377789773, 54.17
1377789778, 54.14
1377789783, 54.14
1377789788, 54.17
1377789793, 54.14
1377789798, 54.14
1377789803, 54.14
1377789808, 54.14
1377789813, 54.14
1377789818, 54.14
1377789823, 54.14
1377789828, 54.17
1377789833, 54.14
1377789838, 54.14
1377789843, 54.14
1377789848, 54.14
1377789853, 54.14
1377789858, 54.14
1377789863, 54.14
1377789868, 54.17
1377789873, 54.14
1377789878, 54.17
1377789883, 54.14
1377789888, 54.14
1377789893, 54.14
1377789898, 54.14
1377789903, 54.14
1377789908, 54.14
1377789913, 54.14
1377789918, 54.14
1377789923, 54.14
1377789928, 54.14
1377789933, 54.17
1377789938, 54.14
1377789943, 54.14
1377789948, 54.14
1377789953, 54.14
1377789958, 54.14
1377789963, 54.14
1377789968, 54.14
1377789973, 54.14
1377789978, 54.14
1377789983, 54.14
1377789988, 54.17
1377789993, 54.14
1377789998, 54.14
1377790003, 54.14
1377790008, 54.14
1377790014, 54.14
1377790018, 54.14
1377790023, 54.14
1377790028, 54.14
1377790033, 54.14
1377790038, 54.10
1377790043, 54.14
1377790048, 54.14
1377790053, 54.14
1377790058, 54.14
1377790063, 54.14
1377790068, 54.14
1377790073, 54.17
1377790078, 54.14
1377790083, 54.14
1377790088, 54.14
1377790093, 54.14
1377790098, 54.14
1377790103, 54.14
1377790108, 54.14
1377790113, 54.14
1377790118, 54.14
1377790123, 54.14
1377790128, 54.14
1377790133, 54.14
1377790138, 54.14
1377790143, 54.14
1377790148, 54.14
1377790153, 54.14
1377790158, 54.14
1377790163, 54.14
1377790168, 54.14
1377790173, 54.14
1377790178, 54.14
1377790183, 54.14
1377790188, 54.14
1377790193, 54.14
1377790198, 54.14
1377790203, 54.14
1377790208, 54.14
1377790213, 54.14
1377790218, 54.14
1377790223, 54.14
1377790228, 54.14
1377790233, 54.14
1377790238, 54.14
1377790243, 54.14
1377790248, 54.14
1377790253, 54.14
1377790258, 54.14
1377790263, 54.14
1377790268, 54.14
1377790273, 54.14
1377790278, 54.14
1377790283, 54.14
1377790288, 54.14
1377790293, 54.14
1377790298, 54.14
1377790303, 54.14
1377790308, 54.14
1377790313, 54.14
1377790318, 54.14
1377790323, 54.14
1377790328, 54.17
1377790333, 54.14
1377790338, 54.14
1377790343, 54.14
1377790348, 54.17
1377790353, 54.14
1377790358, 54.14
1377790363, 54.14
1377790368, 54.14
1377790373, 54.14
1377790378, 54.17
1377790383, 54.14
1377790388, 54.14
1377790393, 54.17
1377790398, 54.14
1377790403, 54.14
1377790408, 54.17
1377790413, 54.14
1377790418, 54.14
1377790423, 54.14
1377790428, 54.17
1377790433, 54.14
1377790438, 54.14
1377790443, 54.17
1377790448, 54.14
1377790453, 54.14
1377790458, 54.14
1377790463, 54.17
1377790468, 54.17
1377790473, 54.17
1377790478, 54.14
1377790483, 54.14
1377790488, 54.17
1377790493, 54.17
1377790498, 54.17
1377790503, 54.17
1377790508, 54.17
1377790513, 54.17
1377790518, 54.17
1377790523, 54.17
1377790528, 54.17
1377790533, 54.17
1377790538, 54.17
1377790543, 54.17
1377790548, 54.17
1377790553, 54.17
1377790558, 54.14
1377790563, 54.17
1377790568, 54.14
1377790573, 54.17
1377790578, 54.14
1377790583, 54.14
1377790588, 54.14
1377790593, 54.17
1377790598, 54.17
1377790603, 54.17
1377790608, 54.17
1377790613, 54.17
1377790618, 54.17
1377790623, 54.17
1377790628, 54.17
1377790633, 54.17
1377790638, 54.17
1377790643, 54.17
1377790648, 54.20
1377790653, 54.17
1377790658, 54.17
1377790663, 54.17
1377790668, 54.20
1377790673, 54.20
1377790678, 54.17
1377790683, 54.17
1377790688, 54.14
1377790693, 54.17
1377790698, 54.17
1377790703, 54.20
1377790708, 54.17
1377790713, 54.20
1377790718, 54.20
1377790723, 54.17
1377790728, 54.17
1377790733, 54.20
1377790738, 54.17
1377790743, 54.17
1377790748, 54.20
1377790753, 54.20
1377790758, 54.20
1377790763, 54.17
1377790768, 54.20
1377790773, 54.20
1377790778, 54.20
1377790783, 54.17
1377790788, 54.20
1377790793, 54.17
1377790798, 54.20
1377790803, 54.20
1377790808, 54.17
1377790813, 54.20
1377790818, 54.20
1377790823, 54.17
1377790828, 54.20
1377790833, 54.20
1377790838, 54.20
1377790843, 54.20
1377790848, 54.20
1377790853, 54.17
1377790858, 54.20
1377790863, 54.20
1377790868, 54.17
1377790873, 54.17
1377790878, 54.20
1377790883, 54.20
1377790888, 54.20
1377790893, 54.20
1377790898, 54.20
1377790903, 54.20
1377790908, 54.20
1377790913, 54.20
1377790918, 54.20
1377790923, 54.20
1377790928, 54.20
1377790933, 54.20
1377790938, 54.20
1377790943, 54.17
1377790948, 54.20
1377790953, 54.20
1377790958, 54.20
1377790963, 54.17
1377790968, 54.20
1377790973, 54.20
1377790978, 54.20
1377790983, 54.20
1377790988, 54.20
1377790993, 54.20
1377790998, 54.20
1377791003, 54.20
1377791008, 54.20
1377791013, 54.20
1377791018, 54.20
1377791023, 54.20
1377791028, 54.20
1377791033, 54.20
1377791038, 54.20
1377791043, 54.20
1377791048, 54.20
1377791053, 54.20
1377791058, 54.20
1377791063, 54.20
1377791068, 54.20
1377791073, 54.20
1377791078, 54.20
1377791083, 54.20
1377791088, 54.20
1377791093, 54.20
1377791098, 54.20
1377791103, 54.20
1377791108, 54.20
1377791113, 54.20
1377791118, 54.20
1377791123, 54.20
1377791128, 54.20
1377791133, 54.20
1377791138, 54.20
1377791143, 54.20
1377791148, 54.20
1377791153, 54.20
1377791158, 54.20
1377791163, 54.20
1377791168, 54.20
1377791173, 54.20
1377791178, 54.20
1377791183, 54.20
1377791188, 54.20
1377791193, 54.20
1377791198, 54.20
1377791203, 54.20
1377791208, 54.20
1377791213, 54.20
1377791218, 54.20
1377791223, 54.20
1377791228, 54.20
1377791233, 54.23
1377791238, 54.20
1377791243, 54.23
1377791248, 54.20
1377791253, 54.20
1377791258, 54.20
1377791263, 54.20
1377791268, 54.20
1377791273, 54.20
1377791278, 54.20
1377791283, 54.23
1377791288, 54.20
1377791293, 54.20
1377791298, 54.20
1377791303, 54.20
1377791308, 54.20
1377791313, 54.20
1377791318, 54.20
1377791323, 54.23
1377791328, 54.20
1377791333, 54.20
1377791338, 54.20
1377791343, 54.20
1377791348, 54.20
1377791353, 54.20
1377791358, 54.20
1377791363, 54.20
1377791368, 54.20
1377791373, 54.20
1377791378, 54.20
1377791383, 54.20
1377791388, 54.20
1377791393, 54.20
1377791398, 54.20
1377791403, 54.23
1377791408, 54.20
1377791413, 54.20
1377791418, 54.20
1377791423, 54.20
1377791428, 54.20
1377791433, 54.23
1377791438, 54.20
1377791443, 54.20
1377791449, 54.20
1377791453, 54.20
1377791458, 54.20
1377791462, 54.20
1377791468, 54.20
1377791473, 54.23
1377791478, 54.20
1377791483, 54.23
1377791488, 54.20
1377791493, 54.20
1377791498, 54.23
1377791503, 54.20
1377791508, 54.23
1377791513, 54.20
1377791518, 54.23
1377791523, 54.23
1377791528, 54.20
1377791533, 54.20
1377791538, 54.23
1377791543, 54.20
1377791548, 54.20
1377791553, 54.23
1377791558, 54.23
1377791563, 54.23
1377791568, 54.23
1377791573, 54.23
1377791578, 54.20
1377791583, 54.20
1377791588, 54.20
1377791593, 54.23
1377791598, 54.23
1377791603, 54.23
1377791608, 54.23
1377791613, 54.23
1377791618, 54.23
1377791623, 54.20
1377791628, 54.23
1377791633, 54.23
1377791638, 54.23
1377791643, 54.23
1377791648, 54.20
1377791653, 54.20
1377791658, 54.20
1377791663, 54.23
1377791668, 54.20
1377791673, 54.23
1377791678, 54.23
1377791683, 54.23
1377791688, 54.20
1377791693, 54.23
1377791698, 54.23
1377791703, 54.23
1377791708, 54.20
1377791713, 54.23
1377791718, 54.23
1377791723, 54.23
1377791728, 54.23
1377791733, 54.23
1377791738, 54.23
1377791743, 54.23
1377791748, 54.20
1377791753, 54.23
1377791757, 54.23
1377791762, 54.23
1377791768, 54.23
1377791773, 54.23
1377791778, 54.23
1377791782, 54.23
1377791788, 54.23
1377791793, 54.23
1377791798, 54.23
1377791803, 54.23
1377791808, 54.23
1377791812, 54.23
1377791818, 54.23
1377791822, 54.23
1377791828, 54.26
1377791833, 54.23
1377791837, 54.23
1377791843, 54.20
1377791848, 54.23
1377791853, 54.23
1377791857, 54.23
1377791862, 54.20
1377791867, 54.23
1377791873, 54.20
1377791878, 54.23
1377791883, 54.23
1377791887, 54.23
1377791892, 54.23
1377791897, 54.23
1377791903, 54.23
1377791908, 54.23
1377791913, 54.23
1377791918, 54.23
1377791922, 54.23
1377791928, 54.23
1377791933, 54.23
1377791938, 54.23
1377791942, 54.20
1377791947, 54.23
1377791953, 54.23
1377791958, 54.23
1377791962, 54.23
1377791967, 54.26
1377791973, 54.23
1377791978, 54.23
1377791982, 54.26
1377791987, 54.23
1377791992, 54.23
1377791998, 54.23
1377792003, 54.23
1377792008, 54.23
1377792013, 54.23
1377792017, 54.23
1377792022, 54.23
1377792028, 54.23
1377792032, 54.23
1377792037, 54.23
1377792042, 54.26
1377792048, 54.23
1377792053, 54.23
1377792057, 54.23
1377792062, 54.23
1377792068, 54.23
1377792073, 54.23
1377792077, 54.23
1377792082, 54.23
1377792087, 54.23
1377792093, 54.23
1377792097, 54.23
1377792103, 54.23
1377792108, 54.20
1377792113, 54.23
1377792117, 54.23
1377792122, 54.23
1377792127, 54.20
1377792133, 54.23
1377792137, 54.23
1377792142, 54.23
1377792147, 54.23
1377792152, 54.23
1377792157, 54.23
1377792162, 54.20
1377792167, 54.23
1377792172, 54.23
1377792177, 54.20
1377792182, 54.23
1377792187, 54.23
1377792192, 54.20
1377792197, 54.23
1377792202, 54.23
1377792207, 54.20
1377792212, 54.23
1377792217, 54.23
1377792222, 54.23
1377792227, 54.23
1377792232, 54.23
1377792237, 54.23
1377792242, 54.23
1377792247, 54.23
1377792252, 54.23
1377792257, 54.26
1377792262, 54.23
1377792267, 54.23
1377792272, 54.23
1377792277, 54.23
1377792282, 54.20
1377792287, 54.23
1377792292, 54.23
1377792297, 54.23
1377792303, 54.23
1377792307, 54.23
1377792312, 54.26
1377792317, 54.23
1377792322, 54.23
1377792328, 54.20
1377792332, 54.23
1377792337, 54.20
1377792342, 54.26
1377792347, 54.23
1377792352, 54.23
1377792357, 54.23
1377792362, 54.23
1377792367, 54.23
1377792372, 54.23
1377792377, 54.26
1377792382, 54.23
1377792387, 54.23
1377792392, 54.23
1377792397, 54.23
1377792402, 54.26
1377792407, 54.23
1377792413, 54.23
1377792417, 54.26
1377792422, 54.23
1377792427, 54.23
1377792432, 54.26
1377792437, 54.23
1377792442, 54.20
1377792447, 54.20
1377792452, 54.20
1377792458, 54.26
1377792462, 54.23
1377792467, 54.23
1377792472, 54.23
1377792477, 54.23
1377792482, 54.23
1377792487, 54.23
1377792492, 54.23
1377792497, 54.23
1377792502, 54.23
1377792507, 54.23
1377792512, 54.23
1377792517, 54.23
1377792522, 54.23
1377792527, 54.23
1377792533, 54.23
1377792537, 54.23
1377792542, 54.20
1377792547, 54.23
1377792552, 54.23
1377792557, 54.23
1377792562, 54.23
1377792567, 54.23
1377792572, 54.23
1377792577, 54.23
1377792582, 54.23
1377792587, 54.23
1377792592, 54.20
1377792597, 54.20
1377792602, 54.23
1377792607, 54.23
1377792612, 54.23
1377792617, 54.26
1377792622, 54.23
1377792627, 54.20
1377792632, 54.23
1377792637, 54.20
1377792642, 54.23
1377792647, 54.23
1377792653, 54.23
1377792657, 54.23
1377792662, 54.23
1377792667, 54.20
1377792672, 54.23
1377792677, 54.23
1377792682, 54.23
1377792688, 54.26
1377792692, 54.23
1377792697, 54.20
1377792704, 54.23
1377792710, 54.23
1377792716, 54.23
1377792727, 54.20
1377792728, 54.23
1377792740, 54.23
1377792745, 54.23
1377792751, 54.20
1377792753, 54.23
1377792760, 54.23
1377792765, 54.20
1377792770, 54.23
1377792774, 54.20
1377792784, 54.20
1377792788, 54.23
1377792792, 54.20
1377792798, 54.23
1377792805, 54.23
1377792821, 54.23
1377792832, 54.20
1377792833, 54.23
1377792852, 54.20
1377792854, 54.23
1377792869, 54.20
1377792883, 54.20
1377792892, 54.20
1377792896, 54.20
1377792911, 54.20
1377792912, 54.20
1377792927, 54.20
1377792934, 54.20
1377792939, 54.20
1377792948, 54.20
1377792965, 54.20
1377792971, 54.20
1377792972, 54.20
1377792978, 54.20
1377793001, 54.23
1377793014, 54.20
1377793026, 54.20
1377793040, 54.20
1377793048, 54.20
1377793065, 54.20
1377793084, 54.23
1377793090, 54.26
1377793098, 54.20
1377793109, 54.23
1377793127, 54.23
1377793140, 54.23
1377793163, 54.23
1377793167, 54.20
1377793175, 54.23
1377793177, 54.20
1377793182, 54.23
1377793200, 54.23
1377793202, 54.23
1377793207, 54.23
1377793213, 54.20
1377793217, 54.23
1377793232, 54.20
1377793257, 54.20
1377793262, 54.23
1377793267, 54.23
1377793286, 54.23
1377793304, 54.23
1377793307, 54.20
1377793326, 54.23
1377793331, 54.23
1377793336, 54.20
1377793341, 54.20
1377793342, 54.23
1377793347, 54.23
1377793359, 54.23
1377793364, 54.23
1377793376, 54.20
1377793390, 54.20
1377793399, 54.23
1377793411, 54.23
1377793429, 54.20
1377793444, 54.20
1377793452, 54.20
1377793460, 54.23
1377793467, 54.23
1377793481, 54.23
1377793497, 54.20
1377793499, 54.20
1377793511, 54.20
1377793522, 54.23
1377793532, 54.23
1377793537, 54.20
1377793545, 54.23
1377793547, 54.23
1377793553, 54.20
1377793562, 54.23
1377793567, 54.23
1377793582, 54.23
1377793584, 54.23
1377793587, 54.20
1377793593, 54.23
1377793618, 54.20
1377793629, 54.23
1377793634, 54.23
1377793640, 54.23
1377793642, 54.23
1377793647, 54.23
1377793652, 54.23
1377793657, 54.20
1377793662, 54.20
1377793667, 54.23
1377793672, 54.23
1377793677, 54.23
1377793682, 54.23
1377793687, 54.23
1377793692, 54.20
1377793697, 54.26
1377793702, 54.23
1377793707, 54.23
1377793712, 54.23
1377793717, 54.23
1377793722, 54.23
1377793731, 54.20
1377793732, 54.23
1377793737, 54.23
1377793742, 54.23
1377793747, 54.23
1377793752, 54.20
1377793757, 54.20
1377793762, 54.23
1377793767, 54.23
1377793772, 54.23
1377793777, 54.23
1377793782, 54.23
1377793787, 54.20
1377793792, 54.23
1377793797, 54.23
1377793802, 54.23
1377793807, 54.23
1377793812, 54.20
1377793817, 54.23
1377793822, 54.23
1377793827, 54.23
1377793832, 54.20
1377793837, 54.23
1377793842, 54.26
1377793847, 54.23
1377793852, 54.23
1377793857, 54.23
1377793862, 54.23
1377793867, 54.23
1377793872, 54.23
1377793877, 54.23
1377793882, 54.23
1377793887, 54.23
1377793892, 54.23
1377793897, 54.20
1377793902, 54.23
1377793907, 54.23
1377793912, 54.23
1377793917, 54.23
1377793922, 54.23
1377793927, 54.23
1377793932, 54.23
1377793937, 54.23
1377793942, 54.23
1377793947, 54.26
1377793952, 54.23
1377793957, 54.23
1377793962, 54.26
1377793967, 54.23
1377793972, 54.26
1377793977, 54.26
1377793982, 54.23
1377793987, 54.23
1377793992, 54.23
1377793997, 54.26
1377794002, 54.23
1377794007, 54.26
1377794012, 54.26
1377794017, 54.26
1377794022, 54.23
1377794027, 54.23
1377794032, 54.23
1377794037, 54.23
1377794042, 54.26
1377794047, 54.23
1377794052, 54.23
1377794057, 54.23
1377794062, 54.23
1377794067, 54.23
1377794072, 54.23
1377794077, 54.26
1377794082, 54.23
1377794087, 54.23
1377794092, 54.23
1377794097, 54.23
1377794102, 54.23
1377794107, 54.23
1377794112, 54.23
1377794117, 54.23
1377794122, 54.23
1377794127, 54.23
1377794132, 54.23
1377794137, 54.23
1377794142, 54.23
1377794147, 54.23
1377794152, 54.23
1377794157, 54.23
1377794162, 54.26
1377794167, 54.23
1377794172, 54.23
1377794177, 54.23
1377794182, 54.23
1377794187, 54.23
1377794192, 54.26
1377794197, 54.26
1377794202, 54.23
1377794207, 54.23
1377794212, 54.26
1377794217, 54.23
1377794222, 54.23
1377794227, 54.23
1377794232, 54.23
1377794237, 54.26
1377794242, 54.26
1377794247, 54.26
1377794252, 54.26
1377794257, 54.23
1377794262, 54.23
1377794267, 54.26
1377794272, 54.26
1377794277, 54.23
1377794282, 54.23
1377794287, 54.23
1377794292, 54.26
1377794297, 54.26
1377794302, 54.23
1377794307, 54.26
1377794312, 54.23
1377794317, 54.23
1377794322, 54.23
1377794327, 54.26
1377794332, 54.23
1377794337, 54.23
1377794343, 54.23
1377794347, 54.23
1377794352, 54.26
1377794357, 54.23
1377794362, 54.23
1377794367, 54.26
1377794372, 54.26
1377794377, 54.26
1377794382, 54.23
1377794387, 54.26
1377794392, 54.26
1377794397, 54.26
1377794402, 54.26
1377794407, 54.26
1377794412, 54.23
1377794417, 54.23
1377794422, 54.23
1377794427, 54.23
1377794432, 54.26
1377794437, 54.26
1377794444, 54.23
1377794447, 54.26
1377794452, 54.23
1377794457, 54.26
1377794462, 54.26
1377794467, 54.26
1377794472, 54.26
1377794477, 54.23
1377794482, 54.26
1377794487, 54.26
1377794492, 54.26
1377794497, 54.23
1377794502, 54.26
1377794507, 54.26
1377794512, 54.26
1377794517, 54.23
1377794522, 54.26
1377794527, 54.26
1377794532, 54.26
1377794537, 54.26
1377794542, 54.26
1377794547, 54.26
1377794552, 54.26
1377794557, 54.26
1377794562, 54.26
1377794567, 54.26
1377794572, 54.26
1377794577, 54.26
1377794582, 54.26
1377794587, 54.26
1377794592, 54.26
1377794597, 54.26
1377794602, 54.26
1377794607, 54.26
1377794612, 54.26
1377794617, 54.26
1377794622, 54.26
1377794627, 54.26
1377794632, 54.26
1377794637, 54.23
1377794642, 54.26
1377794647, 54.26
1377794652, 54.26
1377794657, 54.26
1377794662, 54.26
1377794667, 54.26
1377794672, 54.26
1377794677, 54.26
1377794682, 54.26
1377794687, 54.26
1377794692, 54.26
1377794697, 54.26
1377794702, 54.26
1377794707, 54.26
1377794712, 54.26
1377794717, 54.26
1377794722, 54.26
1377794727, 54.26
1377794732, 54.26
1377794737, 54.26
1377794742, 54.26
1377794747, 54.26
1377794752, 54.26
1377794757, 54.26
1377794762, 54.26
1377794767, 54.26
1377794772, 54.26
1377794777, 54.26
1377794782, 54.26
1377794787, 54.26
1377794792, 54.26
1377794797, 54.26
1377794802, 54.26
1377794807, 54.26
1377794812, 54.26
1377794817, 54.26
1377794822, 54.26
1377794827, 54.26
1377794832, 54.26
1377794837, 54.26
1377794842, 54.26
1377794847, 54.26
1377794852, 54.26
1377794857, 54.26
1377794862, 54.26
1377794867, 54.29
1377794872, 54.26
1377794877, 54.26
1377794882, 54.26
1377794887, 54.26
1377794892, 54.26
1377794897, 54.26
1377794902, 54.26
1377794907, 54.26
1377794912, 54.26
1377794917, 54.26
1377794922, 54.26
1377794927, 54.26
1377794932, 54.29
1377794937, 54.26
1377794942, 54.26
1377794947, 54.29
1377794952, 54.29
1377794957, 54.29
1377794962, 54.29
1377794967, 54.26
1377794972, 54.29
1377794977, 54.26
1377794982, 54.29
1377794987, 54.29
1377794992, 54.26
1377794997, 54.26
1377795002, 54.29
1377795007, 54.29
1377795012, 54.26
1377795017, 54.26
1377795022, 54.26
1377795027, 54.26
1377795032, 54.26
1377795037, 54.26
1377795042, 54.29
1377795047, 54.29
1377795052, 54.26
1377795057, 54.26
1377795062, 54.26
1377795067, 54.26
1377795072, 54.26
1377795077, 54.29
1377795082, 54.26
1377795087, 54.26
1377795092, 54.26
1377795097, 54.29
1377795102, 54.26
1377795107, 54.29
1377795112, 54.26
1377795117, 54.26
1377795122, 54.26
1377795127, 54.26
1377795132, 54.26
1377795137, 54.26
1377795142, 54.26
1377795147, 54.26
1377795152, 54.26
1377795157, 54.26
1377795162, 54.29
1377795167, 54.29
1377795172, 54.26
1377795177, 54.29
1377795182, 54.29
1377795187, 54.29
1377795192, 54.26
1377795197, 54.26
1377795202, 54.26
1377795207, 54.26
1377795212, 54.29
1377795217, 54.26
1377795222, 54.29
1377795227, 54.26
1377795232, 54.26
1377795237, 54.26
1377795242, 54.26
1377795247, 54.26
1377795252, 54.26
1377795257, 54.26
1377795262, 54.26
1377795267, 54.26
1377795272, 54.26
1377795277, 54.26
1377795282, 54.26
1377795287, 54.26
1377795292, 54.26
1377795297, 54.26
1377795302, 54.26
1377795307, 54.26
1377795312, 54.26
1377795317, 54.26
1377795322, 54.26
1377795327, 54.26
1377795332, 54.26
1377795337, 54.29
1377795342, 54.29
1377795347, 54.26
1377795352, 54.26
1377795357, 54.26
1377795362, 54.26
1377795367, 54.26
1377795372, 54.26
1377795377, 54.26
1377795382, 54.26
1377795387, 54.26
1377795392, 54.29
1377795397, 54.26
1377795402, 54.26
1377795407, 54.26
1377795412, 54.26
1377795417, 54.26
1377795422, 54.29
1377795427, 54.26
1377795432, 54.26
1377795437, 54.29
1377795442, 54.26
1377795447, 54.26
1377795452, 54.26
1377795457, 54.26
1377795462, 54.26
1377795467, 54.29
1377795472, 54.26
1377795477, 54.29
1377795482, 54.26
1377795487, 54.26
1377795492, 54.26
1377795497, 54.26
1377795502, 54.26
1377795507, 54.29
1377795512, 54.26
1377795517, 54.26
1377795522, 54.26
1377795527, 54.29
1377795532, 54.26
1377795537, 54.26
1377795542, 54.26
1377795547, 54.26
1377795552, 54.26
1377795557, 54.26
1377795562, 54.26
1377795567, 54.26
1377795572, 54.26
1377795577, 54.26
1377795582, 54.26
1377795587, 54.29
1377795592, 54.26
1377795597, 54.26
1377795602, 54.26
1377795607, 54.26
1377795612, 54.29
1377795617, 54.26
1377795622, 54.26
1377795627, 54.26
1377795632, 54.26
1377795637, 54.26
1377795642, 54.26
1377795647, 54.26
1377795652, 54.26
1377795657, 54.26
1377795662, 54.26
1377795667, 54.26
1377795672, 54.26
1377795677, 54.26
1377795682, 54.26
1377795687, 54.26
1377795692, 54.26
1377795697, 54.26
1377795702, 54.26
1377795707, 54.26
1377795712, 54.26
1377795717, 54.26
1377795722, 54.26
1377795727, 54.29
1377795732, 54.26
1377795737, 54.26
1377795742, 54.26
1377795747, 54.26
1377795752, 54.29
1377795757, 54.26
1377795762, 54.26
1377795767, 54.26
1377795772, 54.26
1377795777, 54.26
1377795782, 54.26
1377795787, 54.29
1377795792, 54.26
1377795797, 54.26
1377795802, 54.26
1377795807, 54.26
1377795812, 54.26
1377795817, 54.26
1377795822, 54.26
1377795827, 54.26
1377795832, 54.26
1377795837, 54.26
1377795842, 54.26
1377795847, 54.26
1377795852, 54.26
1377795857, 54.26
1377795862, 54.26
1377795867, 54.26
1377795872, 54.26
1377795878, 54.26
1377795882, 54.29
1377795887, 54.26
1377795892, 54.29
1377795897, 54.26
1377795902, 54.26
1377795907, 54.26
1377795912, 54.29
1377795917, 54.29
1377795922, 54.26
1377795927, 54.29
1377795932, 54.26
1377795937, 54.26
1377795942, 54.26
1377795947, 54.26
1377795952, 54.26
1377795957, 54.26
1377795962, 54.26
1377795967, 54.26
1377795972, 54.26
1377795977, 54.29
1377795982, 54.26
1377795987, 54.26
1377795992, 54.26
1377795997, 54.26
1377796002, 54.26
1377796007, 54.26
1377796012, 54.26
1377796017, 54.26
1377796022, 54.26
1377796027, 54.26
1377796032, 54.26
1377796037, 54.29
1377796042, 54.26
1377796047, 54.26
1377796052, 54.26
1377796057, 54.26
1377796062, 54.29
1377796067, 54.29
1377796072, 54.26
1377796077, 54.29
1377796082, 54.29
1377796087, 54.29
1377796092, 54.26
1377796097, 54.29
1377796102, 54.29
1377796107, 54.29
1377796112, 54.29
1377796117, 54.26
1377796122, 54.29
1377796127, 54.29
1377796132, 54.29
1377796137, 54.29
1377796142, 54.29
1377796147, 54.29
1377796152, 54.29
1377796157, 54.29
1377796162, 54.26
1377796167, 54.29
1377796172, 54.29
1377796177, 54.29
1377796182, 54.29
1377796187, 54.29
1377796192, 54.29
1377796197, 54.29
1377796202, 54.29
1377796207, 54.29
1377796212, 54.29
1377796217, 54.29
1377796222, 54.32
1377796227, 54.29
1377796232, 54.29
1377796237, 54.29
1377796242, 54.29
1377796247, 54.29
1377796252, 54.29
1377796257, 54.29
1377796262, 54.29
1377796267, 54.32
1377796272, 54.32
1377796277, 54.29
1377796282, 54.29
1377796287, 54.29
1377796292, 54.29
1377796297, 54.29
1377796302, 54.32
1377796307, 54.32
1377796312, 54.32
1377796317, 54.29
1377796322, 54.29
1377796327, 54.32
1377796332, 54.29
1377796337, 54.29
1377796342, 54.29
1377796347, 54.32
1377796352, 54.32
1377796357, 54.29
1377796362, 54.32
1377796367, 54.29
1377796372, 54.32
1377796377, 54.32
1377796382, 54.32
1377796387, 54.32
1377796392, 54.32
1377796397, 54.32
1377796402, 54.32
1377796407, 54.32
1377796412, 54.29
1377796417, 54.32
1377796422, 54.32
1377796427, 54.32
1377796432, 54.32
1377796437, 54.29
1377796442, 54.32
1377796447, 54.32
1377796452, 54.32
1377796457, 54.32
1377796462, 54.32
1377796467, 54.32
1377796472, 54.32
1377796477, 54.32
1377796482, 54.32
1377796487, 54.32
1377796492, 54.32
1377796497, 54.32
1377796502, 54.32
1377796507, 54.32
1377796512, 54.32
1377796517, 54.32
1377796522, 54.32
1377796527, 54.32
1377796532, 54.32
1377796537, 54.32
1377796542, 54.32
1377796547, 54.32
1377796552, 54.32
1377796557, 54.32
1377796562, 54.29
1377796568, 54.32
1377796572, 54.32
1377796577, 54.32
1377796582, 54.32
1377796587, 54.32
1377796592, 54.32
1377796597, 54.32
1377796602, 54.32
1377796607, 54.32
1377796612, 54.32
1377796617, 54.32
1377796622, 54.32
1377796627, 54.32
1377796632, 54.32
1377796637, 54.32
1377796642, 54.32
1377796647, 54.32
1377796652, 54.29
1377796657, 54.32
1377796662, 54.32
1377796667, 54.32
1377796672, 54.32
1377796677, 54.32
1377796682, 54.32
1377796687, 54.32
1377796692, 54.32
1377796697, 54.29
1377796702, 54.32
1377796708, 54.32
1377796712, 54.32
1377796717, 54.32
1377796722, 54.32
1377796727, 54.32
1377796732, 54.32
1377796737, 54.32
1377796742, 54.32
1377796747, 54.32
1377796752, 54.32
1377796757, 54.32
1377796762, 54.32
1377796767, 54.32
1377796772, 54.32
1377796777, 54.32
1377796782, 54.32
1377796787, 54.32
1377796792, 54.32
1377796797, 54.32
1377796802, 54.32
1377796807, 54.32
1377796812, 54.32
1377796817, 54.32
1377796822, 54.32
1377796827, 54.32
1377796832, 54.32
1377796837, 54.32
1377796842, 54.32
1377796847, 54.36
1377796852, 54.32
1377796857, 54.32
1377796862, 54.32
1377796867, 54.32
1377796872, 54.32
1377796877, 54.32
1377796882, 54.32
1377796887, 54.32
1377796892, 54.32
1377796897, 54.36
1377796902, 54.36
1377796907, 54.32
1377796912, 54.32
1377796917, 54.36
1377796922, 54.32
1377796927, 54.32
1377796932, 54.36
1377796937, 54.32
1377796942, 54.32
1377796947, 54.32
1377796952, 54.36
1377796957, 54.36
1377796962, 54.32
1377796967, 54.32
1377796972, 54.36
1377796977, 54.36
1377796982, 54.36
1377796987, 54.32
1377796992, 54.36
1377796997, 54.32
1377797002, 54.32
1377797007, 54.36
1377797012, 54.32
1377797017, 54.32
1377797022, 54.36
1377797027, 54.32
1377797032, 54.32
1377797037, 54.36
1377797042, 54.32
1377797047, 54.32
1377797052, 54.32
1377797057, 54.36
1377797062, 54.36
1377797067, 54.32
1377797072, 54.36
1377797077, 54.36
1377797082, 54.36
1377797087, 54.32
1377797092, 54.36
1377797097, 54.32
1377797102, 54.32
1377797107, 54.32
1377797112, 54.36
1377797117, 54.32
1377797122, 54.32
1377797127, 54.36
1377797132, 54.36
1377797137, 54.32
1377797142, 54.36
1377797147, 54.32
1377797152, 54.39
1377797157, 54.36
1377797162, 54.32
1377797167, 54.32
1377797172, 54.32
1377797177, 54.32
1377797182, 54.32
1377797187, 54.36
1377797192, 54.32
1377797197, 54.36
1377797202, 54.32
1377797207, 54.36
1377797212, 54.36
1377797217, 54.36
1377797222, 54.36
1377797227, 54.32
1377797232, 54.36
1377797237, 54.36
1377797242, 54.32
1377797247, 54.36
1377797252, 54.39
1377797257, 54.36
1377797262, 54.36
1377797267, 54.36
1377797272, 54.36
1377797277, 54.36
1377797282, 54.36
1377797287, 54.36
1377797292, 54.36
1377797297, 54.36
1377797302, 54.39
1377797307, 54.36
1377797312, 54.36
1377797317, 54.36
1377797322, 54.32
1377797327, 54.39
1377797332, 54.32
1377797337, 54.32
1377797342, 54.36
1377797347, 54.36
1377797352, 54.36
1377797357, 54.36
1377797362, 54.36
1377797367, 54.39
1377797372, 54.36
1377797377, 54.36
1377797382, 54.36
1377797387, 54.36
1377797394, 54.36
1377797397, 54.36
1377797402, 54.36
1377797407, 54.36
1377797412, 54.36
1377797417, 54.36
1377797422, 54.36
1377797427, 54.36
1377797432, 54.36
1377797437, 54.36
1377797442, 54.36
1377797447, 54.36
1377797452, 54.36
1377797457, 54.36
1377797462, 54.36
1377797467, 54.36
1377797472, 54.36
1377797477, 54.32
1377797482, 54.36
1377797487, 54.36
1377797492, 54.39
1377797497, 54.32
1377797502, 54.32
1377797507, 54.36
1377797512, 54.36
1377797517, 54.36
1377797522, 54.36
1377797527, 54.36
1377797532, 54.36
1377797537, 54.36
1377797542, 54.32
1377797547, 54.36
1377797552, 54.36
1377797557, 54.32
1377797562, 54.32
1377797567, 54.36
1377797572, 54.36
1377797577, 54.36
1377797582, 54.36
1377797587, 54.32
1377797592, 54.36
1377797597, 54.32
1377797602, 54.36
1377797607, 54.32
1377797612, 54.36
1377797617, 54.32
1377797622, 54.32
1377797627, 54.32
1377797632, 54.32
1377797637, 54.36
1377797642, 54.32
1377797647, 54.32
1377797652, 54.32
1377797657, 54.32
1377797662, 54.32
1377797667, 54.32
1377797672, 54.32
1377797677, 54.32
1377797682, 54.32
1377797687, 54.32
1377797692, 54.32
1377797697, 54.36
1377797702, 54.36
1377797707, 54.36
1377797712, 54.32
1377797717, 54.32
1377797722, 54.32
1377797727, 54.36
1377797732, 54.32
1377797737, 54.32
1377797742, 54.32
1377797747, 54.32
1377797752, 54.32
1377797757, 54.32
1377797762, 54.32
1377797767, 54.32
1377797772, 54.32
1377797777, 54.32
1377797782, 54.32
1377797787, 54.32
1377797792, 54.32
1377797797, 54.32
1377797802, 54.32
1377797807, 54.32
1377797812, 54.32
1377797817, 54.32
1377797822, 54.32
1377797827, 54.32
1377797832, 54.32
1377797837, 54.32
1377797842, 54.32
1377797847, 54.32
1377797852, 54.32
1377797857, 54.32
1377797862, 54.32
1377797867, 54.32
1377797872, 54.32
1377797877, 54.32
1377797882, 54.32
1377797887, 54.32
1377797892, 54.29
1377797897, 54.32
1377797902, 54.32
1377797907, 54.32
1377797912, 54.29
1377797917, 54.29
1377797922, 54.29
1377797927, 54.29
1377797932, 54.29
1377797937, 54.29
1377797942, 54.32
1377797947, 54.29
1377797952, 54.29
1377797957, 54.29
1377797962, 54.29
1377797967, 54.29
1377797972, 54.29
1377797977, 54.29
1377797982, 54.29
1377797987, 54.29
1377797992, 54.29
1377797997, 54.29
1377798002, 54.29
1377798007, 54.29
1377798012, 54.29
1377798017, 54.29
1377798022, 54.29
1377798027, 54.29
1377798032, 54.29
1377798037, 54.26
1377798042, 54.26
1377798047, 54.29
1377798052, 54.29
1377798057, 54.32
1377798062, 54.29
1377798067, 54.32
1377798072, 54.29
1377798077, 54.29
1377798082, 54.29
1377798087, 54.29
1377798092, 54.29
1377798097, 54.29
1377798102, 54.29
1377798107, 54.29
1377798112, 54.29
1377798117, 54.29
1377798122, 54.29
1377798127, 54.29
1377798132, 54.29
1377798137, 54.29
1377798142, 54.29
1377798147, 54.29
1377798152, 54.29
1377798157, 54.29
1377798162, 54.29
1377798167, 54.29
1377798172, 54.32
1377798177, 54.29
1377798182, 54.29
1377798187, 54.32
1377798192, 54.29
1377798197, 54.29
1377798202, 54.29
1377798207, 54.29
1377798212, 54.29
1377798217, 54.32
1377798222, 54.29
1377798227, 54.32
1377798232, 54.32
1377798237, 54.29
1377798242, 54.29
1377798247, 54.29
1377798252, 54.32
1377798257, 54.32
1377798262, 54.29
1377798267, 54.32
1377798272, 54.32
1377798277, 54.29
1377798282, 54.32
1377798287, 54.32
1377798292, 54.29
1377798297, 54.29
1377798302, 54.29
1377798307, 54.29
1377798312, 54.32
1377798317, 54.32
1377798322, 54.29
1377798327, 54.32
1377798332, 54.32
1377798337, 54.29
1377798342, 54.29
1377798347, 54.32
1377798352, 54.29
1377798357, 54.32
1377798362, 54.32
1377798367, 54.32
1377798372, 54.32
1377798377, 54.32
1377798382, 54.29
1377798387, 54.32
1377798392, 54.32
1377798397, 54.32
1377798402, 54.29
1377798407, 54.32
1377798412, 54.32
1377798417, 54.32
1377798422, 54.32
1377798427, 54.32
1377798432, 54.29
1377798437, 54.32
1377798442, 54.29
1377798447, 54.32
1377798452, 54.32
1377798457, 54.32
1377798462, 54.32
1377798467, 54.32
1377798472, 54.29
1377798477, 54.32
1377798482, 54.32
1377798487, 54.29
1377798492, 54.32
1377798497, 54.32
1377798502, 54.32
1377798507, 54.32
1377798512, 54.29
1377798517, 54.29
1377798522, 54.32
1377798527, 54.29
1377798532, 54.32
1377798537, 54.29
1377798542, 54.32
1377798547, 54.29
1377798552, 54.29
1377798557, 54.29
1377798562, 54.29
1377798567, 54.32
1377798572, 54.29
1377798577, 54.29
1377798582, 54.29
1377798587, 54.29
1377798592, 54.29
1377798597, 54.32
1377798602, 54.29
1377798607, 54.29
1377798612, 54.29
1377798618, 54.29
1377798622, 54.29
1377798627, 54.29
1377798632, 54.29
1377798637, 54.29
1377798642, 54.32
1377798647, 54.29
1377798652, 54.29
1377798657, 54.29
1377798662, 54.29
1377798667, 54.29
1377798672, 54.29
1377798677, 54.32
1377798682, 54.29
1377798687, 54.32
1377798692, 54.29
1377798697, 54.29
1377798702, 54.29
1377798707, 54.29
1377798712, 54.29
1377798717, 54.29
1377798722, 54.26
1377798727, 54.29
1377798732, 54.26
1377798737, 54.29
1377798742, 54.26
1377798747, 54.29
1377798752, 54.26
1377798757, 54.29
1377798762, 54.29
1377798767, 54.29
1377798772, 54.29
1377798777, 54.29
1377798782, 54.29
1377798787, 54.26
1377798792, 54.29
1377798797, 54.29
1377798802, 54.29
1377798807, 54.29
1377798812, 54.29
1377798817, 54.29
1377798822, 54.29
1377798827, 54.29
1377798832, 54.29
1377798837, 54.29
1377798842, 54.26
1377798847, 54.26
1377798852, 54.26
1377798857, 54.26
1377798862, 54.29
1377798867, 54.29
1377798872, 54.29
1377798877, 54.29
1377798882, 54.26
1377798887, 54.29
1377798895, 54.26
1377798897, 54.29
1377798902, 54.29
1377798907, 54.26
1377798912, 54.29
1377798917, 54.26
1377798922, 54.29
1377798927, 54.26
1377798932, 54.26
1377798937, 54.29
1377798942, 54.26
1377798947, 54.29
1377798952, 54.29
1377798957, 54.26
1377798962, 54.26
1377798967, 54.26
1377798972, 54.29
1377798977, 54.26
1377798982, 54.26
1377798987, 54.29
1377798992, 54.26
1377798997, 54.29
1377799002, 54.29
1377799007, 54.29
1377799012, 54.26
1377799017, 54.26
1377799022, 54.26
1377799027, 54.26
1377799032, 54.26
1377799037, 54.26
1377799042, 54.29
1377799047, 54.29
1377799052, 54.29
1377799057, 54.29
1377799062, 54.29
1377799067, 54.26
1377799072, 54.26
1377799077, 54.29
1377799082, 54.26
1377799087, 54.29
1377799092, 54.29
1377799097, 54.26
1377799102, 54.29
1377799107, 54.29
1377799112, 54.26
1377799117, 54.26
1377799122, 54.26
1377799127, 54.26
1377799132, 54.29
1377799137, 54.26
1377799142, 54.26
1377799147, 54.29
1377799152, 54.26
1377799157, 54.29
1377799162, 54.29
1377799167, 54.29
1377799172, 54.26
1377799177, 54.29
1377799182, 54.29
1377799187, 54.26
1377799192, 54.26
1377799197, 54.29
1377799202, 54.29
1377799207, 54.29
1377799212, 54.29
1377799217, 54.29
1377799222, 54.26
1377799227, 54.26
1377799232, 54.26
1377799237, 54.26
1377799242, 54.29
1377799247, 54.29
1377799252, 54.26
1377799257, 54.29
1377799262, 54.29
1377799267, 54.26
1377799272, 54.29
1377799277, 54.29
1377799282, 54.26
1377799287, 54.26
1377799292, 54.29
1377799297, 54.26
1377799302, 54.26
1377799307, 54.26
1377799312, 54.29
1377799317, 54.26
1377799322, 54.29
1377799327, 54.29
1377799332, 54.26
1377799337, 54.26
1377799342, 54.29
1377799347, 54.26
1377799352, 54.26
1377799357, 54.29
1377799362, 54.29
1377799367, 54.29
1377799372, 54.29
1377799377, 54.26
1377799382, 54.26
1377799387, 54.29
1377799392, 54.26
1377799397, 54.26
1377799402, 54.26
1377799407, 54.26
1377799412, 54.29
1377799417, 54.29
1377799422, 54.26
1377799427, 54.26
1377799432, 54.26
1377799437, 54.29
1377799442, 54.29
1377799447, 54.29
1377799452, 54.29
1377799457, 54.29
1377799462, 54.29
1377799467, 54.29
1377799472, 54.26
1377799477, 54.29
1377799482, 54.29
1377799487, 54.29
1377799492, 54.29
1377799497, 54.26
1377799502, 54.29
1377799507, 54.29
1377799512, 54.29
1377799517, 54.29
1377799522, 54.26
1377799527, 54.29
1377799532, 54.29
1377799537, 54.29
1377799542, 54.26
1377799547, 54.29
1377799552, 54.29
1377799557, 54.29
1377799562, 54.29
1377799567, 54.29
1377799572, 54.26
1377799577, 54.29
1377799582, 54.29
1377799587, 54.26
1377799592, 54.26
1377799597, 54.29
1377799602, 54.29
1377799607, 54.29
1377799612, 54.26
1377799617, 54.29
1377799622, 54.29
1377799627, 54.29
1377799632, 54.29
1377799637, 54.29
1377799642, 54.29
1377799647, 54.29
1377799652, 54.29
1377799657, 54.29
1377799662, 54.29
1377799667, 54.26
1377799672, 54.29
1377799677, 54.29
1377799682, 54.29
1377799687, 54.29
1377799692, 54.29
1377799697, 54.29
1377799702, 54.29
1377799707, 54.29
1377799712, 54.29
1377799717, 54.29
1377799722, 54.29
1377799727, 54.29
1377799732, 54.29
1377799737, 54.29
1377799742, 54.29
1377799747, 54.29
1377799752, 54.29
1377799757, 54.29
1377799762, 54.29
1377799767, 54.29
1377799772, 54.29
1377799777, 54.29
1377799782, 54.29
1377799787, 54.29
1377799792, 54.29
1377799797, 54.29
1377799802, 54.29
1377799807, 54.29
1377799812, 54.29
1377799817, 54.29
1377799822, 54.32
1377799827, 54.29
1377799832, 54.29
1377799837, 54.29
1377799842, 54.29
1377799847, 54.32
1377799852, 54.29
1377799857, 54.29
1377799862, 54.29
1377799867, 54.29
1377799872, 54.29
1377799877, 54.29
1377799882, 54.32
1377799887, 54.29
1377799892, 54.29
1377799897, 54.32
1377799902, 54.32
1377799907, 54.29
1377799912, 54.32
1377799917, 54.32
1377799922, 54.29
1377799927, 54.29
1377799932, 54.29
1377799937, 54.29
1377799942, 54.32
1377799947, 54.32
1377799952, 54.29
1377799957, 54.29
1377799962, 54.32
1377799967, 54.32
1377799972, 54.32
1377799977, 54.29
1377799982, 54.29
1377799987, 54.32
1377799992, 54.32
1377799997, 54.32
1377800002, 54.29
1377800007, 54.32
1377800012, 54.32
1377800017, 54.32
1377800022, 54.29
1377800027, 54.29
1377800032, 54.32
1377800037, 54.32
1377800042, 54.32
1377800047, 54.32
1377800052, 54.32
1377800057, 54.32
1377800062, 54.32
1377800067, 54.32
1377800072, 54.32
1377800077, 54.29
1377800082, 54.32
1377800087, 54.32
1377800092, 54.32
1377800097, 54.29
1377800102, 54.32
1377800107, 54.32
1377800112, 54.32
1377800117, 54.32
1377800122, 54.32
1377800127, 54.29
1377800132, 54.29
1377800137, 54.29
1377800142, 54.32
1377800147, 54.29
1377800152, 54.32
1377800157, 54.32
1377800162, 54.32
1377800167, 54.32
1377800172, 54.32
1377800177, 54.32
1377800182, 54.32
1377800187, 54.32
1377800192, 54.32
1377800197, 54.32
1377800202, 54.32
1377800207, 54.32
1377800212, 54.32
1377800217, 54.32
1377800222, 54.32
1377800227, 54.29
1377800232, 54.32
1377800237, 54.32
1377800242, 54.32
1377800247, 54.32
1377800252, 54.32
1377800257, 54.32
1377800262, 54.32
1377800267, 54.32
1377800272, 54.32
1377800277, 54.32
1377800282, 54.32
1377800287, 54.32
1377800292, 54.32
1377800297, 54.32
1377800302, 54.32
1377800307, 54.32
1377800312, 54.32
1377800317, 54.32
1377800322, 54.32
1377800327, 54.29
1377800332, 54.32
1377800337, 54.32
1377800342, 54.32
1377800347, 54.32
1377800352, 54.32
1377800357, 54.32
1377800362, 54.32
1377800367, 54.29
1377800372, 54.32
1377800377, 54.32
1377800382, 54.32
1377800387, 54.29
1377800392, 54.32
1377800397, 54.32
1377800402, 54.32
1377800407, 54.32
1377800412, 54.32
1377800417, 54.32
1377800422, 54.29
1377800427, 54.29
1377800432, 54.29
1377800437, 54.32
1377800442, 54.32
1377800447, 54.32
1377800452, 54.32
1377800457, 54.32
1377800462, 54.32
1377800467, 54.32
1377800472, 54.32
1377800477, 54.32
1377800482, 54.29
1377800487, 54.29
1377800492, 54.29
1377800497, 54.32
1377800502, 54.29
1377800507, 54.32
1377800512, 54.32
1377800517, 54.32
1377800522, 54.29
1377800527, 54.32
1377800532, 54.32
1377800537, 54.29
1377800542, 54.32
1377800547, 54.29
1377800552, 54.32
1377800557, 54.32
1377800562, 54.32
1377800567, 54.29
1377800572, 54.32
1377800577, 54.32
1377800582, 54.32
1377800587, 54.32
1377800592, 54.32
1377800597, 54.32
1377800602, 54.29
1377800607, 54.29
1377800612, 54.29
1377800617, 54.32
1377800622, 54.32
1377800627, 54.29
1377800632, 54.29
1377800637, 54.32
1377800642, 54.32
1377800647, 54.29
1377800652, 54.29
1377800657, 54.29
1377800662, 54.32
1377800667, 54.29
1377800672, 54.29
1377800677, 54.29
1377800682, 54.29
1377800687, 54.32
1377800692, 54.29
1377800697, 54.29
1377800702, 54.29
1377800707, 54.29
1377800712, 54.29
1377800717, 54.29
1377800722, 54.29
1377800727, 54.29
1377800732, 54.29
1377800737, 54.29
1377800742, 54.32
1377800747, 54.29
1377800752, 54.32
1377800757, 54.29
1377800762, 54.32
1377800767, 54.29
1377800772, 54.32
1377800777, 54.29
1377800782, 54.29
1377800787, 54.29
1377800792, 54.29
1377800797, 54.29
1377800802, 54.29
1377800807, 54.29
1377800812, 54.32
1377800817, 54.29
1377800822, 54.29
1377800827, 54.29
1377800832, 54.29
1377800837, 54.29
1377800842, 54.29
1377800847, 54.29
1377800852, 54.29
1377800857, 54.29
1377800862, 54.29
1377800867, 54.29
1377800872, 54.29
1377800877, 54.29
1377800882, 54.29
1377800887, 54.29
1377800892, 54.29
1377800897, 54.29
1377800902, 54.29
1377800907, 54.26
1377800912, 54.26
1377800917, 54.29
1377800922, 54.29
1377800927, 54.29
1377800932, 54.29
1377800937, 54.29
1377800942, 54.29
1377800947, 54.29
1377800952, 54.29
1377800957, 54.29
1377800962, 54.29
1377800967, 54.29
1377800972, 54.29
1377800977, 54.29
1377800982, 54.29
1377800987, 54.29
1377800992, 54.29
1377800997, 54.26
1377801002, 54.26
1377801007, 54.26
1377801012, 54.26
1377801017, 54.26
1377801022, 54.29
1377801027, 54.26
1377801032, 54.29
1377801037, 54.29
1377801042, 54.26
1377801047, 54.29
1377801052, 54.26
1377801057, 54.26
1377801062, 54.26
1377801067, 54.26
1377801072, 54.26
1377801077, 54.29
1377801082, 54.29
1377801087, 54.26
1377801092, 54.26
1377801097, 54.26
1377801102, 54.26
1377801107, 54.26
1377801112, 54.26
1377801117, 54.26
1377801122, 54.26
1377801127, 54.26
1377801132, 54.26
1377801137, 54.26
1377801142, 54.29
1377801147, 54.26
1377801152, 54.26
1377801157, 54.26
1377801162, 54.26
1377801167, 54.26
1377801172, 54.26
1377801178, 54.26
1377801182, 54.26
1377801187, 54.26
1377801192, 54.26
1377801197, 54.26
1377801202, 54.26
1377801207, 54.26
1377801212, 54.26
1377801217, 54.26
1377801222, 54.26
1377801227, 54.26
1377801232, 54.26
1377801237, 54.26
1377801242, 54.26
1377801247, 54.26
1377801252, 54.26
1377801257, 54.26
1377801262, 54.26
1377801267, 54.26
1377801272, 54.26
1377801277, 54.26
1377801282, 54.26
1377801287, 54.26
1377801292, 54.26
1377801297, 54.26
1377801302, 54.26
1377801307, 54.26
1377801312, 54.26
1377801317, 54.26
1377801322, 54.26
1377801327, 54.26
1377801332, 54.26
1377801337, 54.26
1377801342, 54.26
1377801347, 54.26
1377801352, 54.26
1377801357, 54.26
1377801362, 54.26
1377801367, 54.26
1377801372, 54.26
1377801377, 54.26
1377801382, 54.26
1377801387, 54.26
1377801392, 54.26
1377801397, 54.26
1377801402, 54.26
1377801407, 54.26
1377801412, 54.23
1377801417, 54.26
1377801422, 54.26
1377801427, 54.26
1377801432, 54.26
1377801437, 54.26
1377801442, 54.23
1377801447, 54.26
1377801452, 54.23
1377801457, 54.23
1377801462, 54.23
1377801467, 54.26
1377801472, 54.23
1377801477, 54.26
1377801482, 54.26
1377801487, 54.26
1377801492, 54.26
1377801497, 54.23
1377801502, 54.26
1377801507, 54.26
1377801512, 54.23
1377801517, 54.26
1377801522, 54.23
1377801527, 54.23
1377801532, 54.26
1377801537, 54.26
1377801542, 54.26
1377801547, 54.26
1377801552, 54.26
1377801557, 54.26
1377801562, 54.23
1377801567, 54.23
1377801572, 54.23
1377801577, 54.23
1377801582, 54.23
1377801587, 54.23
1377801592, 54.23
1377801597, 54.26
1377801602, 54.23
1377801607, 54.26
1377801612, 54.26
1377801617, 54.23
1377801622, 54.23
1377801627, 54.26
1377801632, 54.23
1377801637, 54.23
1377801642, 54.23
1377801647, 54.23
1377801652, 54.26
1377801657, 54.23
1377801662, 54.26
1377801667, 54.23
1377801672, 54.23
1377801677, 54.23
1377801682, 54.26
1377801687, 54.23
1377801692, 54.20
1377801697, 54.23
1377801702, 54.23
1377801707, 54.23
1377801712, 54.23
1377801717, 54.23
1377801722, 54.23
1377801727, 54.23
1377801732, 54.20
1377801737, 54.23
1377801742, 54.23
1377801747, 54.23
1377801752, 54.23
1377801757, 54.23
1377801762, 54.23
1377801767, 54.23
1377801772, 54.23
1377801777, 54.23
1377801782, 54.23
1377801787, 54.20
1377801792, 54.23
1377801797, 54.23
1377801802, 54.20
1377801807, 54.23
1377801812, 54.23
1377801817, 54.20
1377801822, 54.23
1377801827, 54.20
1377801832, 54.20
1377801837, 54.20
1377801842, 54.23
1377801847, 54.23
1377801852, 54.23
1377801857, 54.20
1377801862, 54.23
1377801867, 54.20
1377801872, 54.20
1377801877, 54.20
1377801882, 54.20
1377801887, 54.20
1377801892, 54.20
1377801897, 54.20
1377801902, 54.23
1377801907, 54.20
1377801912, 54.20
1377801917, 54.20
1377801922, 54.20
1377801927, 54.20
1377801932, 54.20
1377801937, 54.20
1377801942, 54.20
1377801947, 54.20
1377801952, 54.20
1377801957, 54.20
1377801962, 54.20
1377801967, 54.20
1377801972, 54.20
1377801977, 54.20
1377801982, 54.20
1377801987, 54.20
1377801992, 54.20
1377801997, 54.20
1377802002, 54.20
1377802007, 54.20
1377802012, 54.20
1377802017, 54.20
1377802022, 54.20
1377802027, 54.20
1377802032, 54.20
1377802037, 54.20
1377802042, 54.20
1377802047, 54.17
1377802052, 54.20
1377802057, 54.20
1377802062, 54.20
1377802067, 54.20
1377802072, 54.20
1377802077, 54.20
1377802082, 54.20
1377802087, 54.20
1377802092, 54.20
1377802097, 54.20
1377802102, 54.20
1377802107, 54.17
1377802112, 54.20
1377802117, 54.17
1377802122, 54.17
1377802127, 54.20
1377802132, 54.20
1377802137, 54.17
1377802142, 54.17
1377802147, 54.20
1377802152, 54.17
1377802157, 54.17
1377802162, 54.17
1377802167, 54.17
1377802172, 54.20
1377802177, 54.14
1377802182, 54.17
1377802187, 54.14
1377802192, 54.17
1377802197, 54.17
1377802202, 54.17
1377802207, 54.17
1377802212, 54.17
1377802217, 54.14
1377802222, 54.17
1377802227, 54.17
1377802232, 54.17
1377802237, 54.14
1377802242, 54.17
1377802247, 54.14
1377802252, 54.14
1377802257, 54.17
1377802262, 54.14
1377802267, 54.17
1377802272, 54.14
1377802277, 54.17
1377802282, 54.14
1377802287, 54.14
1377802292, 54.14
1377802297, 54.14
1377802302, 54.17
1377802307, 54.17
1377802312, 54.17
1377802317, 54.14
1377802322, 54.17
1377802327, 54.14
1377802332, 54.14
1377802337, 54.14
1377802342, 54.14
1377802347, 54.14
1377802352, 54.14
1377802357, 54.14
1377802362, 54.14
1377802367, 54.14
1377802372, 54.17
1377802377, 54.14
1377802382, 54.17
1377802387, 54.14
1377802392, 54.14
1377802397, 54.14
1377802402, 54.14
1377802407, 54.14
1377802412, 54.14
1377802417, 54.14
1377802422, 54.14
1377802427, 54.14
1377802432, 54.17
1377802437, 54.14
1377802442, 54.14
1377802447, 54.14
1377802452, 54.14
1377802457, 54.14
1377802462, 54.14
1377802467, 54.14
1377802472, 54.14
1377802477, 54.14
1377802482, 54.14
1377802487, 54.14
1377802492, 54.14
1377802497, 54.14
1377802502, 54.14
1377802507, 54.14
1377802512, 54.14
1377802517, 54.14
1377802522, 54.14
1377802527, 54.14
1377802532, 54.14
1377802537, 54.14
1377802542, 54.14
1377802547, 54.14
1377802552, 54.14
1377802557, 54.14
1377802562, 54.14
1377802567, 54.14
1377802572, 54.14
1377802579, 54.14
1377802582, 54.14
1377802587, 54.14
1377802592, 54.14
1377802597, 54.14
1377802602, 54.14
1377802607, 54.14
1377802612, 54.14
1377802617, 54.14
1377802622, 54.14
1377802627, 54.14
1377802632, 54.14
1377802637, 54.14
1377802642, 54.14
1377802647, 54.14
1377802652, 54.14
1377802657, 54.14
1377802662, 54.14
1377802667, 54.14
1377802672, 54.14
1377802677, 54.14
1377802682, 54.14
1377802687, 54.14
1377802692, 54.14
1377802697, 54.14
1377802702, 54.14
1377802707, 54.14
1377802712, 54.10
1377802717, 54.14
1377802722, 54.14
1377802727, 54.14
1377802732, 54.14
1377802737, 54.14
1377802742, 54.14
1377802747, 54.10
1377802752, 54.10
1377802757, 54.14
1377802762, 54.14
1377802767, 54.10
1377802772, 54.10
1377802777, 54.10
1377802782, 54.10
1377802787, 54.10
1377802792, 54.10
1377802797, 54.10
1377802802, 54.10
1377802807, 54.10
1377802812, 54.10
1377802817, 54.10
1377802822, 54.10
1377802827, 54.10
1377802832, 54.10
1377802837, 54.10
1377802842, 54.10
1377802847, 54.10
1377802852, 54.14
1377802857, 54.10
1377802862, 54.10
1377802867, 54.10
1377802872, 54.10
1377802877, 54.10
1377802882, 54.10
1377802887, 54.10
1377802892, 54.10
1377802897, 54.10
1377802902, 54.10
1377802907, 54.10
1377802912, 54.10
1377802917, 54.07
1377802922, 54.10
1377802927, 54.10
1377802932, 54.10
1377802937, 54.14
1377802942, 54.07
1377802947, 54.10
1377802952, 54.10
1377802957, 54.10
1377802962, 54.10
1377802967, 54.10
1377802972, 54.10
1377802977, 54.10
1377802982, 54.10
1377802987, 54.07
1377802992, 54.10
1377802997, 54.10
1377803002, 54.10
1377803007, 54.07
1377803012, 54.10
1377803017, 54.07
1377803022, 54.10
1377803027, 54.10
1377803032, 54.10
1377803037, 54.10
1377803042, 54.10
1377803047, 54.14
1377803052, 54.10
1377803057, 54.10
1377803062, 54.10
1377803067, 54.07
1377803072, 54.10
1377803077, 54.10
1377803082, 54.14
1377803087, 54.10
1377803092, 54.10
1377803097, 54.10
1377803102, 54.10
1377803107, 54.10
1377803112, 54.10
1377803117, 54.10
1377803122, 54.10
1377803127, 54.10
1377803132, 54.10
1377803137, 54.10
1377803142, 54.10
1377803147, 54.10
1377803152, 54.10
1377803157, 54.10
1377803162, 54.07
1377803167, 54.10
1377803172, 54.10
1377803177, 54.10
1377803182, 54.10
1377803187, 54.10
1377803192, 54.10
1377803197, 54.10
1377803202, 54.14
1377803207, 54.10
1377803212, 54.14
1377803217, 54.10
1377803222, 54.14
1377803227, 54.10
1377803232, 54.14
1377803237, 54.14
1377803242, 54.10
1377803247, 54.10
1377803252, 54.10
1377803257, 54.10
1377803262, 54.10
1377803267, 54.10
1377803272, 54.10
1377803277, 54.10
1377803282, 54.10
1377803287, 54.10
1377803292, 54.10
1377803297, 54.10
1377803302, 54.10
1377803307, 54.10
1377803312, 54.10
1377803317, 54.10
1377803322, 54.10
1377803327, 54.10
1377803335, 54.10
1377803337, 54.10
1377803342, 54.10
1377803347, 54.14
1377803352, 54.10
1377803357, 54.14
1377803362, 54.14
1377803367, 54.10
1377803372, 54.10
1377803377, 54.10
1377803382, 54.10
1377803387, 54.10
1377803392, 54.10
1377803397, 54.10
1377803402, 54.10
1377803407, 54.14
1377803412, 54.10
1377803417, 54.10
1377803422, 54.14
1377803427, 54.10
1377803432, 54.10
1377803437, 54.14
1377803442, 54.10
1377803447, 54.14
1377803452, 54.14
1377803457, 54.10
1377803462, 54.10
1377803467, 54.14
1377803472, 54.10
1377803477, 54.14
1377803482, 54.10
1377803487, 54.10
1377803492, 54.14
1377803497, 54.14
1377803502, 54.10
1377803507, 54.10
1377803512, 54.14
1377803517, 54.10
1377803522, 54.14
1377803527, 54.10
1377803532, 54.10
1377803537, 54.14
1377803542, 54.10
1377803547, 54.14
1377803552, 54.14
1377803557, 54.14
1377803562, 54.14
1377803567, 54.10
1377803572, 54.14
1377803577, 54.14
1377803582, 54.14
1377803587, 54.14
1377803592, 54.10
1377803597, 54.10
1377803602, 54.14
1377803607, 54.14
1377803612, 54.14
1377803617, 54.14
1377803622, 54.14
1377803627, 54.10
1377803632, 54.14
1377803637, 54.14
1377803642, 54.10
1377803647, 54.14
1377803652, 54.10
1377803657, 54.14
1377803662, 54.14
1377803667, 54.14
1377803672, 54.14
1377803677, 54.14
1377803682, 54.14
1377803687, 54.14
1377803692, 54.14
1377803697, 54.14
1377803702, 54.14
1377803707, 54.10
1377803712, 54.14
1377803717, 54.14
1377803722, 54.14
1377803727, 54.14
1377803732, 54.14
1377803737, 54.14
1377803742, 54.10
1377803747, 54.14
1377803752, 54.14
1377803757, 54.10
1377803762, 54.14
1377803767, 54.14
1377803772, 54.14
1377803777, 54.10
1377803782, 54.10
1377803787, 54.14
1377803792, 54.14
1377803797, 54.14
1377803802, 54.14
1377803807, 54.14
1377803812, 54.14
1377803817, 54.10
1377803822, 54.14
1377803827, 54.14
1377803832, 54.10
1377803837, 54.10
1377803842, 54.10
1377803847, 54.14
1377803852, 54.14
1377803857, 54.10
1377803862, 54.14
1377803867, 54.10
1377803872, 54.14
1377803877, 54.10
1377803882, 54.14
1377803887, 54.14
1377803892, 54.14
1377803897, 54.10
1377803902, 54.10
1377803907, 54.14
1377803912, 54.14
1377803917, 54.14
1377803922, 54.14
1377803927, 54.14
1377803932, 54.10
1377803937, 54.10
1377803942, 54.10
1377803947, 54.10
1377803952, 54.10
1377803957, 54.10
1377803962, 54.10
1377803967, 54.10
1377803972, 54.10
1377803977, 54.10
1377803982, 54.10
1377803987, 54.10
1377803992, 54.10
1377803997, 54.10
1377804002, 54.10
1377804007, 54.10
1377804012, 54.10
1377804017, 54.10
1377804022, 54.10
1377804027, 54.14
1377804032, 54.10
1377804037, 54.07
1377804042, 54.10
1377804047, 54.10
1377804052, 54.10
1377804057, 54.10
1377804062, 54.14
1377804067, 54.10
1377804072, 54.10
1377804077, 54.07
1377804082, 54.10
1377804087, 54.07
1377804092, 54.07
1377804097, 54.10
1377804102, 54.10
1377804107, 54.10
1377804112, 54.07
1377804117, 54.10
1377804122, 54.10
1377804127, 54.10
1377804132, 54.07
1377804137, 54.07
1377804142, 54.07
1377804147, 54.10
1377804152, 54.10
1377804157, 54.10
1377804162, 54.07
1377804167, 54.10
1377804172, 54.07
1377804177, 54.07
1377804182, 54.07
1377804187, 54.07
1377804192, 54.07
1377804197, 54.07
1377804202, 54.07
1377804207, 54.07
1377804212, 54.07
1377804217, 54.07
1377804222, 54.10
1377804227, 54.07
1377804232, 54.07
1377804237, 54.07
1377804242, 54.07
1377804247, 54.07
1377804252, 54.07
1377804257, 54.07
1377804262, 54.07
1377804267, 54.07
1377804272, 54.07
1377804277, 54.07
1377804282, 54.07
1377804287, 54.07
1377804292, 54.07
1377804297, 54.07
1377804302, 54.07
1377804307, 54.07
1377804312, 54.07
1377804317, 54.07
1377804322, 54.07
1377804327, 54.07
1377804332, 54.07
1377804337, 54.04
1377804342, 54.07
1377804347, 54.07
1377804352, 54.07
1377804357, 54.07
1377804362, 54.07
1377804367, 54.04
1377804372, 54.07
1377804377, 54.07
1377804382, 54.07
1377804387, 54.04
1377804392, 54.04
1377804397, 54.07
1377804402, 54.07
1377804407, 54.04
1377804412, 54.04
1377804417, 54.04
1377804422, 54.07
1377804427, 54.07
1377804432, 54.04
1377804437, 54.04
1377804442, 54.04
1377804447, 54.04
1377804452, 54.04
1377804457, 54.04
1377804462, 54.04
1377804467, 54.04
1377804472, 54.04
1377804477, 54.04
1377804482, 54.04
1377804487, 54.04
1377804492, 54.04
1377804497, 54.04
1377804502, 54.04
1377804507, 54.04
1377804512, 54.04
1377804517, 54.01
1377804522, 54.04
1377804527, 54.01
1377804532, 54.04
1377804537, 54.04
1377804542, 54.04
1377804547, 54.04
1377804552, 54.04
1377804557, 54.04
1377804562, 54.01
1377804567, 54.01
1377804572, 54.01
1377804577, 54.01
1377804582, 54.04
1377804587, 54.04
1377804592, 54.04
1377804597, 54.01
1377804602, 54.01
1377804607, 54.01
1377804612, 54.01
1377804617, 54.01
1377804622, 54.01
1377804627, 54.01
1377804632, 54.01
1377804637, 54.01
1377804642, 54.01
1377804647, 54.01
1377804652, 54.01
1377804657, 54.01
1377804662, 54.01
1377804667, 54.01
1377804672, 54.01
1377804677, 54.01
1377804682, 54.01
1377804687, 54.01
1377804692, 54.01
1377804697, 54.01
1377804702, 54.01
1377804707, 54.01
1377804712, 54.01
1377804717, 54.01
1377804722, 54.01
1377804727, 54.01
1377804732, 54.01
1377804737, 54.01
1377804742, 54.01
1377804747, 54.01
1377804752, 54.01
1377804757, 54.01
1377804762, 54.01
1377804767, 54.01
1377804772, 54.01
1377804777, 54.01
1377804782, 54.01
1377804787, 54.01
1377804792, 53.98
1377804797, 54.01
1377804802, 54.01
1377804807, 54.01
1377804812, 53.98
1377804817, 54.01
1377804822, 53.98
1377804827, 54.01
1377804832, 54.01
1377804837, 54.01
1377804842, 54.01
1377804847, 53.98
1377804852, 54.01
1377804857, 54.01
1377804862, 53.95
1377804867, 54.01
1377804872, 53.98
1377804877, 54.01
1377804882, 53.98
1377804887, 53.98
1377804892, 54.01
1377804897, 53.98
1377804902, 53.98
1377804907, 53.98
1377804912, 54.01
1377804917, 53.98
1377804922, 54.01
1377804927, 53.98
1377804932, 53.98
1377804937, 53.98
1377804942, 53.98
1377804947, 53.98
1377804952, 53.98
1377804957, 53.98
1377804962, 53.98
1377804967, 53.98
1377804972, 54.01
1377804977, 53.98
1377804982, 53.98
1377804987, 53.98
1377804992, 54.01
1377804997, 53.98
1377805002, 54.01
1377805007, 53.98
1377805012, 53.98
1377805017, 53.98
1377805022, 53.95
1377805027, 53.98
1377805032, 53.98
1377805037, 53.98
1377805042, 53.98
1377805047, 53.95
1377805052, 54.01
1377805057, 53.98
1377805062, 53.98
1377805067, 53.98
1377805072, 53.98
1377805077, 53.98
1377805082, 54.01
1377805087, 53.98
1377805092, 53.98
1377805097, 54.01
1377805102, 53.98
1377805107, 54.01
1377805112, 53.98
1377805117, 53.98
1377805122, 53.98
1377805127, 53.98
1377805132, 53.98
1377805137, 53.98
1377805142, 53.98
1377805147, 53.98
1377805152, 54.01
1377805157, 53.98
1377805162, 53.98
1377805167, 53.98
1377805172, 53.98
1377805177, 53.98
1377805182, 53.95
1377805187, 53.98
1377805192, 53.98
1377805197, 53.98
1377805202, 53.98
1377805207, 53.95
1377805212, 53.98
1377805217, 53.95
1377805222, 53.95
1377805227, 53.98
1377805232, 53.98
1377805237, 53.95
1377805242, 53.98
1377805247, 53.95
1377805252, 53.95
1377805257, 53.95
1377805262, 53.95
1377805267, 53.98
1377805272, 53.98
1377805277, 53.98
1377805282, 53.98
1377805287, 53.98
1377805292, 53.95
1377805297, 53.98
1377805302, 53.98
1377805307, 53.98
1377805312, 53.95
1377805317, 53.95
1377805322, 53.95
1377805327, 53.98
1377805332, 53.98
1377805337, 53.95
1377805342, 53.95
1377805347, 53.98
1377805352, 53.98
1377805357, 53.95
1377805362, 53.95
1377805367, 53.95
1377805372, 53.95
1377805377, 53.98
1377805382, 53.95
1377805387, 53.98
1377805392, 53.95
1377805397, 53.98
1377805402, 53.95
1377805407, 53.95
1377805412, 53.98
1377805417, 53.95
1377805422, 53.95
1377805427, 53.95
1377805432, 53.95
1377805437, 53.95
1377805442, 53.98
1377805447, 53.98
1377805452, 53.98
1377805457, 53.98
1377805462, 53.98
1377805467, 53.98
1377805472, 53.95
1377805477, 53.98
1377805482, 53.95
1377805487, 53.95
1377805492, 53.95
1377805497, 53.95
1377805502, 53.95
1377805507, 53.98
1377805512, 53.95
1377805517, 53.95
1377805522, 53.95
1377805527, 53.98
1377805532, 53.98
1377805537, 53.95
1377805542, 53.95
1377805547, 53.95
1377805552, 53.98
1377805557, 53.98
1377805562, 53.95
1377805567, 53.95
1377805572, 53.95
1377805577, 53.98
1377805582, 53.95
1377805587, 53.95
1377805592, 53.95
1377805597, 53.98
1377805602, 53.95
1377805607, 53.95
1377805612, 53.98
1377805617, 53.95
1377805622, 53.95
1377805627, 53.95
1377805632, 53.95
1377805637, 53.95
1377805642, 53.98
1377805647, 53.95
1377805652, 53.95
1377805657, 53.95
1377805662, 53.95
1377805667, 53.95
1377805672, 53.95
1377805677, 53.95
1377805682, 53.95
1377805687, 53.95
1377805692, 53.98
1377805697, 53.98
1377805702, 53.95
1377805707, 53.95
1377805712, 53.95
1377805717, 53.95
1377805722, 53.95
1377805727, 53.95
1377805732, 53.95
1377805737, 53.95
1377805742, 53.95
1377805747, 53.95
1377805752, 53.98
1377805757, 53.95
1377805762, 53.95
1377805767, 53.95
1377805772, 53.95
1377805777, 53.95
1377805782, 53.95
1377805787, 53.95
1377805792, 53.95
1377805797, 53.95
1377805802, 53.95
1377805807, 53.95
1377805812, 53.95
1377805817, 53.95
1377805822, 53.95
1377805827, 53.95
1377805832, 53.95
1377805837, 53.95
1377805842, 53.95
1377805847, 53.95
1377805852, 53.95
1377805857, 53.95
1377805862, 53.95
1377805867, 53.95
1377805872, 53.95
1377805877, 53.95
1377805882, 53.95
1377805887, 53.95
1377805892, 53.95
1377805897, 53.95
1377805902, 53.95
1377805907, 53.95
1377805912, 53.95
1377805917, 53.95
1377805922, 53.95
1377805927, 53.95
1377805932, 53.95
1377805937, 53.95
1377805942, 53.95
1377805947, 53.95
1377805952, 53.95
1377805957, 53.95
1377805962, 53.98
1377805967, 53.95
1377805973, 53.95
1377805977, 53.95
1377805982, 53.95
1377805987, 53.95
1377805992, 53.95
1377805997, 53.95
1377806002, 53.95
1377806007, 53.95
1377806012, 53.95
1377806017, 53.95
1377806022, 53.95
1377806027, 53.95
1377806032, 53.95
1377806037, 53.95
1377806042, 53.95
1377806047, 53.95
1377806052, 53.95
1377806057, 53.95
1377806062, 53.95
1377806067, 53.95
1377806072, 53.95
1377806077, 53.95
1377806082, 53.95
1377806087, 53.95
1377806092, 53.95
1377806097, 53.95
1377806102, 53.95
1377806107, 53.95
1377806112, 53.95
1377806117, 53.95
1377806122, 53.95
1377806127, 53.95
1377806132, 53.95
1377806137, 53.92
1377806142, 53.95
1377806147, 53.95
1377806152, 53.95
1377806157, 53.95
1377806162, 53.95
1377806167, 53.95
1377806172, 53.95
1377806177, 53.95
1377806182, 53.95
1377806187, 53.95
1377806192, 53.95
1377806197, 53.95
1377806202, 53.95
1377806207, 53.95
1377806212, 53.95
1377806217, 53.95
1377806222, 53.95
1377806227, 53.92
1377806232, 53.95
1377806237, 53.95
1377806242, 53.95
1377806247, 53.95
1377806252, 53.95
1377806257, 53.95
1377806262, 53.92
1377806267, 53.95
1377806272, 53.95
1377806277, 53.92
1377806282, 53.92
1377806287, 53.92
1377806292, 53.95
1377806297, 53.95
1377806302, 53.95
1377806307, 53.92
1377806312, 53.92
1377806317, 53.95
1377806322, 53.95
1377806327, 53.92
1377806332, 53.92
1377806337, 53.95
1377806342, 53.95
1377806347, 53.95
1377806352, 53.92
1377806357, 53.92
1377806362, 53.92
1377806367, 53.95
1377806372, 53.92
1377806377, 53.92
1377806382, 53.92
1377806387, 53.95
1377806392, 53.92
1377806397, 53.92
1377806402, 53.92
1377806407, 53.95
1377806412, 53.92
1377806417, 53.92
1377806422, 53.92
1377806427, 53.92
1377806432, 53.92
1377806437, 53.95
1377806442, 53.92
1377806447, 53.92
1377806452, 53.95
1377806457, 53.95
1377806462, 53.92
1377806467, 53.95
1377806472, 53.92
1377806477, 53.92
1377806482, 53.95
1377806487, 53.92
1377806492, 53.92
1377806497, 53.92
1377806502, 53.92
1377806507, 53.92
1377806512, 53.92
1377806517, 53.92
1377806522, 53.92
1377806527, 53.92
1377806532, 53.88
1377806537, 53.92
1377806542, 53.92
1377806547, 53.92
1377806552, 53.92
1377806557, 53.92
1377806562, 53.92
1377806567, 53.88
1377806572, 53.88
1377806577, 53.92
1377806582, 53.88
1377806587, 53.88
1377806592, 53.88
1377806597, 53.92
1377806602, 53.92
1377806607, 53.92
1377806612, 53.92
1377806617, 53.88
1377806622, 53.92
1377806627, 53.88
1377806632, 53.88
1377806637, 53.92
1377806642, 53.88
1377806647, 53.88
1377806652, 53.88
1377806657, 53.88
1377806662, 53.88
1377806667, 53.88
1377806672, 53.88
1377806677, 53.88
1377806682, 53.88
1377806687, 53.92
1377806692, 53.92
1377806697, 53.92
1377806702, 53.88
1377806707, 53.88
1377806712, 53.88
1377806717, 53.92
1377806722, 53.88
1377806727, 53.92
1377806732, 53.88
1377806737, 53.88
1377806742, 53.88
1377806747, 53.88
1377806752, 53.88
1377806757, 53.88
1377806762, 53.92
1377806767, 53.88
1377806772, 53.88
1377806777, 53.88
1377806782, 53.88
1377806787, 53.88
1377806792, 53.88
1377806797, 53.88
1377806802, 53.88
1377806807, 53.88
1377806812, 53.88
1377806817, 53.88
1377806822, 53.88
1377806827, 53.88
1377806832, 53.88
1377806837, 53.88
1377806842, 53.88
1377806847, 53.88
1377806852, 53.88
1377806857, 53.88
1377806862, 53.88
1377806867, 53.88
1377806872, 53.88
1377806877, 53.88
1377806882, 53.88
1377806887, 53.88
1377806892, 53.88
1377806897, 53.88
1377806902, 53.88
1377806907, 53.88
1377806912, 53.88
1377806917, 53.85
1377806923, 53.88
1377806927, 53.85
1377806932, 53.85
1377806937, 53.88
1377806942, 53.85
1377806947, 53.88
1377806952, 53.85
1377806957, 53.88
1377806962, 53.85
1377806967, 53.85
1377806972, 53.85
1377806977, 53.88
1377806982, 53.85
1377806987, 53.85
1377806992, 53.85
1377806997, 53.85
1377807002, 53.88
1377807007, 53.85
1377807012, 53.88
1377807017, 53.88
1377807022, 53.88
1377807027, 53.88
1377807032, 53.85
1377807037, 53.85
1377807042, 53.85
1377807047, 53.85
1377807052, 53.85
1377807057, 53.85
1377807062, 53.85
1377807067, 53.85
1377807072, 53.85
1377807077, 53.85
1377807082, 53.85
1377807087, 53.85
1377807092, 53.85
1377807097, 53.85
1377807102, 53.85
1377807107, 53.85
1377807112, 53.82
1377807117, 53.85
1377807122, 53.85
1377807127, 53.85
1377807132, 53.85
1377807137, 53.85
1377807142, 53.85
1377807147, 53.88
1377807152, 53.82
1377807157, 53.82
1377807162, 53.85
1377807167, 53.82
1377807172, 53.85
1377807177, 53.85
1377807182, 53.85
1377807187, 53.85
1377807192, 53.85
1377807197, 53.85
1377807202, 53.85
1377807207, 53.85
1377807212, 53.85
1377807217, 53.82
1377807222, 53.85
1377807227, 53.85
1377807232, 53.82
1377807237, 53.85
1377807242, 53.82
1377807247, 53.82
1377807252, 53.85
1377807257, 53.85
1377807262, 53.82
1377807267, 53.85
1377807272, 53.85
1377807277, 53.82
1377807282, 53.85
1377807287, 53.82
1377807292, 53.82
1377807297, 53.85
1377807302, 53.85
1377807307, 53.85
1377807312, 53.82
1377807317, 53.82
1377807322, 53.85
1377807327, 53.82
1377807332, 53.82
1377807337, 53.82
1377807342, 53.82
1377807347, 53.82
1377807352, 53.82
1377807357, 53.82
1377807362, 53.82
1377807367, 53.82
1377807372, 53.85
1377807377, 53.82
1377807382, 53.82
1377807387, 53.82
1377807392, 53.82
1377807397, 53.85
1377807402, 53.85
1377807407, 53.82
1377807412, 53.82
1377807417, 53.82
1377807422, 53.82
1377807427, 53.82
1377807432, 53.82
1377807437, 53.82
1377807442, 53.82
1377807447, 53.82
1377807452, 53.82
1377807457, 53.82
1377807462, 53.82
1377807467, 53.82
1377807472, 53.85
1377807477, 53.82
1377807482, 53.85
1377807487, 53.82
1377807492, 53.85
1377807497, 53.85
1377807502, 53.82
1377807507, 53.82
1377807512, 53.85
1377807517, 53.85
1377807522, 53.82
1377807527, 53.82
1377807532, 53.82
1377807537, 53.85
1377807542, 53.82
1377807547, 53.82
1377807552, 53.82
1377807557, 53.82
1377807562, 53.85
1377807567, 53.82
1377807572, 53.85
1377807577, 53.82
1377807582, 53.82
1377807587, 53.85
1377807592, 53.85
1377807597, 53.85
1377807602, 53.85
1377807607, 53.82
1377807612, 53.85
1377807617, 53.85
1377807622, 53.82
1377807627, 53.85
1377807632, 53.85
1377807637, 53.85
1377807642, 53.85
1377807647, 53.85
1377807652, 53.85
1377807657, 53.82
1377807662, 53.85
1377807667, 53.82
1377807672, 53.82
1377807677, 53.85
1377807682, 53.85
1377807687, 53.85
1377807692, 53.85
1377807697, 53.85
1377807702, 53.85
1377807707, 53.85
1377807712, 53.85
1377807717, 53.85
1377807722, 53.82
1377807727, 53.85
1377807732, 53.85
1377807737, 53.85
1377807742, 53.85
1377807747, 53.85
1377807752, 53.85
1377807757, 53.85
1377807762, 53.85
1377807767, 53.85
1377807772, 53.82
1377807777, 53.85
1377807782, 53.85
1377807787, 53.85
1377807792, 53.82
1377807797, 53.85
1377807802, 53.85
1377807807, 53.85
1377807812, 53.82
1377807817, 53.82
1377807822, 53.85
1377807827, 53.85
1377807832, 53.82
1377807837, 53.82
1377807842, 53.85
1377807847, 53.82
1377807852, 53.85
1377807857, 53.85
1377807862, 53.85
1377807867, 53.85
1377807872, 53.85
1377807877, 53.85
1377807882, 53.85
1377807887, 53.85
1377807892, 53.82
1377807897, 53.82
1377807902, 53.85
1377807907, 53.82
1377807912, 53.85
1377807917, 53.85
1377807922, 53.85
1377807927, 53.85
1377807932, 53.85
1377807937, 53.82
1377807942, 53.82
1377807947, 53.85
1377807952, 53.85
1377807957, 53.82
1377807962, 53.82
1377807967, 53.82
1377807972, 53.82
1377807977, 53.85
1377807982, 53.82
1377807987, 53.85
1377807992, 53.82
1377807997, 53.82
1377808002, 53.82
1377808007, 53.85
1377808012, 53.82
1377808017, 53.85
1377808022, 53.85
1377808027, 53.82
1377808032, 53.82
1377808037, 53.85
1377808042, 53.82
1377808047, 53.85
1377808052, 53.85
1377808057, 53.85
1377808062, 53.82
1377808067, 53.82
1377808072, 53.82
1377808077, 53.85
1377808082, 53.82
1377808087, 53.82
1377808092, 53.82
1377808097, 53.82
1377808102, 53.85
1377808107, 53.85
1377808112, 53.82
1377808117, 53.82
1377808122, 53.82
1377808127, 53.85
1377808132, 53.82
1377808137, 53.85
1377808142, 53.82
1377808147, 53.85
1377808152, 53.82
1377808157, 53.85
1377808162, 53.82
1377808167, 53.82
1377808172, 53.82
1377808177, 53.85
1377808182, 53.82
1377808187, 53.85
1377808192, 53.82
1377808197, 53.85
1377808202, 53.82
1377808207, 53.85
1377808212, 53.82
1377808217, 53.82
1377808222, 53.82
1377808227, 53.85
1377808232, 53.85
1377808237, 53.85
1377808242, 53.85
1377808247, 53.85
1377808252, 53.85
1377808257, 53.85
1377808262, 53.85
1377808267, 53.85
1377808272, 53.85
1377808277, 53.85
1377808282, 53.85
1377808287, 53.85
1377808292, 53.88
1377808297, 53.85
1377808302, 53.88
1377808307, 53.85
1377808312, 53.85
1377808317, 53.85
1377808322, 53.85
1377808327, 53.88
1377808332, 53.85
1377808337, 53.85
1377808342, 53.85
1377808347, 53.85
1377808352, 53.85
1377808357, 53.85
1377808362, 53.85
1377808367, 53.82
1377808372, 53.85
1377808377, 53.85
1377808382, 53.88
1377808387, 53.85
1377808392, 53.85
1377808397, 53.88
1377808402, 53.85
1377808407, 53.85
1377808412, 53.85
1377808417, 53.85
1377808422, 53.85
1377808427, 53.88
1377808432, 53.88
1377808437, 53.85
1377808442, 53.85
1377808447, 53.88
1377808452, 53.85
1377808457, 53.88
1377808462, 53.88
1377808467, 53.85
1377808472, 53.88
1377808477, 53.85
1377808482, 53.85
1377808487, 53.88
1377808492, 53.85
1377808497, 53.85
1377808502, 53.88
1377808507, 53.85
1377808512, 53.88
1377808517, 53.88
1377808522, 53.88
1377808527, 53.85
1377808532, 53.88
1377808537, 53.85
1377808542, 53.85
1377808547, 53.88
1377808552, 53.85
1377808557, 53.85
1377808562, 53.85
1377808567, 53.85
1377808572, 53.85
1377808577, 53.85
1377808582, 53.85
1377808587, 53.85
1377808592, 53.88
1377808597, 53.85
1377808602, 53.85
1377808607, 53.85
1377808612, 53.88
1377808617, 53.88
1377808622, 53.85
1377808627, 53.88
1377808632, 53.88
1377808637, 53.88
1377808642, 53.88
1377808647, 53.85
1377808652, 53.85
1377808657, 53.88
1377808662, 53.85
1377808667, 53.85
1377808672, 53.85
1377808677, 53.85
1377808682, 53.88
1377808687, 53.88
1377808692, 53.85
1377808697, 53.88
1377808702, 53.88
1377808707, 53.88
1377808712, 53.85
1377808717, 53.88
1377808723, 53.85
1377808727, 53.88
1377808732, 53.88
1377808737, 53.85
1377808742, 53.88
1377808747, 53.88
1377808752, 53.88
1377808757, 53.88
1377808762, 53.85
1377808767, 53.85
1377808772, 53.85
1377808777, 53.85
1377808782, 53.85
1377808787, 53.85
1377808792, 53.85
1377808797, 53.85
1377808802, 53.85
1377808807, 53.88
1377808812, 53.85
1377808817, 53.88
1377808822, 53.85
1377808827, 53.85
1377808832, 53.88
1377808837, 53.88
1377808842, 53.88
1377808847, 53.88
1377808852, 53.88
1377808857, 53.88
1377808862, 53.88
1377808867, 53.88
1377808872, 53.85
1377808877, 53.85
1377808882, 53.88
1377808887, 53.85
1377808892, 53.85
1377808897, 53.85
1377808902, 53.85
1377808907, 53.88
1377808912, 53.85
1377808917, 53.85
1377808922, 53.85
1377808927, 53.85
1377808932, 53.85
1377808937, 53.85
1377808942, 53.85
1377808947, 53.88
1377808952, 53.88
1377808957, 53.85
1377808962, 53.85
1377808967, 53.85
1377808972, 53.85
1377808977, 53.85
1377808982, 53.85
1377808987, 53.85
1377808992, 53.85
1377808997, 53.85
1377809002, 53.85
1377809007, 53.85
1377809012, 53.85
1377809017, 53.85
1377809022, 53.85
1377809027, 53.85
1377809032, 53.85
1377809037, 53.88
1377809042, 53.82
1377809047, 53.88
1377809052, 53.82
1377809057, 53.88
1377809062, 53.85
1377809067, 53.85
1377809072, 53.85
1377809077, 53.85
1377809082, 53.82
1377809087, 53.85
1377809092, 53.85
1377809097, 53.85
1377809102, 53.85
1377809107, 53.85
1377809112, 53.85
1377809117, 53.85
1377809122, 53.85
1377809127, 53.85
1377809132, 53.85
1377809137, 53.85
1377809142, 53.82
1377809147, 53.85
1377809152, 53.82
1377809157, 53.82
1377809162, 53.85
1377809167, 53.85
1377809172, 53.85
1377809177, 53.82
1377809182, 53.85
1377809187, 53.85
1377809192, 53.85
1377809197, 53.85
1377809202, 53.85
1377809207, 53.82
1377809212, 53.85
1377809217, 53.82
1377809222, 53.85
1377809227, 53.85
1377809232, 53.85
1377809237, 53.82
1377809242, 53.82
1377809247, 53.85
1377809252, 53.85
1377809257, 53.85
1377809262, 53.85
1377809267, 53.82
1377809272, 53.82
1377809277, 53.85
1377809282, 53.82
1377809287, 53.82
1377809292, 53.85
1377809297, 53.85
1377809302, 53.82
1377809307, 53.82
1377809312, 53.82
1377809317, 53.82
1377809322, 53.82
1377809327, 53.82
1377809332, 53.82
1377809337, 53.82
1377809342, 53.82
1377809347, 53.82
1377809352, 53.82
1377809357, 53.82
1377809362, 53.82
1377809367, 53.82
1377809372, 53.82
1377809377, 53.82
1377809382, 53.82
1377809387, 53.82
1377809392, 53.82
1377809397, 53.82
1377809402, 53.82
1377809407, 53.85
1377809412, 53.82
1377809417, 53.82
1377809422, 53.82
1377809427, 53.82
1377809432, 53.82
1377809437, 53.82
1377809442, 53.82
1377809447, 53.82
1377809452, 53.82
1377809457, 53.82
1377809462, 53.82
1377809467, 53.82
1377809472, 53.82
1377809477, 53.82
1377809482, 53.82
1377809487, 53.82
1377809492, 53.82
1377809497, 53.82
1377809502, 53.82
1377809507, 53.82
1377809512, 53.82
1377809517, 53.82
1377809522, 53.82
1377809527, 53.82
1377809532, 53.82
1377809537, 53.82
1377809542, 53.82
1377809547, 53.82
1377809552, 53.82
1377809557, 53.82
1377809562, 53.82
1377809567, 53.79
1377809572, 53.82
1377809577, 53.82
1377809582, 53.82
1377809587, 53.82
1377809592, 53.82
1377809597, 53.82
1377809602, 53.82
1377809607, 53.85
1377809612, 53.82
1377809617, 53.82
1377809622, 53.82
1377809627, 53.82
1377809632, 53.82
1377809637, 53.82
1377809642, 53.82
1377809647, 53.82
1377809652, 53.82
1377809657, 53.82
1377809662, 53.82
1377809667, 53.82
1377809672, 53.82
1377809677, 53.85
1377809682, 53.85
1377809687, 53.82
1377809692, 53.82
1377809697, 53.82
1377809702, 53.82
1377809707, 53.82
1377809712, 53.82
1377809717, 53.85
1377809722, 53.82
1377809727, 53.82
1377809732, 53.85
1377809737, 53.85
1377809742, 53.82
1377809747, 53.82
1377809752, 53.85
1377809757, 53.85
1377809762, 53.85
1377809767, 53.82
1377809772, 53.85
1377809777, 53.82
1377809782, 53.85
1377809787, 53.82
1377809792, 53.82
1377809797, 53.85
1377809802, 53.82
1377809807, 53.82
1377809812, 53.85
1377809817, 53.82
1377809822, 53.85
1377809827, 53.82
1377809832, 53.85
1377809837, 53.85
1377809842, 53.85
1377809847, 53.85
1377809852, 53.85
1377809857, 53.85
1377809862, 53.85
1377809867, 53.85
1377809872, 53.85
1377809877, 53.85
1377809882, 53.85
1377809887, 53.82
1377809892, 53.82
1377809897, 53.85
1377809902, 53.85
1377809907, 53.85
1377809912, 53.82
1377809917, 53.85
1377809922, 53.85
1377809927, 53.88
1377809932, 53.88
1377809937, 53.85
1377809942, 53.85
1377809947, 53.85
1377809952, 53.88
1377809957, 53.85
1377809962, 53.85
1377809967, 53.82
1377809972, 53.85
1377809977, 53.85
1377809982, 53.85
1377809987, 53.85
1377809992, 53.85
1377809997, 53.85
1377810002, 53.85
1377810007, 53.85
1377810012, 53.85
1377810017, 53.85
1377810022, 53.85
1377810027, 53.85
1377810032, 53.85
1377810037, 53.85
1377810042, 53.85
1377810047, 53.85
1377810052, 53.85
1377810057, 53.85
1377810062, 53.85
1377810067, 53.85
1377810072, 53.85
1377810077, 53.85
1377810082, 53.88
1377810087, 53.85
1377810092, 53.85
1377810097, 53.88
1377810102, 53.85
1377810107, 53.85
1377810112, 53.85
1377810117, 53.85
1377810122, 53.82
1377810127, 53.85
1377810132, 53.85
1377810137, 53.85
1377810142, 53.85
1377810147, 53.85
1377810152, 53.85
1377810157, 53.85
1377810162, 53.85
1377810167, 53.85
1377810172, 53.85
1377810177, 53.85
1377810182, 53.85
1377810187, 53.85
1377810192, 53.85
1377810197, 53.85
1377810202, 53.88
1377810207, 53.85
1377810212, 53.85
1377810217, 53.85
1377810222, 53.85
1377810227, 53.85
1377810232, 53.85
1377810237, 53.85
1377810242, 53.88
1377810247, 53.88
1377810252, 53.85
1377810257, 53.85
1377810262, 53.85
1377810267, 53.85
1377810272, 53.85
1377810277, 53.85
1377810282, 53.85
1377810287, 53.85
1377810292, 53.85
1377810297, 53.85
1377810302, 53.85
1377810307, 53.85
1377810312, 53.85
1377810317, 53.85
1377810322, 53.85
1377810327, 53.82
1377810332, 53.85
1377810337, 53.85
1377810342, 53.82
1377810347, 53.85
1377810352, 53.82
1377810357, 53.85
1377810362, 53.85
1377810367, 53.82
1377810372, 53.85
1377810377, 53.85
1377810382, 53.85
1377810387, 53.85
1377810392, 53.82
1377810397, 53.82
1377810402, 53.82
1377810407, 53.85
1377810412, 53.85
1377810417, 53.85
1377810422, 53.82
1377810427, 53.82
1377810432, 53.85
1377810437, 53.85
1377810442, 53.82
1377810447, 53.82
1377810452, 53.85
1377810457, 53.85
1377810462, 53.82
1377810467, 53.82
1377810472, 53.82
1377810477, 53.85
1377810482, 53.82
1377810487, 53.82
1377810492, 53.82
1377810497, 53.82
1377810502, 53.82
1377810507, 53.82
1377810512, 53.82
1377810517, 53.82
1377810522, 53.85
1377810527, 53.82
1377810532, 53.82
1377810537, 53.82
1377810542, 53.82
1377810547, 53.82
1377810552, 53.82
1377810557, 53.82
1377810562, 53.82
1377810567, 53.82
1377810572, 53.82
1377810577, 53.82
1377810582, 53.85
1377810587, 53.82
1377810592, 53.82
1377810597, 53.82
1377810602, 53.82
1377810607, 53.82
1377810612, 53.82
1377810617, 53.82
1377810622, 53.82
1377810627, 53.82
1377810632, 53.82
1377810637, 53.82
1377810642, 53.79
1377810647, 53.82
1377810652, 53.82
1377810657, 53.82
1377810662, 53.82
1377810667, 53.79
1377810672, 53.82
1377810677, 53.79
1377810682, 53.82
1377810687, 53.82
1377810695, 53.82
1377810697, 53.82
1377810702, 53.82
1377810707, 53.82
1377810712, 53.82
1377810717, 53.79
1377810722, 53.82
1377810727, 53.79
1377810732, 53.79
1377810737, 53.79
1377810742, 53.79
1377810747, 53.82
1377810752, 53.82
1377810757, 53.82
1377810762, 53.79
1377810767, 53.82
1377810772, 53.79
1377810777, 53.82
1377810782, 53.79
1377810787, 53.82
1377810792, 53.79
1377810797, 53.79
1377810802, 53.82
1377810807, 53.79
1377810812, 53.82
1377810817, 53.82
1377810822, 53.79
1377810827, 53.79
1377810832, 53.79
1377810837, 53.79
1377810842, 53.79
1377810847, 53.79
1377810852, 53.79
1377810857, 53.79
1377810862, 53.79
1377810867, 53.79
1377810872, 53.79
1377810877, 53.79
1377810882, 53.76
1377810887, 53.79
1377810892, 53.79
1377810897, 53.76
1377810902, 53.79
1377810907, 53.76
1377810912, 53.79
1377810917, 53.76
1377810922, 53.79
1377810927, 53.76
1377810932, 53.76
1377810937, 53.79
1377810942, 53.76
1377810947, 53.76
1377810952, 53.79
1377810957, 53.76
1377810962, 53.76
1377810967, 53.79
1377810972, 53.76
1377810977, 53.76
1377810982, 53.76
1377810987, 53.76
1377810992, 53.76
1377810997, 53.76
1377811002, 53.76
1377811007, 53.76
1377811012, 53.76
1377811017, 53.76
1377811022, 53.76
1377811027, 53.76
1377811032, 53.76
1377811037, 53.76
1377811042, 53.76
1377811047, 53.76
1377811052, 53.76
1377811057, 53.76
1377811062, 53.76
1377811067, 53.76
1377811072, 53.76
1377811077, 53.76
1377811082, 53.76
1377811087, 53.76
1377811092, 53.73
1377811097, 53.76
1377811102, 53.76
1377811107, 53.76
1377811112, 53.76
1377811117, 53.76
1377811122, 53.76
1377811127, 53.76
1377811132, 53.73
1377811137, 53.73
1377811142, 53.76
1377811147, 53.76
1377811152, 53.73
1377811157, 53.73
1377811162, 53.73
1377811167, 53.73
1377811172, 53.73
1377811177, 53.73
1377811182, 53.73
1377811187, 53.73
1377811192, 53.73
1377811197, 53.70
1377811202, 53.76
1377811207, 53.73
1377811212, 53.73
1377811217, 53.73
1377811222, 53.73
1377811227, 53.73
1377811232, 53.70
1377811237, 53.73
1377811242, 53.70
1377811247, 53.70
1377811252, 53.70
1377811257, 53.73
1377811262, 53.70
1377811267, 53.70
1377811272, 53.70
1377811277, 53.73
1377811282, 53.70
1377811287, 53.70
1377811292, 53.70
1377811297, 53.70
1377811302, 53.70
1377811307, 53.70
1377811312, 53.70
1377811317, 53.70
1377811322, 53.70
1377811327, 53.70
1377811332, 53.70
1377811337, 53.70
1377811342, 53.70
1377811347, 53.70
1377811352, 53.70
1377811357, 53.70
1377811362, 53.70
1377811367, 53.70
1377811372, 53.70
1377811377, 53.70
1377811382, 53.70
1377811387, 53.70
1377811392, 53.70
1377811397, 53.70
1377811402, 53.70
1377811407, 53.66
1377811412, 53.70
1377811417, 53.70
1377811422, 53.70
1377811427, 53.66
1377811432, 53.70
1377811437, 53.66
1377811442, 53.70
1377811447, 53.70
1377811453, 53.70
1377811457, 53.70
1377811462, 53.66
1377811467, 53.70
1377811472, 53.66
1377811477, 53.66
1377811482, 53.66
1377811487, 53.70
1377811492, 53.70
1377811497, 53.70
1377811502, 53.66
1377811507, 53.70
1377811512, 53.70
1377811517, 53.70
1377811522, 53.66
1377811527, 53.70
1377811532, 53.70
1377811537, 53.70
1377811542, 53.70
1377811547, 53.70
1377811552, 53.70
1377811557, 53.70
1377811562, 53.70
1377811567, 53.66
1377811572, 53.70
1377811577, 53.70
1377811582, 53.70
1377811587, 53.70
1377811592, 53.70
1377811597, 53.66
1377811602, 53.70
1377811607, 53.70
1377811612, 53.70
1377811617, 53.70
1377811622, 53.70
1377811627, 53.70
1377811632, 53.70
1377811637, 53.66
1377811642, 53.70
1377811647, 53.70
1377811652, 53.70
1377811657, 53.70
1377811662, 53.66
1377811667, 53.66
1377811672, 53.66
1377811677, 53.70
1377811682, 53.70
1377811687, 53.70
1377811692, 53.70
1377811697, 53.70
1377811702, 53.66
1377811707, 53.66
1377811712, 53.70
1377811717, 53.66
1377811722, 53.66
1377811727, 53.70
1377811732, 53.70
1377811737, 53.70
1377811742, 53.70
1377811747, 53.70
1377811752, 53.70
1377811757, 53.70
1377811762, 53.70
1377811767, 53.70
1377811772, 53.70
1377811777, 53.70
1377811782, 53.70
1377811787, 53.70
1377811792, 53.73
1377811797, 53.70
1377811802, 53.70
1377811807, 53.70
1377811812, 53.70
1377811817, 53.70
1377811822, 53.70
1377811827, 53.70
1377811832, 53.70
1377811837, 53.70
1377811842, 53.70
1377811847, 53.70
1377811852, 53.70
1377811857, 53.70
1377811862, 53.70
1377811867, 53.70
1377811872, 53.70
1377811877, 53.70
1377811882, 53.70
1377811887, 53.70
1377811892, 53.70
1377811897, 53.73
1377811902, 53.70
1377811907, 53.70
1377811912, 53.70
1377811917, 53.70
1377811922, 53.70
1377811927, 53.70
1377811932, 53.70
1377811937, 53.70
1377811942, 53.70
1377811947, 53.70
1377811952, 53.70
1377811957, 53.73
1377811962, 53.70
1377811967, 53.70
1377811972, 53.70
1377811977, 53.70
1377811982, 53.70
1377811987, 53.70
1377811992, 53.70
1377811997, 53.73
1377812002, 53.70
1377812007, 53.73
1377812012, 53.70
1377812017, 53.70
1377812022, 53.73
1377812027, 53.70
1377812032, 53.73
1377812037, 53.70
1377812042, 53.70
1377812047, 53.70
1377812052, 53.70
1377812057, 53.70
1377812062, 53.73
1377812067, 53.73
1377812072, 53.73
1377812077, 53.73
1377812082, 53.70
1377812087, 53.73
1377812092, 53.73
1377812097, 53.73
1377812102, 53.73
1377812107, 53.73
1377812112, 53.70
1377812117, 53.70
1377812122, 53.70
1377812127, 53.73
1377812132, 53.70
1377812137, 53.73
1377812142, 53.73
1377812147, 53.73
1377812152, 53.73
1377812157, 53.73
1377812162, 53.73
1377812167, 53.73
1377812172, 53.73
1377812177, 53.73
1377812182, 53.70
1377812187, 53.73
1377812192, 53.73
1377812197, 53.73
1377812202, 53.73
1377812207, 53.70
1377812212, 53.73
1377812217, 53.73
1377812222, 53.73
1377812227, 53.73
1377812232, 53.73
1377812237, 53.76
1377812242, 53.73
1377812247, 53.70
1377812252, 53.76
1377812257, 53.73
1377812262, 53.73
1377812267, 53.73
1377812272, 53.73
1377812277, 53.73
1377812282, 53.73
1377812287, 53.73
1377812292, 53.73
1377812297, 53.73
1377812302, 53.73
1377812307, 53.73
1377812312, 53.73
1377812317, 53.73
1377812322, 53.73
1377812327, 53.73
1377812332, 53.73
1377812337, 53.73
1377812342, 53.76
1377812347, 53.76
1377812352, 53.73
1377812357, 53.76
1377812362, 53.73
1377812367, 53.76
1377812372, 53.73
1377812377, 53.73
1377812382, 53.76
1377812387, 53.73
1377812392, 53.76
1377812397, 53.73
1377812402, 53.73
1377812407, 53.73
1377812412, 53.76
1377812417, 53.76
1377812422, 53.73
1377812427, 53.73
1377812432, 53.73
1377812437, 53.73
1377812442, 53.73
1377812447, 53.76
1377812452, 53.73
1377812457, 53.76
1377812462, 53.73
1377812467, 53.73
1377812472, 53.73
1377812477, 53.73
1377812482, 53.73
1377812487, 53.76
1377812492, 53.73
1377812497, 53.73
1377812502, 53.73
1377812507, 53.73
1377812512, 53.73
1377812517, 53.73
1377812522, 53.76
1377812527, 53.73
1377812532, 53.73
1377812537, 53.73
1377812542, 53.73
1377812547, 53.73
1377812552, 53.73
1377812557, 53.73
1377812562, 53.73
1377812567, 53.73
1377812572, 53.73
1377812577, 53.73
1377812582, 53.73
1377812587, 53.73
1377812592, 53.73
1377812597, 53.73
1377812602, 53.73
1377812607, 53.73
1377812612, 53.73
1377812617, 53.73
1377812622, 53.73
1377812627, 53.73
1377812632, 53.73
1377812637, 53.73
1377812642, 53.73
1377812647, 53.73
1377812652, 53.73
1377812657, 53.73
1377812662, 53.73
1377812667, 53.73
1377812672, 53.73
1377812678, 53.73
1377812683, 53.73
1377812687, 53.70
1377812692, 53.70
1377812697, 53.73
1377812702, 53.70
1377812707, 53.73
1377812712, 53.70
1377812717, 53.73
1377812722, 53.73
1377812727, 53.70
1377812732, 53.70
1377812737, 53.70
1377812742, 53.70
1377812747, 53.70
1377812752, 53.70
1377812757, 53.70
1377812762, 53.70
1377812767, 53.70
1377812772, 53.73
1377812777, 53.70
1377812782, 53.70
1377812787, 53.70
1377812792, 53.70
1377812797, 53.70
1377812802, 53.70
1377812807, 53.70
1377812812, 53.73
1377812817, 53.70
1377812822, 53.70
1377812827, 53.70
1377812832, 53.70
1377812837, 53.70
1377812842, 53.70
1377812847, 53.70
1377812852, 53.70
1377812857, 53.70
1377812862, 53.70
1377812867, 53.73
1377812872, 53.70
1377812877, 53.70
1377812882, 53.70
1377812887, 53.70
1377812892, 53.70
1377812897, 53.70
1377812902, 53.70
1377812907, 53.70
1377812912, 53.70
1377812917, 53.66
1377812922, 53.70
1377812927, 53.70
1377812932, 53.70
1377812937, 53.70
1377812942, 53.70
1377812947, 53.70
1377812952, 53.70
1377812957, 53.70
1377812962, 53.70
1377812967, 53.70
1377812972, 53.70
1377812977, 53.70
1377812982, 53.70
1377812987, 53.70
1377812992, 53.70
1377812997, 53.70
1377813002, 53.70
1377813007, 53.70
1377813012, 53.70
1377813017, 53.70
1377813022, 53.70
1377813027, 53.70
1377813032, 53.70
1377813037, 53.70
1377813042, 53.70
1377813047, 53.70
1377813052, 53.70
1377813057, 53.70
1377813062, 53.70
1377813067, 53.70
1377813072, 53.70
1377813077, 53.70
1377813082, 53.70
1377813087, 53.70
1377813092, 53.66
1377813097, 53.70
1377813102, 53.70
1377813107, 53.70
1377813112, 53.70
1377813117, 53.66
1377813122, 53.70
1377813127, 53.66
1377813132, 53.66
1377813137, 53.70
1377813142, 53.66
1377813147, 53.70
1377813152, 53.66
1377813157, 53.66
1377813162, 53.70
1377813167, 53.70
1377813172, 53.70
1377813177, 53.70
1377813182, 53.70
1377813187, 53.70
1377813192, 53.70
1377813197, 53.66
1377813202, 53.66
1377813207, 53.70
1377813212, 53.70
1377813217, 53.70
1377813222, 53.66
1377813227, 53.66
1377813232, 53.66
1377813237, 53.66
1377813242, 53.66
1377813247, 53.70
1377813252, 53.66
1377813257, 53.66
1377813262, 53.66
1377813267, 53.66
1377813272, 53.66
1377813277, 53.66
1377813282, 53.66
1377813287, 53.66
1377813292, 53.70
1377813297, 53.70
1377813302, 53.70
1377813307, 53.70
1377813312, 53.70
1377813317, 53.70
1377813322, 53.66
1377813327, 53.70
1377813332, 53.66
1377813337, 53.66
1377813342, 53.66
1377813347, 53.66
1377813352, 53.66
1377813357, 53.66
1377813362, 53.70
1377813367, 53.70
1377813372, 53.66
1377813377, 53.66
1377813382, 53.66
1377813387, 53.66
1377813392, 53.66
1377813397, 53.66
1377813402, 53.70
1377813407, 53.66
1377813412, 53.66
1377813417, 53.63
1377813422, 53.66
1377813427, 53.66
1377813432, 53.63
1377813437, 53.63
1377813442, 53.66
1377813447, 53.63
1377813452, 53.70
1377813457, 53.66
1377813462, 53.66
1377813467, 53.63
1377813472, 53.66
1377813477, 53.66
1377813482, 53.66
1377813487, 53.66
1377813492, 53.66
1377813497, 53.66
1377813502, 53.63
1377813507, 53.66
1377813512, 53.66
1377813517, 53.66
1377813522, 53.66
1377813527, 53.63
1377813532, 53.66
1377813537, 53.66
1377813542, 53.66
1377813547, 53.66
1377813552, 53.66
1377813557, 53.63
1377813562, 53.66
1377813567, 53.66
1377813572, 53.66
1377813577, 53.66
1377813582, 53.63
1377813587, 53.66
1377813592, 53.63
1377813597, 53.63
1377813602, 53.63
1377813607, 53.66
1377813612, 53.63
1377813617, 53.66
1377813622, 53.63
1377813627, 53.66
1377813632, 53.66
1377813637, 53.66
1377813642, 53.66
1377813647, 53.63
1377813652, 53.66
1377813657, 53.63
1377813662, 53.63
1377813667, 53.63
1377813672, 53.66
1377813677, 53.66
1377813682, 53.63
1377813687, 53.63
1377813692, 53.63
1377813697, 53.66
1377813702, 53.63
1377813707, 53.63
1377813712, 53.63
1377813717, 53.63
1377813722, 53.63
1377813727, 53.63
1377813732, 53.66
1377813737, 53.63
1377813742, 53.63
1377813747, 53.63
1377813752, 53.63
1377813757, 53.63
1377813762, 53.63
1377813767, 53.63
1377813772, 53.63
1377813777, 53.63
1377813782, 53.63
1377813787, 53.63
1377813792, 53.63
1377813797, 53.63
1377813802, 53.63
1377813807, 53.63
1377813812, 53.63
1377813817, 53.63
1377813822, 53.63
1377813827, 53.63
1377813832, 53.63
1377813837, 53.63
1377813842, 53.63
1377813847, 53.63
1377813852, 53.63
1377813857, 53.63
1377813862, 53.63
1377813867, 53.63
1377813872, 53.63
1377813877, 53.63
1377813882, 53.63
1377813887, 53.63
1377813892, 53.63
1377813897, 53.63
1377813902, 53.63
1377813907, 53.63
1377813912, 53.63
1377813917, 53.63
1377813922, 53.63
1377813927, 53.63
1377813932, 53.63
1377813937, 53.63
1377813942, 53.63
1377813947, 53.63
1377813952, 53.66
1377813957, 53.63
1377813962, 53.63
1377813967, 53.63
1377813972, 53.63
1377813977, 53.63
1377813982, 53.63
1377813987, 53.63
1377813992, 53.63
1377813997, 53.63
1377814002, 53.63
1377814007, 53.63
1377814012, 53.63
1377814017, 53.63
1377814022, 53.63
1377814027, 53.63
1377814032, 53.63
1377814037, 53.63
1377814042, 53.63
1377814047, 53.63
1377814052, 53.63
1377814057, 53.63
1377814062, 53.63
1377814067, 53.63
1377814072, 53.66
1377814077, 53.63
1377814082, 53.63
1377814087, 53.63
1377814092, 53.63
1377814097, 53.63
1377814102, 53.66
1377814107, 53.63
1377814112, 53.63
1377814117, 53.63
1377814122, 53.63
1377814127, 53.63
1377814132, 53.63
1377814137, 53.63
1377814142, 53.63
1377814147, 53.63
1377814152, 53.63
1377814157, 53.63
1377814162, 53.63
1377814167, 53.63
1377814172, 53.63
1377814177, 53.63
1377814182, 53.63
1377814187, 53.63
1377814192, 53.63
1377814197, 53.63
1377814202, 53.63
1377814207, 53.66
1377814212, 53.63
1377814217, 53.63
1377814222, 53.63
1377814227, 53.63
1377814232, 53.63
1377814237, 53.63
1377814242, 53.63
1377814247, 53.63
1377814252, 53.63
1377814257, 53.63
1377814262, 53.63
1377814267, 53.63
1377814272, 53.63
1377814277, 53.63
1377814282, 53.63
1377814287, 53.63
1377814292, 53.63
1377814297, 53.63
1377814302, 53.66
1377814307, 53.63
1377814312, 53.63
1377814317, 53.63
1377814322, 53.63
1377814327, 53.63
1377814332, 53.63
1377814337, 53.63
1377814342, 53.66
1377814347, 53.63
1377814352, 53.63
1377814357, 53.63
1377814362, 53.63
1377814367, 53.63
1377814372, 53.63
1377814377, 53.63
1377814382, 53.63
1377814387, 53.63
1377814392, 53.63
1377814397, 53.63
1377814402, 53.63
1377814407, 53.63
1377814412, 53.63
1377814417, 53.66
1377814422, 53.63
1377814427, 53.63
1377814432, 53.63
1377814437, 53.63
1377814443, 53.63
1377814447, 53.63
1377814452, 53.63
1377814457, 53.63
1377814462, 53.63
1377814467, 53.63
1377814472, 53.63
1377814477, 53.63
1377814482, 53.63
1377814487, 53.63
1377814492, 53.63
1377814497, 53.63
1377814502, 53.63
1377814507, 53.63
1377814512, 53.63
1377814517, 53.63
1377814522, 53.63
1377814527, 53.63
1377814532, 53.63
1377814537, 53.63
1377814542, 53.63
1377814547, 53.63
1377814552, 53.63
1377814557, 53.63
1377814562, 53.63
1377814567, 53.63
1377814572, 53.63
1377814577, 53.63
1377814582, 53.63
1377814587, 53.63
1377814592, 53.63
1377814597, 53.63
1377814602, 53.63
1377814607, 53.63
1377814612, 53.63
1377814617, 53.63
1377814622, 53.63
1377814627, 53.63
1377814632, 53.63
1377814637, 53.63
1377814642, 53.63
1377814647, 53.63
1377814652, 53.63
1377814657, 53.63
1377814662, 53.63
1377814667, 53.63
1377814672, 53.63
1377814677, 53.63
1377814682, 53.63
1377814687, 53.63
1377814692, 53.63
1377814697, 53.63
1377814702, 53.63
1377814707, 53.63
1377814712, 53.63
1377814717, 53.63
1377814722, 53.63
1377814727, 53.63
1377814732, 53.63
1377814737, 53.63
1377814742, 53.60
1377814747, 53.63
1377814752, 53.63
1377814757, 53.63
1377814762, 53.63
1377814767, 53.60
1377814772, 53.63
1377814777, 53.60
1377814782, 53.63
1377814787, 53.60
1377814792, 53.63
1377814797, 53.60
1377814802, 53.60
1377814807, 53.60
1377814812, 53.63
1377814817, 53.60
1377814822, 53.60
1377814827, 53.60
1377814832, 53.60
1377814837, 53.60
1377814842, 53.60
1377814847, 53.60
1377814852, 53.60
1377814857, 53.60
1377814862, 53.60
1377814867, 53.60
1377814872, 53.60
1377814877, 53.60
1377814882, 53.60
1377814887, 53.60
1377814892, 53.60
1377814897, 53.63
1377814902, 53.57
1377814907, 53.60
1377814912, 53.60
1377814917, 53.57
1377814922, 53.60
1377814927, 53.60
1377814932, 53.60
1377814937, 53.60
1377814942, 53.60
1377814947, 53.57
1377814952, 53.60
1377814957, 53.60
1377814962, 53.57
1377814967, 53.60
1377814972, 53.57
1377814977, 53.60
1377814982, 53.60
1377814987, 53.57
1377814992, 53.57
1377814997, 53.57
1377815002, 53.57
1377815007, 53.60
1377815012, 53.57
1377815017, 53.60
1377815022, 53.57
1377815027, 53.57
1377815032, 53.57
1377815037, 53.57
1377815042, 53.60
1377815047, 53.57
1377815052, 53.57
1377815057, 53.57
1377815062, 53.57
1377815067, 53.57
1377815072, 53.57
1377815077, 53.57
1377815082, 53.57
1377815087, 53.57
1377815092, 53.57
1377815097, 53.57
1377815102, 53.57
1377815107, 53.57
1377815112, 53.57
1377815117, 53.57
1377815122, 53.57
1377815127, 53.57
1377815132, 53.57
1377815137, 53.57
1377815142, 53.57
1377815147, 53.57
1377815152, 53.57
1377815157, 53.57
1377815162, 53.57
1377815167, 53.57
1377815173, 53.57
1377815177, 53.54
1377815182, 53.54
1377815187, 53.54
1377815192, 53.57
1377815197, 53.57
1377815202, 53.57
1377815207, 53.54
1377815212, 53.54
1377815217, 53.57
1377815222, 53.54
1377815227, 53.57
1377815232, 53.57
1377815237, 53.57
1377815242, 53.54
1377815247, 53.54
1377815252, 53.54
1377815257, 53.54
1377815262, 53.54
1377815267, 53.57
1377815272, 53.54
1377815277, 53.54
1377815282, 53.54
1377815287, 53.51
1377815292, 53.54
1377815297, 53.54
1377815302, 53.54
1377815307, 53.54
1377815312, 53.54
1377815317, 53.54
1377815322, 53.57
1377815327, 53.54
1377815332, 53.54
1377815337, 53.54
1377815342, 53.54
1377815347, 53.51
1377815352, 53.51
1377815357, 53.54
1377815362, 53.54
1377815367, 53.54
1377815372, 53.54
1377815377, 53.54
1377815382, 53.54
1377815387, 53.54
1377815392, 53.54
1377815397, 53.54
1377815402, 53.54
1377815407, 53.54
1377815412, 53.54
1377815417, 53.51
1377815422, 53.54
1377815427, 53.51
1377815432, 53.54
1377815437, 53.51
1377815442, 53.54
1377815447, 53.54
1377815452, 53.54
1377815457, 53.54
1377815462, 53.54
1377815467, 53.54
1377815472, 53.54
1377815477, 53.54
1377815482, 53.51
1377815487, 53.54
1377815492, 53.54
1377815497, 53.54
1377815502, 53.54
1377815507, 53.54
1377815512, 53.54
1377815517, 53.54
1377815522, 53.54
1377815527, 53.54
1377815532, 53.54
1377815537, 53.51
1377815542, 53.54
1377815547, 53.54
1377815552, 53.51
1377815557, 53.54
1377815562, 53.51
1377815567, 53.54
1377815572, 53.54
1377815577, 53.54
1377815582, 53.54
1377815587, 53.54
1377815592, 53.54
1377815597, 53.54
1377815602, 53.54
1377815607, 53.51
1377815612, 53.54
1377815617, 53.54
1377815622, 53.54
1377815627, 53.54
1377815632, 53.54
1377815637, 53.54
1377815642, 53.54
1377815647, 53.54
1377815652, 53.54
1377815657, 53.51
1377815662, 53.54
1377815667, 53.54
1377815672, 53.54
1377815677, 53.54
1377815682, 53.54
1377815687, 53.54
1377815692, 53.54
1377815697, 53.54
1377815702, 53.51
1377815707, 53.54
1377815712, 53.54
1377815717, 53.54
1377815722, 53.54
1377815727, 53.54
1377815732, 53.54
1377815737, 53.54
1377815742, 53.57
1377815747, 53.54
1377815752, 53.51
1377815757, 53.54
1377815762, 53.54
1377815767, 53.54
1377815772, 53.54
1377815777, 53.54
1377815782, 53.54
1377815787, 53.54
1377815792, 53.54
1377815797, 53.54
1377815802, 53.54
1377815807, 53.54
1377815812, 53.57
1377815817, 53.54
1377815822, 53.54
1377815827, 53.57
1377815832, 53.54
1377815837, 53.54
1377815842, 53.51
1377815847, 53.54
1377815852, 53.54
1377815857, 53.54
1377815862, 53.54
1377815867, 53.54
1377815872, 53.54
1377815877, 53.57
1377815882, 53.57
1377815887, 53.54
1377815892, 53.54
1377815897, 53.54
1377815902, 53.54
1377815907, 53.57
1377815912, 53.54
1377815917, 53.54
1377815922, 53.54
1377815927, 53.54
1377815932, 53.57
1377815937, 53.54
1377815942, 53.54
1377815947, 53.54
1377815952, 53.54
1377815957, 53.54
1377815962, 53.54
1377815967, 53.54
1377815972, 53.57
1377815977, 53.54
1377815982, 53.54
1377815987, 53.54
1377815992, 53.54
1377815997, 53.57
1377816002, 53.54
1377816007, 53.57
1377816012, 53.57
1377816017, 53.54
1377816022, 53.54
1377816027, 53.57
1377816032, 53.54
1377816037, 53.57
1377816042, 53.57
1377816047, 53.57
1377816052, 53.54
1377816057, 53.57
1377816062, 53.54
1377816067, 53.57
1377816072, 53.57
1377816077, 53.57
1377816082, 53.57
1377816087, 53.54
1377816092, 53.54
1377816097, 53.54
1377816102, 53.54
1377816107, 53.57
1377816112, 53.57
1377816117, 53.57
1377816122, 53.54
1377816127, 53.54
1377816132, 53.54
1377816137, 53.57
1377816142, 53.57
1377816147, 53.54
1377816152, 53.57
1377816157, 53.57
1377816162, 53.54
1377816167, 53.57
1377816172, 53.57
1377816177, 53.57
1377816182, 53.54
1377816187, 53.57
1377816192, 53.57
1377816197, 53.57
1377816202, 53.57
1377816207, 53.57
1377816212, 53.54
1377816217, 53.57
1377816222, 53.57
1377816227, 53.57
1377816232, 53.54
1377816237, 53.57
1377816242, 53.54
1377816247, 53.57
1377816252, 53.57
1377816257, 53.54
1377816262, 53.57
1377816267, 53.54
1377816272, 53.57
1377816277, 53.57
1377816282, 53.57
1377816287, 53.57
1377816292, 53.54
1377816297, 53.54
1377816302, 53.57
1377816307, 53.57
1377816312, 53.57
1377816317, 53.57
1377816322, 53.57
1377816327, 53.54
1377816332, 53.57
1377816337, 53.54
1377816342, 53.57
1377816347, 53.57
1377816352, 53.57
1377816357, 53.54
1377816362, 53.54
1377816367, 53.54
1377816372, 53.57
1377816377, 53.57
1377816382, 53.57
1377816387, 53.54
1377816392, 53.57
1377816397, 53.54
1377816402, 53.57
1377816407, 53.54
1377816412, 53.57
1377816417, 53.57
1377816422, 53.57
1377816427, 53.54
1377816432, 53.57
1377816437, 53.57
1377816442, 53.57
1377816447, 53.57
1377816452, 53.57
1377816457, 53.54
1377816462, 53.57
1377816467, 53.57
1377816472, 53.57
1377816477, 53.54
1377816482, 53.57
1377816487, 53.57
1377816492, 53.54
1377816497, 53.57
1377816502, 53.57
1377816507, 53.57
1377816512, 53.54
1377816517, 53.57
1377816522, 53.57
1377816527, 53.57
1377816532, 53.57
1377816537, 53.57
1377816542, 53.57
1377816547, 53.57
1377816552, 53.57
1377816557, 53.57
1377816562, 53.57
1377816567, 53.57
1377816572, 53.57
1377816577, 53.57
1377816582, 53.57
1377816587, 53.57
1377816592, 53.57
1377816597, 53.57
1377816602, 53.57
1377816607, 53.57
1377816612, 53.57
1377816617, 53.54
1377816622, 53.57
1377816627, 53.57
1377816632, 53.54
1377816637, 53.57
1377816642, 53.57
1377816647, 53.57
1377816652, 53.57
1377816657, 53.54
1377816662, 53.54
1377816667, 53.57
1377816672, 53.57
1377816677, 53.57
1377816682, 53.57
1377816687, 53.57
1377816692, 53.57
1377816697, 53.57
1377816702, 53.54
1377816707, 53.57
1377816712, 53.57
1377816717, 53.57
1377816722, 53.54
1377816727, 53.54
1377816732, 53.54
1377816737, 53.54
1377816742, 53.54
1377816747, 53.57
1377816752, 53.54
1377816757, 53.57
1377816762, 53.54
1377816767, 53.57
1377816772, 53.54
1377816777, 53.57
1377816782, 53.57
1377816787, 53.57
1377816792, 53.54
1377816797, 53.57
1377816802, 53.54
1377816807, 53.57
1377816812, 53.54
1377816817, 53.54
1377816822, 53.54
1377816827, 53.54
1377816832, 53.54
1377816837, 53.54
1377816842, 53.54
1377816847, 53.57
1377816852, 53.54
1377816857, 53.54
1377816862, 53.54
1377816867, 53.54
1377816872, 53.54
1377816877, 53.54
1377816882, 53.54
1377816887, 53.57
1377816892, 53.54
1377816897, 53.54
1377816902, 53.54
1377816907, 53.51
1377816912, 53.54
1377816917, 53.51
1377816922, 53.54
1377816927, 53.54
1377816932, 53.54
1377816937, 53.54
1377816942, 53.54
1377816947, 53.54
1377816952, 53.54
1377816957, 53.54
1377816962, 53.51
1377816967, 53.54
1377816972, 53.54
1377816977, 53.54
1377816982, 53.51
1377816987, 53.54
1377816992, 53.54
1377816997, 53.54
1377817002, 53.54
1377817007, 53.54
1377817012, 53.51
1377817017, 53.51
1377817022, 53.54
1377817027, 53.54
1377817032, 53.51
1377817037, 53.54
1377817042, 53.51
1377817047, 53.54
1377817052, 53.54
1377817057, 53.54
1377817062, 53.54
1377817067, 53.51
1377817072, 53.51
1377817077, 53.54
1377817082, 53.51
1377817087, 53.51
1377817092, 53.51
1377817097, 53.51
1377817102, 53.54
1377817107, 53.51
1377817112, 53.54
1377817117, 53.51
1377817122, 53.54
1377817127, 53.54
1377817132, 53.51
1377817137, 53.54
1377817142, 53.51
1377817147, 53.51
1377817152, 53.51
1377817157, 53.51
1377817162, 53.51
1377817167, 53.51
1377817172, 53.51
1377817177, 53.51
1377817182, 53.51
1377817187, 53.51
1377817192, 53.51
1377817197, 53.51
1377817202, 53.51
1377817207, 53.51
1377817212, 53.51
1377817217, 53.51
1377817222, 53.51
1377817227, 53.51
1377817232, 53.51
1377817237, 53.51
1377817242, 53.51
1377817247, 53.51
1377817252, 53.51
1377817257, 53.51
1377817262, 53.51
1377817267, 53.51
1377817272, 53.51
1377817277, 53.51
1377817282, 53.51
1377817287, 53.51
1377817292, 53.51
1377817297, 53.51
1377817302, 53.51
1377817307, 53.51
1377817312, 53.51
1377817317, 53.51
1377817322, 53.51
1377817328, 53.51
1377817332, 53.51
1377817337, 53.51
1377817342, 53.47
1377817347, 53.47
1377817352, 53.47
1377817357, 53.51
1377817362, 53.47
1377817367, 53.47
1377817372, 53.47
1377817377, 53.47
1377817382, 53.51
1377817387, 53.51
1377817392, 53.47
1377817397, 53.47
1377817402, 53.47
1377817407, 53.47
1377817412, 53.47
1377817417, 53.51
1377817422, 53.47
1377817427, 53.47
1377817432, 53.51
1377817437, 53.47
1377817442, 53.51
1377817447, 53.47
1377817452, 53.47
1377817457, 53.47
1377817462, 53.47
1377817467, 53.47
1377817472, 53.44
1377817477, 53.47
1377817482, 53.47
1377817487, 53.47
1377817492, 53.51
1377817497, 53.47
1377817502, 53.47
1377817507, 53.44
1377817512, 53.47
1377817517, 53.47
1377817522, 53.47
1377817527, 53.47
1377817532, 53.47
1377817537, 53.47
1377817542, 53.47
1377817547, 53.44
1377817552, 53.47
1377817557, 53.47
1377817562, 53.44
1377817567, 53.47
1377817572, 53.47
1377817577, 53.47
1377817582, 53.44
1377817587, 53.47
1377817592, 53.47
1377817597, 53.44
1377817602, 53.44
1377817607, 53.47
1377817612, 53.44
1377817617, 53.44
1377817622, 53.44
1377817627, 53.44
1377817632, 53.44
1377817637, 53.47
1377817642, 53.44
1377817647, 53.47
1377817652, 53.44
1377817657, 53.44
1377817662, 53.44
1377817667, 53.44
1377817672, 53.47
1377817677, 53.44
1377817682, 53.44
1377817687, 53.44
1377817692, 53.44
1377817697, 53.47
1377817702, 53.44
1377817707, 53.44
1377817712, 53.44
1377817717, 53.44
1377817722, 53.44
1377817727, 53.44
1377817732, 53.44
1377817737, 53.44
1377817742, 53.44
1377817747, 53.44
1377817752, 53.44
1377817756, 53.44
1377817762, 53.47
1377817767, 53.44
1377817772, 53.44
1377817777, 53.44
1377817782, 53.44
1377817787, 53.44
1377817792, 53.44
1377817797, 53.44
1377817802, 53.44
1377817807, 53.44
1377817812, 53.44
1377817816, 53.44
1377817822, 53.44
1377817826, 53.44
1377817832, 53.44
1377817837, 53.44
1377817842, 53.44
1377817847, 53.44
1377817852, 53.44
1377817857, 53.44
1377817862, 53.44
1377817867, 53.44
1377817871, 53.44
1377817877, 53.44
1377817882, 53.44
1377817887, 53.44
1377817892, 53.44
1377817897, 53.44
1377817902, 53.44
1377817907, 53.44
1377817912, 53.44
1377817917, 53.41
1377817921, 53.44
1377817927, 53.44
1377817932, 53.44
1377817937, 53.41
1377817941, 53.44
1377817947, 53.44
1377817952, 53.44
1377817957, 53.44
1377817962, 53.44
1377817967, 53.41
1377817971, 53.44
1377817977, 53.44
1377817981, 53.44
1377817987, 53.44
1377817992, 53.44
1377817996, 53.44
1377818002, 53.41
1377818007, 53.44
1377818012, 53.44
1377818017, 53.41
1377818022, 53.41
1377818026, 53.44
1377818031, 53.41
1377818037, 53.41
1377818042, 53.44
1377818047, 53.41
1377818051, 53.41
1377818057, 53.41
1377818062, 53.44
1377818067, 53.41
1377818072, 53.41
1377818076, 53.41
1377818081, 53.41
1377818087, 53.41
1377818092, 53.44
1377818097, 53.41
1377818102, 53.41
1377818106, 53.44
1377818111, 53.41
1377818117, 53.44
1377818121, 53.41
1377818126, 53.41
1377818131, 53.41
1377818136, 53.41
1377818141, 53.41
1377818147, 53.44
1377818151, 53.41
1377818156, 53.41
1377818161, 53.44
1377818166, 53.44
1377818172, 53.41
1377818176, 53.41
1377818181, 53.41
1377818186, 53.41
1377818192, 53.41
1377818196, 53.41
1377818201, 53.41
1377818206, 53.41
1377818211, 53.41
1377818216, 53.41
1377818222, 53.41
1377818226, 53.41
1377818232, 53.41
1377818236, 53.41
1377818241, 53.41
1377818246, 53.41
1377818251, 53.41
1377818256, 53.41
1377818262, 53.41
1377818266, 53.41
1377818271, 53.41
1377818277, 53.41
1377818282, 53.41
1377818287, 53.41
1377818291, 53.41
1377818296, 53.41
1377818301, 53.41
1377818306, 53.41
1377818311, 53.41
1377818316, 53.41
1377818321, 53.38
1377818326, 53.41
1377818331, 53.41
1377818337, 53.41
1377818341, 53.41
1377818346, 53.44
1377818351, 53.41
1377818356, 53.44
1377818362, 53.41
1377818366, 53.41
1377818371, 53.41
1377818376, 53.41
1377818381, 53.41
1377818386, 53.41
1377818391, 53.41
1377818397, 53.41
1377818401, 53.44
1377818406, 53.44
1377818411, 53.41
1377818416, 53.44
1377818421, 53.41
1377818426, 53.44
1377818432, 53.44
1377818436, 53.41
1377818441, 53.44
1377818447, 53.41
1377818451, 53.41
1377818456, 53.41
1377818461, 53.44
1377818466, 53.44
1377818471, 53.41
1377818476, 53.38
1377818481, 53.44
1377818486, 53.44
1377818492, 53.44
1377818496, 53.44
1377818501, 53.44
1377818506, 53.44
1377818511, 53.44
1377818516, 53.44
1377818521, 53.41
1377818526, 53.41
1377818531, 53.41
1377818536, 53.44
1377818541, 53.44
1377818546, 53.44
1377818551, 53.41
1377818556, 53.44
1377818561, 53.44
1377818566, 53.44
1377818571, 53.44
1377818576, 53.44
1377818581, 53.44
1377818586, 53.44
1377818591, 53.44
1377818596, 53.44
1377818601, 53.44
1377818606, 53.44
1377818611, 53.44
1377818616, 53.44
1377818621, 53.44
1377818627, 53.44
1377818631, 53.44
1377818636, 53.44
1377818641, 53.44
1377818646, 53.44
1377818651, 53.44
1377818657, 53.44
1377818661, 53.44
1377818666, 53.44
1377818671, 53.44
1377818676, 53.44
1377818681, 53.44
1377818686, 53.44
1377818691, 53.44
1377818696, 53.44
1377818701, 53.44
1377818706, 53.44
1377818711, 53.44
1377818716, 53.44
1377818721, 53.44
1377818726, 53.44
1377818731, 53.44
1377818736, 53.44
1377818741, 53.44
1377818746, 53.44
1377818751, 53.44
1377818756, 53.44
1377818763, 53.44
1377818766, 53.44
1377818771, 53.44
1377818776, 53.44
1377818781, 53.44
1377818786, 53.41
1377818791, 53.44
1377818796, 53.44
1377818801, 53.41
1377818806, 53.44
1377818811, 53.44
1377818816, 53.44
1377818821, 53.44
1377818826, 53.44
1377818831, 53.44
1377818836, 53.44
1377818841, 53.44
1377818846, 53.44
1377818851, 53.44
1377818856, 53.44
1377818861, 53.44
1377818866, 53.44
1377818871, 53.44
1377818876, 53.44
1377818881, 53.44
1377818886, 53.44
1377818891, 53.44
1377818896, 53.44
1377818901, 53.44
1377818906, 53.44
1377818911, 53.44
1377818916, 53.44
1377818921, 53.41
1377818926, 53.44
1377818931, 53.44
1377818936, 53.44
1377818941, 53.44
1377818946, 53.44
1377818951, 53.41
1377818956, 53.44
1377818961, 53.44
1377818966, 53.41
1377818971, 53.41
1377818976, 53.44
1377818981, 53.41
1377818986, 53.44
1377818991, 53.44
1377818996, 53.41
1377819001, 53.44
1377819006, 53.44
1377819012, 53.44
1377819016, 53.41
1377819021, 53.41
1377819026, 53.44
1377819031, 53.41
1377819036, 53.41
1377819041, 53.44
1377819046, 53.44
1377819051, 53.41
1377819056, 53.41
1377819061, 53.44
1377819067, 53.41
1377819071, 53.41
1377819076, 53.44
1377819081, 53.41
1377819086, 53.44
1377819091, 53.44
1377819096, 53.41
1377819101, 53.41
1377819106, 53.41
1377819111, 53.41
1377819116, 53.41
1377819121, 53.41
1377819126, 53.41
1377819131, 53.41
1377819136, 53.41
1377819141, 53.41
1377819146, 53.41
1377819151, 53.41
1377819156, 53.41
1377819161, 53.41
1377819166, 53.41
1377819171, 53.41
1377819176, 53.38
1377819181, 53.41
1377819186, 53.41
1377819191, 53.38
1377819196, 53.38
1377819201, 53.38
1377819206, 53.41
1377819211, 53.41
1377819216, 53.41
1377819221, 53.41
1377819226, 53.38
1377819231, 53.41
1377819236, 53.41
1377819241, 53.41
1377819246, 53.41
1377819251, 53.41
1377819256, 53.38
1377819261, 53.38
1377819266, 53.38
1377819271, 53.41
1377819276, 53.41
1377819281, 53.38
1377819286, 53.38
1377819291, 53.41
1377819296, 53.41
1377819301, 53.38
1377819306, 53.38
1377819311, 53.38
1377819316, 53.38
1377819321, 53.38
1377819326, 53.38
1377819331, 53.38
1377819336, 53.38
1377819341, 53.38
1377819346, 53.38
1377819352, 53.41
1377819356, 53.38
1377819361, 53.38
1377819366, 53.38
1377819371, 53.38
1377819376, 53.38
1377819381, 53.38
1377819386, 53.38
1377819391, 53.38
1377819396, 53.38
1377819401, 53.38
1377819406, 53.38
1377819411, 53.38
1377819416, 53.38
1377819421, 53.38
1377819426, 53.38
1377819431, 53.38
1377819436, 53.38
1377819441, 53.38
1377819446, 53.38
1377819451, 53.38
1377819456, 53.38
1377819461, 53.38
1377819466, 53.38
1377819471, 53.38
1377819476, 53.38
1377819481, 53.38
1377819486, 53.38
1377819493, 53.35
1377819496, 53.38
1377819501, 53.38
1377819506, 53.38
1377819512, 53.38
1377819516, 53.38
1377819521, 53.35
1377819526, 53.38
1377819531, 53.38
1377819536, 53.35
1377819541, 53.35
1377819546, 53.38
1377819551, 53.38
1377819556, 53.38
1377819561, 53.38
1377819566, 53.38
1377819571, 53.35
1377819576, 53.38
1377819581, 53.35
1377819586, 53.35
1377819591, 53.35
1377819596, 53.35
1377819601, 53.38
1377819606, 53.35
1377819611, 53.35
1377819616, 53.35
1377819621, 53.35
1377819626, 53.38
1377819631, 53.35
1377819636, 53.38
1377819641, 53.35
1377819646, 53.35
1377819651, 53.35
1377819656, 53.35
1377819661, 53.35
1377819666, 53.35
1377819671, 53.35
1377819676, 53.35
1377819681, 53.35
1377819686, 53.35
1377819692, 53.35
1377819696, 53.35
1377819701, 53.38
1377819706, 53.35
1377819711, 53.32
1377819716, 53.35
1377819721, 53.35
1377819726, 53.35
1377819731, 53.38
1377819736, 53.35
1377819741, 53.35
1377819746, 53.35
1377819751, 53.35
1377819756, 53.35
1377819761, 53.35
1377819766, 53.35
1377819771, 53.38
1377819776, 53.38
1377819781, 53.32
1377819786, 53.32
1377819791, 53.32
1377819796, 53.35
1377819801, 53.35
1377819806, 53.35
1377819811, 53.35
1377819816, 53.35
1377819821, 53.35
1377819826, 53.35
1377819831, 53.35
1377819836, 53.32
1377819841, 53.32
1377819846, 53.35
1377819851, 53.35
1377819856, 53.35
1377819861, 53.35
1377819866, 53.35
1377819871, 53.35
1377819876, 53.35
1377819881, 53.35
1377819886, 53.35
1377819891, 53.35
1377819896, 53.35
1377819901, 53.38
1377819906, 53.35
1377819911, 53.38
1377819916, 53.35
1377819921, 53.35
1377819926, 53.35
1377819931, 53.35
1377819936, 53.32
1377819941, 53.35
1377819946, 53.35
1377819951, 53.35
1377819956, 53.35
1377819961, 53.35
1377819966, 53.35
1377819971, 53.32
1377819976, 53.35
1377819981, 53.35
1377819986, 53.35
1377819991, 53.35
1377819996, 53.35
1377820001, 53.35
1377820006, 53.32
1377820011, 53.35
1377820016, 53.35
1377820021, 53.35
1377820026, 53.32
1377820031, 53.32
1377820036, 53.35
1377820041, 53.35
1377820046, 53.35
1377820051, 53.35
1377820056, 53.35
1377820061, 53.35
1377820066, 53.35
1377820071, 53.35
1377820076, 53.35
1377820081, 53.35
1377820086, 53.35
1377820091, 53.35
1377820096, 53.35
1377820101, 53.35
1377820106, 53.35
1377820111, 53.32
1377820116, 53.35
1377820121, 53.35
1377820126, 53.35
1377820131, 53.32
1377820136, 53.35
1377820141, 53.35
1377820146, 53.35
1377820151, 53.35
1377820156, 53.32
1377820161, 53.35
1377820166, 53.35
1377820171, 53.35
1377820176, 53.35
1377820181, 53.35
1377820186, 53.35
1377820191, 53.35
1377820196, 53.35
1377820201, 53.35
1377820206, 53.35
1377820211, 53.35
1377820216, 53.35
1377820221, 53.35
1377820226, 53.35
1377820231, 53.35
1377820236, 53.35
1377820241, 53.35
1377820246, 53.35
1377820251, 53.35
1377820256, 53.35
1377820261, 53.35
1377820266, 53.35
1377820271, 53.35
1377820276, 53.32
1377820281, 53.35
1377820286, 53.35
1377820291, 53.35
1377820296, 53.32
1377820301, 53.32
1377820306, 53.35
1377820311, 53.35
1377820316, 53.35
1377820321, 53.32
1377820326, 53.35
1377820331, 53.32
1377820336, 53.35
1377820341, 53.35
1377820346, 53.35
1377820351, 53.35
1377820356, 53.35
1377820361, 53.35
1377820366, 53.32
1377820371, 53.32
1377820376, 53.35
1377820381, 53.35
1377820386, 53.35
1377820391, 53.35
1377820396, 53.35
1377820401, 53.35
1377820406, 53.35
1377820411, 53.38
1377820416, 53.35
1377820421, 53.35
1377820426, 53.35
1377820431, 53.35
1377820436, 53.35
1377820441, 53.35
1377820446, 53.38
1377820451, 53.35
1377820456, 53.32
1377820461, 53.35
1377820466, 53.35
1377820471, 53.35
1377820476, 53.35
1377820481, 53.35
1377820486, 53.35
1377820492, 53.32
1377820496, 53.35
1377820501, 53.35
1377820506, 53.35
1377820511, 53.38
1377820516, 53.35
1377820521, 53.35
1377820526, 53.35
1377820531, 53.35
1377820536, 53.38
1377820541, 53.35
1377820546, 53.35
1377820551, 53.35
1377820556, 53.35
1377820561, 53.38
1377820566, 53.35
1377820571, 53.35
1377820576, 53.35
1377820581, 53.35
1377820586, 53.35
1377820591, 53.35
1377820596, 53.35
1377820601, 53.35
1377820606, 53.35
1377820611, 53.35
1377820616, 53.35
1377820621, 53.35
1377820626, 53.35
1377820631, 53.38
1377820636, 53.38
1377820641, 53.35
1377820646, 53.35
1377820651, 53.38
1377820656, 53.35
1377820661, 53.35
1377820666, 53.35
1377820671, 53.38
1377820676, 53.35
1377820681, 53.35
1377820686, 53.35
1377820691, 53.38
1377820696, 53.38
1377820701, 53.35
1377820706, 53.35
1377820711, 53.38
1377820716, 53.38
1377820721, 53.35
1377820726, 53.35
1377820731, 53.35
1377820736, 53.38
1377820741, 53.38
1377820746, 53.35
1377820751, 53.38
1377820756, 53.35
1377820761, 53.38
1377820766, 53.38
1377820771, 53.38
1377820776, 53.38
1377820781, 53.35
1377820786, 53.35
1377820791, 53.35
1377820796, 53.38
1377820801, 53.38
1377820806, 53.35
1377820811, 53.38
1377820816, 53.35
1377820821, 53.38
1377820826, 53.38
1377820831, 53.38
1377820836, 53.38
1377820841, 53.38
1377820846, 53.38
1377820851, 53.38
1377820856, 53.38
1377820861, 53.38
1377820866, 53.38
1377820871, 53.35
1377820876, 53.38
1377820881, 53.35
1377820886, 53.38
1377820891, 53.38
1377820896, 53.35
1377820901, 53.35
1377820906, 53.38
1377820911, 53.38
1377820916, 53.38
1377820921, 53.38
1377820926, 53.38
1377820931, 53.38
1377820936, 53.38
1377820941, 53.38
1377820946, 53.38
1377820951, 53.38
1377820956, 53.35
1377820961, 53.38
1377820966, 53.38
1377820971, 53.38
1377820976, 53.38
1377820981, 53.38
1377820986, 53.38
1377820991, 53.38
1377820996, 53.38
1377821001, 53.38
1377821006, 53.38
1377821011, 53.38
1377821016, 53.38
1377821021, 53.38
1377821026, 53.38
1377821031, 53.38
1377821036, 53.38
1377821041, 53.38
1377821046, 53.38
1377821051, 53.38
1377821056, 53.38
1377821061, 53.38
1377821066, 53.38
1377821071, 53.38
1377821076, 53.38
1377821081, 53.38
1377821086, 53.38
1377821091, 53.38
1377821096, 53.38
1377821101, 53.38
1377821106, 53.38
1377821111, 53.38
1377821116, 53.38
1377821121, 53.38
1377821126, 53.38
1377821131, 53.38
1377821136, 53.38
1377821141, 53.38
1377821146, 53.38
1377821151, 53.38
1377821156, 53.38
1377821161, 53.38
1377821166, 53.38
1377821171, 53.38
1377821176, 53.38
1377821181, 53.38
1377821186, 53.38
1377821191, 53.38
1377821196, 53.38
1377821201, 53.38
1377821206, 53.38
1377821211, 53.38
1377821216, 53.38
1377821221, 53.38
1377821226, 53.38
1377821231, 53.38
1377821236, 53.38
1377821241, 53.38
1377821246, 53.38
1377821251, 53.38
1377821256, 53.38
1377821261, 53.38
1377821266, 53.38
1377821271, 53.38
1377821276, 53.38
1377821281, 53.38
1377821286, 53.38
1377821291, 53.38
1377821296, 53.38
1377821301, 53.38
1377821306, 53.38
1377821311, 53.38
1377821316, 53.38
1377821321, 53.38
1377821326, 53.38
1377821332, 53.38
1377821336, 53.38
1377821341, 53.38
1377821346, 53.38
1377821351, 53.38
1377821356, 53.38
1377821361, 53.38
1377821366, 53.38
1377821371, 53.38
1377821376, 53.38
1377821381, 53.38
1377821386, 53.35
1377821391, 53.35
1377821396, 53.38
1377821401, 53.38
1377821406, 53.38
1377821412, 53.38
1377821416, 53.38
1377821421, 53.38
1377821426, 53.38
1377821431, 53.38
1377821436, 53.35
1377821441, 53.35
1377821446, 53.38
1377821451, 53.38
1377821456, 53.38
1377821461, 53.38
1377821466, 53.38
1377821471, 53.38
1377821476, 53.38
1377821481, 53.38
1377821486, 53.38
1377821491, 53.38
1377821496, 53.38
1377821501, 53.38
1377821506, 53.38
1377821511, 53.38
1377821516, 53.38
1377821521, 53.38
1377821526, 53.38
1377821531, 53.38
1377821536, 53.35
1377821541, 53.35
1377821546, 53.38
1377821551, 53.38
1377821556, 53.38
1377821561, 53.35
1377821566, 53.38
1377821571, 53.38
1377821576, 53.35
1377821581, 53.38
1377821586, 53.35
1377821591, 53.35
1377821596, 53.35
1377821601, 53.35
1377821606, 53.35
1377821611, 53.38
1377821616, 53.35
1377821621, 53.38
1377821626, 53.35
1377821631, 53.35
1377821636, 53.35
1377821641, 53.38
1377821646, 53.35
1377821651, 53.35
1377821656, 53.35
1377821661, 53.35
1377821666, 53.35
1377821671, 53.32
1377821676, 53.35
1377821681, 53.32
1377821686, 53.35
1377821691, 53.35
1377821696, 53.32
1377821701, 53.35
1377821707, 53.38
1377821711, 53.35
1377821716, 53.35
1377821721, 53.35
1377821726, 53.35
1377821731, 53.35
1377821736, 53.35
1377821741, 53.35
1377821746, 53.35
1377821751, 53.35
1377821756, 53.32
1377821761, 53.35
1377821766, 53.35
1377821771, 53.35
1377821776, 53.35
1377821781, 53.35
1377821786, 53.35
1377821791, 53.32
1377821796, 53.32
1377821801, 53.35
1377821806, 53.35
1377821811, 53.35
1377821816, 53.35
1377821821, 53.35
1377821826, 53.35
1377821831, 53.32
1377821836, 53.35
1377821841, 53.35
1377821846, 53.35
1377821851, 53.32
1377821856, 53.32
1377821861, 53.35
1377821866, 53.35
1377821871, 53.32
1377821876, 53.32
1377821881, 53.35
1377821886, 53.32
1377821891, 53.32
1377821896, 53.32
1377821901, 53.32
1377821906, 53.32
1377821911, 53.35
1377821916, 53.35
1377821921, 53.32
1377821926, 53.32
1377821931, 53.35
1377821936, 53.32
1377821941, 53.32
1377821946, 53.32
1377821951, 53.32
1377821956, 53.35
1377821961, 53.32
1377821966, 53.32
1377821971, 53.32
1377821976, 53.32
1377821981, 53.35
1377821986, 53.32
1377821991, 53.32
1377821996, 53.32
1377822001, 53.32
1377822006, 53.32
1377822011, 53.35
1377822016, 53.32
1377822021, 53.32
1377822026, 53.32
1377822031, 53.32
1377822036, 53.32
1377822041, 53.32
1377822046, 53.32
1377822051, 53.32
1377822056, 53.32
1377822061, 53.32
1377822066, 53.32
1377822071, 53.32
1377822076, 53.32
1377822081, 53.32
1377822086, 53.32
1377822091, 53.32
1377822096, 53.32
1377822101, 53.32
1377822106, 53.32
1377822111, 53.32
1377822116, 53.32
1377822121, 53.32
1377822126, 53.32
1377822131, 53.32
1377822136, 53.32
1377822141, 53.32
1377822146, 53.32
1377822151, 53.32
1377822156, 53.32
1377822161, 53.28
1377822166, 53.32
1377822171, 53.32
1377822176, 53.32
1377822181, 53.32
1377822186, 53.32
1377822191, 53.32
1377822196, 53.28
1377822201, 53.28
1377822206, 53.32
1377822211, 53.32
1377822216, 53.32
1377822221, 53.28
1377822226, 53.32
1377822231, 53.28
1377822236, 53.28
1377822241, 53.28
1377822246, 53.32
1377822251, 53.32
1377822256, 53.32
1377822261, 53.32
1377822266, 53.28
1377822271, 53.32
1377822276, 53.32
1377822281, 53.32
1377822286, 53.28
1377822291, 53.28
1377822296, 53.28
1377822301, 53.32
1377822306, 53.28
1377822311, 53.28
1377822316, 53.28
1377822321, 53.28
1377822326, 53.32
1377822331, 53.28
1377822336, 53.28
1377822341, 53.32
1377822346, 53.28
1377822351, 53.28
1377822356, 53.32
1377822361, 53.32
1377822366, 53.28
1377822371, 53.32
1377822376, 53.32
1377822381, 53.32
1377822387, 53.28
1377822391, 53.28
1377822396, 53.28
1377822401, 53.32
1377822406, 53.28
1377822411, 53.32
1377822416, 53.32
1377822421, 53.28
1377822426, 53.32
1377822431, 53.28
1377822436, 53.28
1377822441, 53.32
1377822446, 53.28
1377822451, 53.28
1377822456, 53.28
1377822463, 53.32
1377822466, 53.32
1377822471, 53.28
1377822476, 53.32
1377822481, 53.28
1377822486, 53.32
1377822491, 53.28
1377822496, 53.28
1377822501, 53.28
1377822506, 53.28
1377822511, 53.28
1377822516, 53.28
1377822521, 53.28
1377822526, 53.28
1377822531, 53.32
1377822536, 53.28
1377822541, 53.28
1377822546, 53.32
1377822551, 53.28
1377822556, 53.32
1377822561, 53.28
1377822566, 53.28
1377822571, 53.28
1377822576, 53.32
1377822581, 53.28
1377822586, 53.28
1377822591, 53.28
1377822596, 53.28
1377822601, 53.28
1377822606, 53.28
1377822611, 53.28
1377822616, 53.32
1377822621, 53.32
1377822626, 53.32
1377822631, 53.28
1377822636, 53.28
1377822641, 53.28
1377822646, 53.32
1377822651, 53.32
1377822656, 53.32
1377822661, 53.32
1377822666, 53.28
1377822671, 53.32
1377822676, 53.32
1377822681, 53.32
1377822686, 53.28
1377822691, 53.32
1377822696, 53.28
1377822701, 53.32
1377822706, 53.28
1377822711, 53.28
1377822716, 53.32
1377822721, 53.28
1377822726, 53.32
1377822731, 53.32
1377822736, 53.28
1377822741, 53.32
1377822746, 53.32
1377822751, 53.32
1377822756, 53.32
1377822761, 53.32
1377822766, 53.32
1377822771, 53.28
1377822776, 53.32
1377822781, 53.32
1377822786, 53.32
1377822791, 53.28
1377822796, 53.28
1377822801, 53.32
1377822806, 53.32
1377822811, 53.32
1377822816, 53.32
1377822821, 53.32
1377822826, 53.32
1377822831, 53.32
1377822837, 53.32
1377822841, 53.32
1377822846, 53.32
1377822851, 53.32
1377822856, 53.32
1377822861, 53.32
1377822866, 53.32
1377822871, 53.32
1377822876, 53.32
1377822881, 53.32
1377822886, 53.32
1377822891, 53.32
1377822896, 53.32
1377822901, 53.32
1377822906, 53.32
1377822911, 53.32
1377822916, 53.32
1377822921, 53.32
1377822926, 53.32
1377822931, 53.32
1377822936, 53.32
1377822941, 53.32
1377822946, 53.32
1377822951, 53.32
1377822956, 53.32
1377822961, 53.32
1377822966, 53.32
1377822971, 53.32
1377822976, 53.32
1377822981, 53.32
1377822986, 53.32
1377822991, 53.32
1377822996, 53.32
1377823001, 53.32
1377823006, 53.35
1377823011, 53.32
1377823016, 53.32
1377823021, 53.32
1377823026, 53.32
1377823031, 53.32
1377823036, 53.32
1377823041, 53.35
1377823046, 53.35
1377823051, 53.32
1377823056, 53.35
1377823061, 53.32
1377823066, 53.32
1377823071, 53.32
1377823076, 53.35
1377823081, 53.35
1377823086, 53.35
1377823091, 53.32
1377823096, 53.35
1377823101, 53.32
1377823106, 53.35
1377823111, 53.32
1377823116, 53.32
1377823121, 53.32
1377823126, 53.35
1377823131, 53.35
1377823136, 53.32
1377823141, 53.35
1377823146, 53.32
1377823151, 53.35
1377823156, 53.35
1377823161, 53.35
1377823166, 53.35
1377823171, 53.32
1377823176, 53.35
1377823181, 53.32
1377823186, 53.32
1377823191, 53.35
1377823196, 53.32
1377823201, 53.35
1377823206, 53.32
1377823211, 53.35
1377823216, 53.35
1377823221, 53.35
1377823226, 53.35
1377823231, 53.35
1377823236, 53.35
1377823241, 53.32
1377823246, 53.38
1377823251, 53.35
1377823256, 53.35
1377823261, 53.35
1377823266, 53.35
1377823271, 53.35
1377823276, 53.35
1377823281, 53.35
1377823286, 53.35
1377823291, 53.35
1377823296, 53.32
1377823301, 53.35
1377823306, 53.35
1377823312, 53.35
1377823316, 53.32
1377823321, 53.35
1377823326, 53.35
1377823331, 53.32
1377823336, 53.35
1377823341, 53.35
1377823346, 53.35
1377823351, 53.35
1377823356, 53.32
1377823361, 53.35
1377823366, 53.35
1377823371, 53.35
1377823376, 53.35
1377823381, 53.35
1377823386, 53.35
1377823391, 53.35
1377823396, 53.35
1377823401, 53.32
1377823406, 53.35
1377823411, 53.35
1377823416, 53.38
1377823421, 53.35
1377823426, 53.35
1377823431, 53.35
1377823436, 53.35
1377823441, 53.35
1377823446, 53.35
1377823451, 53.35
1377823456, 53.35
1377823461, 53.35
1377823466, 53.35
1377823471, 53.35
1377823476, 53.35
1377823481, 53.35
1377823486, 53.35
1377823491, 53.35
1377823496, 53.35
1377823501, 53.35
1377823506, 53.35
1377823511, 53.35
1377823516, 53.32
1377823521, 53.35
1377823526, 53.35
1377823531, 53.32
1377823536, 53.35
1377823541, 53.32
1377823546, 53.35
1377823551, 53.35
1377823556, 53.35
1377823561, 53.35
1377823566, 53.35
1377823571, 53.32
1377823576, 53.32
1377823581, 53.32
1377823586, 53.32
1377823591, 53.32
1377823596, 53.32
1377823601, 53.35
1377823606, 53.35
1377823611, 53.35
1377823616, 53.35
1377823621, 53.32
1377823626, 53.35
1377823631, 53.35
1377823636, 53.35
1377823641, 53.32
1377823646, 53.32
1377823651, 53.35
1377823656, 53.35
1377823661, 53.35
1377823666, 53.35
1377823671, 53.35
1377823676, 53.35
1377823681, 53.32
1377823686, 53.32
1377823691, 53.32
1377823696, 53.32
1377823701, 53.35
1377823706, 53.35
1377823711, 53.35
1377823716, 53.35
1377823721, 53.35
1377823726, 53.35
1377823731, 53.32
1377823736, 53.35
1377823741, 53.32
1377823746, 53.32
1377823751, 53.35
1377823756, 53.32
1377823761, 53.32
1377823766, 53.32
1377823771, 53.35
1377823776, 53.32
1377823781, 53.32
1377823786, 53.32
1377823791, 53.32
1377823796, 53.32
1377823801, 53.32
1377823806, 53.32
1377823811, 53.32
1377823816, 53.32
1377823821, 53.32
1377823826, 53.32
1377823831, 53.32
1377823836, 53.35
1377823841, 53.32
1377823846, 53.32
1377823851, 53.32
1377823856, 53.32
1377823861, 53.35
1377823866, 53.32
1377823871, 53.32
1377823876, 53.32
1377823881, 53.32
1377823886, 53.32
1377823891, 53.32
1377823896, 53.32
1377823901, 53.32
1377823906, 53.32
1377823911, 53.32
1377823916, 53.32
1377823921, 53.32
1377823926, 53.32
1377823931, 53.32
1377823936, 53.32
1377823941, 53.32
1377823946, 53.32
1377823951, 53.28
1377823956, 53.32
1377823961, 53.32
1377823966, 53.32
1377823971, 53.32
1377823976, 53.32
1377823981, 53.32
1377823986, 53.32
1377823991, 53.32
1377823996, 53.32
1377824001, 53.32
1377824006, 53.32
1377824011, 53.28
1377824016, 53.32
1377824021, 53.32
1377824026, 53.32
1377824031, 53.32
1377824036, 53.32
1377824041, 53.32
1377824046, 53.32
1377824051, 53.32
1377824056, 53.32
1377824061, 53.32
1377824066, 53.28
1377824071, 53.32
1377824076, 53.32
1377824081, 53.28
1377824086, 53.32
1377824091, 53.32
1377824096, 53.28
1377824101, 53.28
1377824106, 53.28
1377824111, 53.28
1377824116, 53.32
1377824121, 53.28
1377824126, 53.28
1377824131, 53.28
1377824136, 53.28
1377824141, 53.28
1377824146, 53.28
1377824151, 53.25
1377824156, 53.28
1377824161, 53.28
1377824166, 53.28
1377824171, 53.28
1377824176, 53.28
1377824181, 53.28
1377824186, 53.28
1377824191, 53.28
1377824196, 53.28
1377824201, 53.28
1377824206, 53.28
1377824211, 53.28
1377824216, 53.28
1377824221, 53.28
1377824226, 53.28
1377824231, 53.28
1377824236, 53.28
1377824241, 53.25
1377824246, 53.28
1377824251, 53.28
1377824256, 53.25
1377824261, 53.28
1377824266, 53.28
1377824271, 53.25
1377824276, 53.25
1377824281, 53.28
1377824286, 53.25
1377824291, 53.25
1377824296, 53.28
1377824301, 53.25
1377824306, 53.25
1377824311, 53.28
1377824316, 53.28
1377824321, 53.28
1377824326, 53.25
1377824331, 53.25
1377824336, 53.25
1377824341, 53.25
1377824346, 53.28
1377824351, 53.28
1377824356, 53.28
1377824361, 53.25
1377824366, 53.28
1377824371, 53.25
1377824376, 53.28
1377824381, 53.25
1377824386, 53.25
1377824391, 53.25
1377824396, 53.28
1377824401, 53.28
1377824407, 53.25
1377824411, 53.28
1377824416, 53.25
1377824421, 53.28
1377824426, 53.28
1377824431, 53.25
1377824436, 53.28
1377824441, 53.28
1377824446, 53.28
1377824451, 53.28
1377824456, 53.28
1377824461, 53.28
1377824466, 53.28
1377824471, 53.28
1377824476, 53.28
1377824481, 53.28
1377824486, 53.25
1377824491, 53.25
1377824496, 53.28
1377824501, 53.28
1377824506, 53.28
1377824511, 53.28
1377824516, 53.28
1377824521, 53.28
1377824526, 53.28
1377824531, 53.28
1377824536, 53.28
1377824541, 53.28
1377824546, 53.28
1377824551, 53.28
1377824556, 53.28
1377824561, 53.25
1377824566, 53.28
1377824571, 53.28
1377824576, 53.28
1377824581, 53.28
1377824586, 53.25
1377824591, 53.28
1377824596, 53.28
1377824601, 53.32
1377824606, 53.32
1377824611, 53.32
1377824616, 53.28
1377824624, 53.28
1377824626, 53.32
1377824631, 53.28
1377824636, 53.28
1377824641, 53.32
1377824646, 53.28
1377824651, 53.28
1377824656, 53.32
1377824661, 53.32
1377824666, 53.32
1377824671, 53.32
1377824676, 53.28
1377824681, 53.28
1377824686, 53.32
1377824691, 53.32
1377824696, 53.32
1377824701, 53.32
1377824706, 53.32
1377824711, 53.32
1377824716, 53.32
1377824721, 53.32
1377824726, 53.28
1377824731, 53.32
1377824736, 53.32
1377824741, 53.32
1377824746, 53.32
1377824751, 53.32
1377824756, 53.32
1377824761, 53.32
1377824766, 53.32
1377824771, 53.32
1377824776, 53.32
1377824781, 53.32
1377824786, 53.32
1377824791, 53.32
1377824796, 53.32
1377824801, 53.32
1377824806, 53.32
1377824811, 53.35
1377824816, 53.35
1377824821, 53.28
1377824826, 53.32
1377824831, 53.32
1377824836, 53.32
1377824841, 53.32
1377824846, 53.32
1377824851, 53.32
1377824856, 53.32
1377824861, 53.35
1377824866, 53.32
1377824871, 53.32
1377824876, 53.35
1377824881, 53.32
1377824886, 53.32
1377824891, 53.35
1377824896, 53.32
1377824901, 53.32
1377824906, 53.32
1377824911, 53.32
1377824916, 53.32
1377824921, 53.32
1377824926, 53.32
1377824931, 53.32
1377824936, 53.32
1377824942, 53.32
1377824946, 53.32
1377824951, 53.32
1377824956, 53.32
1377824961, 53.32
1377824966, 53.32
1377824971, 53.35
1377824976, 53.32
1377824981, 53.32
1377824986, 53.35
1377824991, 53.35
1377824996, 53.32
1377825001, 53.32
1377825006, 53.32
1377825011, 53.32
1377825016, 53.32
1377825021, 53.32
1377825026, 53.32
1377825031, 53.35
1377825036, 53.32
1377825041, 53.32
1377825046, 53.32
1377825051, 53.35
1377825056, 53.32
1377825061, 53.32
1377825066, 53.38
1377825072, 53.35
1377825077, 53.32
1377825081, 53.32
1377825086, 53.35
1377825091, 53.32
1377825096, 53.32
1377825101, 53.35
1377825106, 53.32
1377825111, 53.35
1377825116, 53.35
1377825121, 53.32
1377825126, 53.32
1377825131, 53.35
1377825136, 53.32
1377825141, 53.32
1377825146, 53.35
1377825151, 53.32
1377825156, 53.35
1377825161, 53.32
1377825166, 53.35
1377825171, 53.35
1377825176, 53.32
1377825181, 53.32
1377825186, 53.32
1377825191, 53.32
1377825196, 53.35
1377825201, 53.35
1377825206, 53.32
1377825211, 53.32
1377825216, 53.32
1377825221, 53.35
1377825226, 53.32
1377825231, 53.35
1377825236, 53.32
1377825241, 53.32
1377825246, 53.32
1377825251, 53.35
1377825256, 53.32
1377825261, 53.35
1377825266, 53.32
1377825271, 53.35
1377825276, 53.32
1377825281, 53.32
1377825286, 53.35
1377825291, 53.35
1377825296, 53.35
1377825301, 53.35
1377825306, 53.32
1377825311, 53.32
1377825316, 53.32
1377825321, 53.35
1377825326, 53.32
1377825332, 53.35
1377825336, 53.32
1377825341, 53.35
1377825346, 53.32
1377825351, 53.35
1377825356, 53.35
1377825361, 53.35
1377825366, 53.32
1377825371, 53.32
1377825376, 53.32
1377825381, 53.32
1377825386, 53.32
1377825391, 53.35
1377825396, 53.32
1377825401, 53.35
1377825406, 53.32
1377825411, 53.32
1377825416, 53.35
1377825421, 53.32
1377825426, 53.32
1377825431, 53.32
1377825436, 53.35
1377825441, 53.32
1377825446, 53.35
1377825451, 53.32
1377825456, 53.35
1377825461, 53.35
1377825466, 53.35
1377825471, 53.35
1377825476, 53.35
1377825481, 53.32
1377825486, 53.32
1377825491, 53.32
1377825496, 53.32
1377825501, 53.32
1377825506, 53.32
1377825511, 53.35
1377825516, 53.35
1377825521, 53.32
1377825526, 53.32
1377825531, 53.32
1377825536, 53.35
1377825541, 53.35
1377825546, 53.35
1377825551, 53.35
1377825556, 53.32
1377825561, 53.35
1377825566, 53.35
1377825571, 53.35
1377825576, 53.35
1377825581, 53.35
1377825586, 53.35
1377825591, 53.35
1377825596, 53.32
1377825601, 53.35
1377825606, 53.35
1377825611, 53.32
1377825616, 53.35
1377825621, 53.32
1377825626, 53.35
1377825631, 53.38
1377825636, 53.35
1377825641, 53.35
1377825646, 53.35
1377825651, 53.32
1377825656, 53.32
1377825661, 53.32
1377825666, 53.35
1377825671, 53.35
1377825676, 53.35
1377825681, 53.35
1377825686, 53.32
1377825691, 53.35
1377825696, 53.35
1377825701, 53.32
1377825706, 53.35
1377825711, 53.32
1377825716, 53.35
1377825721, 53.35
1377825726, 53.35
1377825731, 53.35
1377825736, 53.35
1377825741, 53.35
1377825746, 53.35
1377825751, 53.32
1377825756, 53.35
1377825761, 53.35
1377825766, 53.35
1377825771, 53.35
1377825776, 53.35
1377825781, 53.35
1377825786, 53.32
1377825791, 53.35
1377825796, 53.32
1377825801, 53.35
1377825806, 53.35
1377825811, 53.35
1377825816, 53.35
1377825821, 53.32
1377825826, 53.35
1377825831, 53.35
1377825836, 53.32
1377825841, 53.35
1377825846, 53.35
1377825851, 53.35
1377825856, 53.35
1377825861, 53.32
1377825866, 53.35
1377825871, 53.35
1377825876, 53.32
1377825881, 53.35
1377825886, 53.35
1377825891, 53.35
1377825896, 53.32
1377825901, 53.35
1377825906, 53.35
1377825911, 53.32
1377825916, 53.35
1377825921, 53.32
1377825926, 53.35
1377825931, 53.35
1377825936, 53.35
1377825941, 53.35
1377825946, 53.35
1377825951, 53.32
1377825956, 53.35
1377825961, 53.32
1377825966, 53.35
1377825971, 53.35
1377825976, 53.35
1377825981, 53.35
1377825986, 53.35
1377825991, 53.35
1377825996, 53.32
1377826001, 53.35
1377826006, 53.35
1377826011, 53.32
1377826016, 53.32
1377826021, 53.35
1377826026, 53.35
1377826031, 53.35
1377826036, 53.35
1377826041, 53.35
1377826046, 53.35
1377826051, 53.35
1377826056, 53.35
1377826061, 53.35
1377826066, 53.35
1377826071, 53.35
1377826076, 53.32
1377826081, 53.35
1377826086, 53.35
1377826091, 53.35
1377826096, 53.35
1377826101, 53.35
1377826106, 53.38
1377826111, 53.32
1377826116, 53.35
1377826121, 53.35
1377826126, 53.35
1377826131, 53.35
1377826136, 53.35
1377826141, 53.35
1377826146, 53.32
1377826151, 53.35
1377826156, 53.35
1377826161, 53.32
1377826166, 53.32
1377826171, 53.38
1377826176, 53.35
1377826181, 53.35
1377826186, 53.38
1377826191, 53.32
1377826196, 53.35
1377826201, 53.35
1377826206, 53.35
1377826211, 53.35
1377826216, 53.32
1377826221, 53.35
1377826226, 53.35
1377826231, 53.35
1377826236, 53.35
1377826241, 53.32
1377826246, 53.35
1377826251, 53.35
1377826256, 53.35
1377826261, 53.35
1377826266, 53.35
1377826271, 53.35
1377826276, 53.35
1377826281, 53.35
1377826286, 53.35
1377826291, 53.35
1377826296, 53.38
1377826301, 53.35
1377826306, 53.35
1377826311, 53.35
1377826316, 53.35
1377826321, 53.35
1377826326, 53.35
1377826331, 53.35
1377826336, 53.35
1377826341, 53.35
1377826346, 53.35
1377826351, 53.35
1377826356, 53.35
1377826361, 53.35
1377826366, 53.32
1377826371, 53.35
1377826376, 53.35
1377826381, 53.35
1377826386, 53.35
1377826391, 53.35
1377826396, 53.35
1377826401, 53.35
1377826406, 53.35
1377826411, 53.35
1377826416, 53.35
1377826421, 53.35
1377826426, 53.35
1377826431, 53.35
1377826436, 53.35
1377826441, 53.35
1377826446, 53.35
1377826451, 53.35
1377826456, 53.35
1377826461, 53.35
1377826466, 53.35
1377826471, 53.35
1377826476, 53.35
1377826481, 53.35
1377826486, 53.35
1377826491, 53.35
1377826496, 53.35
1377826501, 53.35
1377826506, 53.38
1377826511, 53.35
1377826516, 53.35
1377826521, 53.35
1377826526, 53.38
1377826531, 53.35
1377826536, 53.35
1377826541, 53.35
1377826546, 53.35
1377826551, 53.35
1377826556, 53.35
1377826561, 53.35
1377826566, 53.35
1377826571, 53.35
1377826576, 53.35
1377826581, 53.35
1377826586, 53.38
1377826591, 53.35
1377826596, 53.35
1377826601, 53.35
1377826606, 53.35
1377826611, 53.35
1377826616, 53.35
1377826621, 53.35
1377826626, 53.32
1377826631, 53.35
1377826636, 53.35
1377826641, 53.35
1377826646, 53.35
1377826651, 53.35
1377826656, 53.35
1377826661, 53.35
1377826666, 53.35
1377826671, 53.35
1377826676, 53.35
1377826681, 53.35
1377826686, 53.35
1377826691, 53.35
1377826696, 53.35
1377826701, 53.35
1377826706, 53.35
1377826711, 53.35
1377826716, 53.35
1377826721, 53.35
1377826726, 53.35
1377826731, 53.35
1377826736, 53.35
1377826741, 53.35
1377826746, 53.38
1377826751, 53.35
1377826756, 53.35
1377826761, 53.35
1377826766, 53.35
1377826771, 53.35
1377826776, 53.35
1377826781, 53.35
1377826790, 53.35
1377826791, 53.35
1377826796, 53.35
1377826801, 53.35
1377826806, 53.35
1377826811, 53.35
1377826816, 53.35
1377826821, 53.35
1377826826, 53.35
1377826831, 53.35
1377826836, 53.35
1377826841, 53.35
1377826846, 53.35
1377826851, 53.35
1377826856, 53.35
1377826861, 53.32
1377826866, 53.35
1377826871, 53.35
1377826876, 53.35
1377826881, 53.35
1377826886, 53.35
1377826891, 53.35
1377826896, 53.35
1377826901, 53.35
1377826906, 53.35
1377826911, 53.38
1377826916, 53.35
1377826921, 53.35
1377826926, 53.35
1377826931, 53.35
1377826936, 53.35
1377826941, 53.35
1377826946, 53.35
1377826951, 53.35
1377826956, 53.35
1377826961, 53.35
1377826966, 53.32
1377826971, 53.35
1377826976, 53.35
1377826981, 53.38
1377826986, 53.35
1377826991, 53.35
1377826996, 53.35
1377827001, 53.35
1377827006, 53.35
1377827011, 53.35
1377827016, 53.38
1377827021, 53.35
1377827026, 53.35
1377827031, 53.35
1377827036, 53.35
1377827041, 53.38
1377827046, 53.38
1377827051, 53.38
1377827057, 53.35
1377827061, 53.35
1377827066, 53.35
1377827071, 53.35
1377827076, 53.38
1377827081, 53.35
1377827086, 53.38
1377827091, 53.35
1377827096, 53.38
1377827101, 53.35
1377827106, 53.38
1377827111, 53.38
1377827116, 53.35
1377827121, 53.35
1377827126, 53.38
1377827131, 53.38
1377827136, 53.38
1377827141, 53.38
1377827146, 53.38
1377827151, 53.35
1377827156, 53.38
1377827161, 53.35
1377827166, 53.38
1377827171, 53.35
1377827176, 53.38
1377827181, 53.38
1377827187, 53.35
1377827191, 53.38
1377827196, 53.35
1377827201, 53.35
1377827206, 53.38
1377827211, 53.35
1377827216, 53.35
1377827221, 53.35
1377827226, 53.38
1377827231, 53.38
1377827236, 53.35
1377827241, 53.38
1377827246, 53.38
1377827251, 53.38
1377827256, 53.38
1377827261, 53.35
1377827266, 53.38
1377827271, 53.38
1377827276, 53.38
1377827281, 53.35
1377827286, 53.35
1377827291, 53.32
1377827296, 53.35
1377827301, 53.35
1377827306, 53.35
1377827311, 53.38
1377827316, 53.35
1377827321, 53.38
1377827326, 53.38
1377827331, 53.38
1377827336, 53.38
1377827341, 53.38
1377827346, 53.38
1377827351, 53.35
1377827356, 53.35
1377827361, 53.35
1377827366, 53.38
1377827371, 53.35
1377827376, 53.38
1377827381, 53.35
1377827386, 53.38
1377827391, 53.35
1377827396, 53.38
1377827401, 53.35
1377827406, 53.38
1377827411, 53.35
1377827416, 53.35
1377827421, 53.38
1377827426, 53.38
1377827431, 53.38
1377827436, 53.38
1377827441, 53.35
1377827446, 53.35
1377827451, 53.35
1377827456, 53.35
1377827461, 53.38
1377827466, 53.38
1377827471, 53.38
1377827476, 53.38
1377827481, 53.35
1377827486, 53.38
1377827491, 53.32
1377827496, 53.38
1377827501, 53.35
1377827506, 53.38
1377827511, 53.35
1377827516, 53.35
1377827521, 53.35
1377827527, 53.35
1377827531, 53.35
1377827536, 53.38
1377827541, 53.35
1377827546, 53.35
1377827551, 53.38
1377827556, 53.35
1377827561, 53.38
1377827566, 53.38
1377827571, 53.38
1377827576, 53.38
1377827581, 53.38
1377827586, 53.38
1377827591, 53.35
1377827596, 53.35
1377827601, 53.35
1377827606, 53.35
1377827611, 53.35
1377827616, 53.35
1377827621, 53.35
1377827626, 53.35
1377827631, 53.35
1377827636, 53.35
1377827641, 53.35
1377827646, 53.35
1377827651, 53.35
1377827656, 53.35
1377827661, 53.35
1377827666, 53.35
1377827671, 53.35
1377827676, 53.35
1377827681, 53.35
1377827686, 53.35
1377827691, 53.35
1377827696, 53.32
1377827701, 53.38
1377827706, 53.35
1377827711, 53.35
1377827716, 53.35
1377827721, 53.35
1377827726, 53.35
1377827731, 53.35
1377827736, 53.38
1377827742, 53.35
1377827746, 53.35
1377827751, 53.35
1377827756, 53.35
1377827761, 53.35
1377827767, 53.35
1377827771, 53.35
1377827776, 53.35
1377827781, 53.35
1377827786, 53.32
1377827791, 53.35
1377827796, 53.32
1377827801, 53.32
1377827806, 53.32
1377827811, 53.35
1377827816, 53.35
1377827821, 53.35
1377827826, 53.35
1377827831, 53.35
1377827836, 53.32
1377827841, 53.35
1377827846, 53.32
1377827851, 53.32
1377827856, 53.32
1377827861, 53.32
1377827866, 53.32
1377827871, 53.32
1377827876, 53.32
1377827881, 53.32
1377827886, 53.32
1377827891, 53.32
1377827896, 53.32
1377827901, 53.32
1377827906, 53.32
1377827911, 53.32
1377827916, 53.32
1377827921, 53.32
1377827926, 53.32
1377827931, 53.32
1377827936, 53.32
1377827941, 53.32
1377827946, 53.32
1377827951, 53.32
1377827956, 53.32
1377827961, 53.32
1377827966, 53.32
1377827971, 53.32
1377827976, 53.32
1377827981, 53.32
1377827986, 53.32
1377827991, 53.32
1377827996, 53.32
1377828001, 53.32
1377828006, 53.32
1377828011, 53.32
1377828016, 53.32
1377828021, 53.32
1377828026, 53.32
1377828031, 53.32
1377828036, 53.32
1377828041, 53.32
1377828046, 53.28
1377828051, 53.32
1377828056, 53.28
1377828061, 53.28
1377828066, 53.32
1377828071, 53.28
1377828076, 53.32
1377828081, 53.32
1377828086, 53.32
1377828091, 53.28
1377828096, 53.32
1377828101, 53.32
1377828106, 53.28
1377828111, 53.28
1377828116, 53.28
1377828121, 53.28
1377828126, 53.28
1377828131, 53.28
1377828136, 53.28
1377828141, 53.28
1377828146, 53.28
1377828151, 53.28
1377828156, 53.28
1377828161, 53.28
1377828166, 53.32
1377828171, 53.28
1377828176, 53.28
1377828181, 53.28
1377828186, 53.28
1377828191, 53.32
1377828196, 53.32
1377828201, 53.28
1377828206, 53.32
1377828211, 53.32
1377828216, 53.28
1377828221, 53.28
1377828226, 53.28
1377828231, 53.32
1377828236, 53.28
1377828241, 53.28
1377828246, 53.28
1377828251, 53.28
1377828256, 53.28
1377828261, 53.25
1377828266, 53.28
1377828271, 53.28
1377828276, 53.28
1377828281, 53.28
1377828286, 53.28
1377828291, 53.28
1377828296, 53.28
1377828301, 53.28
1377828306, 53.28
1377828311, 53.28
1377828316, 53.28
1377828321, 53.28
1377828326, 53.28
1377828331, 53.28
1377828336, 53.28
1377828341, 53.28
1377828346, 53.28
1377828351, 53.28
1377828356, 53.28
1377828361, 53.28
1377828366, 53.28
1377828371, 53.28
1377828376, 53.28
1377828381, 53.32
1377828386, 53.28
1377828391, 53.28
1377828396, 53.28
1377828401, 53.28
1377828406, 53.32
1377828411, 53.28
1377828417, 53.28
1377828421, 53.28
1377828426, 53.28
1377828432, 53.28
1377828436, 53.28
1377828441, 53.28
1377828446, 53.32
1377828451, 53.28
1377828456, 53.28
1377828461, 53.28
1377828466, 53.28
1377828471, 53.28
1377828476, 53.28
1377828481, 53.28
1377828486, 53.28
1377828491, 53.28
1377828496, 53.28
1377828501, 53.28
1377828506, 53.28
1377828511, 53.28
1377828516, 53.32
1377828521, 53.28
1377828526, 53.28
1377828531, 53.28
1377828536, 53.32
1377828541, 53.32
1377828546, 53.32
1377828551, 53.28
1377828556, 53.32
1377828561, 53.28
1377828566, 53.28
1377828571, 53.32
1377828576, 53.28
1377828581, 53.28
1377828586, 53.32
1377828591, 53.28
1377828596, 53.28
1377828601, 53.32
1377828606, 53.28
1377828611, 53.32
1377828616, 53.32
1377828621, 53.32
1377828626, 53.32
1377828631, 53.28
1377828636, 53.32
1377828641, 53.28
1377828646, 53.32
1377828651, 53.28
1377828656, 53.32
1377828661, 53.28
1377828666, 53.32
1377828671, 53.32
1377828676, 53.28
1377828681, 53.32
1377828686, 53.32
1377828691, 53.32
1377828696, 53.28
1377828701, 53.32
1377828706, 53.32
1377828711, 53.32
1377828716, 53.32
1377828721, 53.32
1377828726, 53.32
1377828731, 53.32
1377828736, 53.32
1377828741, 53.32
1377828746, 53.32
1377828751, 53.32
1377828756, 53.32
1377828761, 53.32
1377828766, 53.32
1377828771, 53.32
1377828776, 53.32
1377828781, 53.32
1377828786, 53.32
1377828791, 53.32
1377828796, 53.32
1377828801, 53.32
1377828806, 53.32
1377828811, 53.32
1377828816, 53.32
1377828821, 53.32
1377828826, 53.32
1377828832, 53.32
1377828836, 53.32
1377828841, 53.32
1377828846, 53.32
1377828851, 53.32
1377828856, 53.32
1377828861, 53.32
1377828866, 53.32
1377828871, 53.32
1377828876, 53.35
1377828881, 53.32
1377828886, 53.32
1377828891, 53.32
1377828896, 53.32
1377828901, 53.32
1377828906, 53.32
1377828911, 53.32
1377828916, 53.32
1377828921, 53.32
1377828926, 53.32
1377828931, 53.32
1377828936, 53.32
1377828941, 53.32
1377828946, 53.32
1377828951, 53.32
1377828956, 53.32
1377828961, 53.35
1377828966, 53.32
1377828971, 53.32
1377828976, 53.32
1377828981, 53.35
1377828986, 53.32
1377828991, 53.32
1377828996, 53.32
1377829001, 53.32
1377829006, 53.32
1377829011, 53.32
1377829016, 53.32
1377829021, 53.35
1377829026, 53.35
1377829031, 53.32
1377829036, 53.32
1377829041, 53.32
1377829046, 53.35
1377829051, 53.32
1377829056, 53.32
1377829061, 53.32
1377829066, 53.32
1377829071, 53.35
1377829076, 53.32
1377829081, 53.35
1377829086, 53.35
1377829091, 53.32
1377829096, 53.35
1377829101, 53.35
1377829106, 53.32
1377829111, 53.35
1377829116, 53.32
1377829121, 53.35
1377829126, 53.32
1377829131, 53.35
1377829136, 53.35
1377829141, 53.35
1377829146, 53.35
1377829151, 53.35
1377829156, 53.35
1377829161, 53.35
1377829166, 53.32
1377829171, 53.35
1377829176, 53.32
1377829181, 53.35
1377829186, 53.32
1377829191, 53.32
1377829196, 53.35
1377829201, 53.35
1377829206, 53.35
1377829211, 53.35
1377829216, 53.35
1377829221, 53.35
1377829226, 53.35
1377829231, 53.35
1377829236, 53.32
1377829241, 53.35
1377829246, 53.38
1377829251, 53.38
1377829256, 53.35
1377829261, 53.35
1377829266, 53.32
1377829271, 53.35
1377829276, 53.35
1377829281, 53.35
1377829286, 53.35
1377829291, 53.35
1377829296, 53.38
1377829301, 53.35
1377829306, 53.35
1377829311, 53.35
1377829316, 53.35
1377829321, 53.35
1377829326, 53.38
1377829331, 53.35
1377829336, 53.35
1377829341, 53.35
1377829346, 53.35
1377829351, 53.35
1377829356, 53.35
1377829361, 53.35
1377829366, 53.35
1377829371, 53.35
1377829376, 53.35
1377829381, 53.35
1377829386, 53.35
1377829391, 53.35
1377829396, 53.35
1377829401, 53.35
1377829406, 53.35
1377829411, 53.35
1377829416, 53.38
1377829421, 53.35
1377829427, 53.35
1377829431, 53.38
1377829436, 53.35
1377829441, 53.35
1377829446, 53.38
1377829451, 53.38
1377829456, 53.38
1377829461, 53.35
1377829466, 53.38
1377829471, 53.38
1377829476, 53.35
1377829481, 53.35
1377829486, 53.38
1377829491, 53.38
1377829496, 53.35
1377829501, 53.38
1377829506, 53.38
1377829511, 53.38
1377829516, 53.38
1377829521, 53.38
1377829526, 53.35
1377829531, 53.35
1377829536, 53.35
1377829541, 53.38
1377829546, 53.38
1377829551, 53.35
1377829556, 53.35
1377829561, 53.38
1377829566, 53.35
1377829571, 53.35
1377829576, 53.35
1377829581, 53.38
1377829586, 53.35
1377829591, 53.35
1377829596, 53.38
1377829601, 53.35
1377829606, 53.35
1377829611, 53.35
1377829616, 53.35
1377829621, 53.38
1377829626, 53.38
1377829631, 53.35
1377829636, 53.35
1377829641, 53.35
1377829646, 53.35
1377829651, 53.38
1377829656, 53.38
1377829661, 53.35
1377829666, 53.38
1377829671, 53.38
1377829676, 53.38
1377829681, 53.35
1377829686, 53.38
1377829691, 53.35
1377829696, 53.35
1377829701, 53.38
1377829706, 53.35
1377829711, 53.38
1377829716, 53.38
1377829722, 53.35
1377829726, 53.38
1377829731, 53.35
1377829736, 53.35
1377829741, 53.35
1377829746, 53.35
1377829751, 53.35
1377829756, 53.35
1377829761, 53.35
1377829766, 53.35
1377829771, 53.35
1377829776, 53.35
1377829781, 53.38
1377829786, 53.35
1377829791, 53.35
1377829796, 53.35
1377829801, 53.38
1377829806, 53.35
1377829811, 53.35
1377829816, 53.35
1377829821, 53.35
1377829826, 53.38
1377829831, 53.35
1377829836, 53.35
1377829841, 53.35
1377829846, 53.35
1377829851, 53.35
1377829856, 53.35
1377829861, 53.38
1377829866, 53.35
1377829871, 53.35
1377829876, 53.35
1377829881, 53.35
1377829886, 53.38
1377829891, 53.38
1377829896, 53.35
1377829901, 53.35
1377829906, 53.35
1377829911, 53.35
1377829916, 53.35
1377829921, 53.35
1377829926, 53.35
1377829931, 53.35
1377829936, 53.35
1377829941, 53.35
1377829946, 53.35
1377829951, 53.35
1377829956, 53.35
1377829961, 53.35
1377829966, 53.35
1377829971, 53.35
1377829976, 53.35
1377829981, 53.35
1377829986, 53.35
1377829991, 53.35
1377829996, 53.35
1377830001, 53.35
1377830006, 53.35
1377830011, 53.35
1377830016, 53.35
1377830021, 53.35
1377830026, 53.35
1377830031, 53.35
1377830036, 53.32
1377830041, 53.32
1377830046, 53.32
1377830051, 53.32
1377830056, 53.32
1377830061, 53.35
1377830066, 53.35
1377830071, 53.32
1377830076, 53.32
1377830081, 53.35
1377830086, 53.35
1377830091, 53.32
1377830096, 53.35
1377830101, 53.35
1377830106, 53.35
1377830111, 53.35
1377830116, 53.32
1377830121, 53.35
1377830126, 53.35
1377830131, 53.35
1377830136, 53.35
1377830141, 53.32
1377830146, 53.32
1377830151, 53.32
1377830156, 53.35
1377830161, 53.32
1377830166, 53.35
1377830171, 53.32
1377830176, 53.35
1377830181, 53.35
1377830186, 53.32
1377830191, 53.35
1377830196, 53.32
1377830201, 53.32
1377830206, 53.35
1377830211, 53.32
1377830216, 53.32
1377830221, 53.32
1377830226, 53.35
1377830231, 53.35
1377830236, 53.32
1377830241, 53.32
1377830246, 53.35
1377830251, 53.35
1377830256, 53.35
1377830261, 53.35
1377830266, 53.32
1377830271, 53.32
1377830276, 53.32
1377830281, 53.35
1377830286, 53.35
1377830291, 53.32
1377830296, 53.35
1377830301, 53.35
1377830306, 53.32
1377830311, 53.35
1377830316, 53.32
1377830321, 53.32
1377830326, 53.32
1377830331, 53.32
1377830336, 53.32
1377830341, 53.32
1377830346, 53.32
1377830351, 53.35
1377830356, 53.32
1377830361, 53.32
1377830366, 53.35
1377830371, 53.32
1377830376, 53.32
1377830381, 53.35
1377830386, 53.35
1377830391, 53.35
1377830396, 53.35
1377830401, 53.32
1377830406, 53.35
1377830411, 53.35
1377830416, 53.35
1377830421, 53.35
1377830426, 53.35
1377830431, 53.35
1377830436, 53.35
1377830441, 53.35
1377830446, 53.35
1377830451, 53.35
1377830458, 53.35
1377830461, 53.35
1377830466, 53.35
1377830471, 53.35
1377830476, 53.35
1377830481, 53.35
1377830486, 53.32
1377830491, 53.35
1377830496, 53.35
1377830501, 53.35
1377830506, 53.35
1377830511, 53.38
1377830516, 53.35
1377830521, 53.35
1377830526, 53.35
1377830531, 53.35
1377830536, 53.38
1377830541, 53.35
1377830546, 53.38
1377830551, 53.35
1377830556, 53.35
1377830561, 53.35
1377830566, 53.35
1377830571, 53.38
1377830576, 53.38
1377830581, 53.35
1377830586, 53.38
1377830591, 53.38
1377830596, 53.38
1377830601, 53.38
1377830606, 53.38
1377830611, 53.38
1377830616, 53.38
1377830621, 53.35
1377830626, 53.35
1377830631, 53.35
1377830636, 53.38
1377830641, 53.38
1377830646, 53.35
1377830651, 53.35
1377830656, 53.38
1377830661, 53.38
1377830666, 53.38
1377830671, 53.35
1377830676, 53.38
1377830681, 53.38
1377830686, 53.38
1377830691, 53.35
1377830696, 53.38
1377830701, 53.35
1377830706, 53.38
1377830711, 53.38
1377830716, 53.38
1377830721, 53.38
1377830726, 53.38
1377830731, 53.38
1377830736, 53.38
1377830741, 53.38
1377830746, 53.38
1377830751, 53.38
1377830756, 53.38
1377830761, 53.38
1377830766, 53.38
1377830771, 53.38
1377830776, 53.38
1377830781, 53.38
1377830786, 53.38
1377830791, 53.38
1377830796, 53.38
1377830801, 53.38
1377830806, 53.38
1377830811, 53.38
1377830816, 53.38
1377830821, 53.38
1377830826, 53.38
1377830831, 53.38
1377830836, 53.38
1377830841, 53.38
1377830846, 53.38
1377830851, 53.41
1377830856, 53.41
1377830861, 53.38
1377830866, 53.38
1377830871, 53.38
1377830876, 53.38
1377830881, 53.38
1377830886, 53.38
1377830891, 53.41
1377830896, 53.38
1377830901, 53.38
1377830906, 53.38
1377830911, 53.41
1377830916, 53.38
1377830921, 53.41
1377830926, 53.41
1377830931, 53.41
1377830936, 53.41
1377830941, 53.41
1377830946, 53.41
1377830951, 53.41
1377830956, 53.41
1377830961, 53.41
1377830966, 53.41
1377830971, 53.41
1377830976, 53.44
1377830981, 53.44
1377830986, 53.41
1377830991, 53.41
1377830996, 53.41
1377831001, 53.44
1377831006, 53.44
1377831011, 53.44
1377831016, 53.41
1377831021, 53.44
1377831026, 53.41
1377831031, 53.44
1377831036, 53.44
1377831041, 53.44
1377831046, 53.44
1377831051, 53.41
1377831056, 53.41
1377831061, 53.44
1377831066, 53.44
1377831071, 53.44
1377831076, 53.44
1377831081, 53.44
1377831086, 53.44
1377831091, 53.44
1377831096, 53.44
1377831101, 53.44
1377831106, 53.44
1377831111, 53.44
1377831116, 53.44
1377831121, 53.44
1377831126, 53.44
1377831131, 53.44
1377831136, 53.41
1377831141, 53.44
1377831146, 53.44
1377831151, 53.44
1377831156, 53.44
1377831161, 53.44
1377831166, 53.44
1377831171, 53.44
1377831176, 53.44
1377831181, 53.44
1377831186, 53.44
1377831192, 53.44
1377831196, 53.44
1377831201, 53.41
1377831206, 53.44
1377831211, 53.44
1377831216, 53.44
1377831221, 53.47
1377831226, 53.44
1377831231, 53.44
1377831236, 53.44
1377831241, 53.44
1377831246, 53.44
1377831251, 53.44
1377831256, 53.44
1377831261, 53.44
1377831266, 53.44
1377831271, 53.44
1377831276, 53.44
1377831281, 53.44
1377831286, 53.44
1377831291, 53.44
1377831296, 53.44
1377831301, 53.44
1377831306, 53.44
1377831311, 53.44
1377831316, 53.44
1377831321, 53.44
1377831326, 53.44
1377831331, 53.44
1377831336, 53.44
1377831341, 53.44
1377831346, 53.44
1377831351, 53.44
1377831356, 53.44
1377831361, 53.44
1377831366, 53.47
1377831371, 53.44
1377831377, 53.44
1377831381, 53.44
1377831386, 53.44
1377831391, 53.44
1377831396, 53.44
1377831401, 53.44
1377831406, 53.44
1377831411, 53.44
1377831416, 53.44
1377831421, 53.44
1377831426, 53.44
1377831431, 53.47
1377831436, 53.44
1377831441, 53.47
1377831446, 53.44
1377831451, 53.47
1377831456, 53.44
1377831461, 53.44
1377831466, 53.47
1377831471, 53.47
1377831476, 53.47
1377831481, 53.47
1377831486, 53.47
1377831491, 53.47
1377831496, 53.47
1377831501, 53.47
1377831506, 53.44
1377831511, 53.44
1377831516, 53.47
1377831521, 53.47
1377831526, 53.47
1377831531, 53.47
1377831536, 53.44
1377831541, 53.47
1377831546, 53.47
1377831551, 53.44
1377831556, 53.47
1377831561, 53.47
1377831566, 53.47
1377831571, 53.47
1377831576, 53.47
1377831581, 53.47
1377831586, 53.51
1377831591, 53.47
1377831596, 53.47
1377831601, 53.47
1377831606, 53.47
1377831611, 53.51
1377831616, 53.47
1377831621, 53.47
1377831626, 53.51
1377831631, 53.47
1377831636, 53.47
1377831641, 53.51
1377831646, 53.47
1377831651, 53.51
1377831656, 53.51
1377831661, 53.51
1377831666, 53.51
1377831671, 53.47
1377831676, 53.51
1377831681, 53.51
1377831686, 53.51
1377831691, 53.51
1377831696, 53.51
1377831701, 53.51
1377831706, 53.51
1377831711, 53.51
1377831716, 53.51
1377831721, 53.51
1377831726, 53.51
1377831731, 53.51
1377831736, 53.51
1377831741, 53.51
1377831746, 53.51
1377831751, 53.51
1377831756, 53.51
1377831761, 53.51
1377831766, 53.51
1377831771, 53.51
1377831776, 53.51
1377831781, 53.51
1377831786, 53.54
1377831791, 53.51
1377831796, 53.51
1377831801, 53.51
1377831806, 53.54
1377831811, 53.51
1377831816, 53.54
1377831821, 53.54
1377831826, 53.54
1377831831, 53.51
1377831836, 53.54
1377831841, 53.54
1377831846, 53.54
1377831851, 53.54
1377831856, 53.54
1377831861, 53.54
1377831866, 53.54
1377831871, 53.54
1377831876, 53.54
1377831881, 53.57
1377831886, 53.54
1377831891, 53.57
1377831896, 53.54
1377831901, 53.57
1377831908, 53.57
1377831911, 53.57
1377831916, 53.54
1377831921, 53.57
1377831926, 53.57
1377831931, 53.57
1377831936, 53.54
1377831941, 53.57
1377831946, 53.57
1377831951, 53.57
1377831956, 53.57
1377831961, 53.57
1377831966, 53.57
1377831971, 53.57
1377831976, 53.57
1377831981, 53.57
1377831986, 53.57
1377831991, 53.57
1377831996, 53.57
1377832001, 53.57
1377832006, 53.57
1377832011, 53.57
1377832016, 53.57
1377832021, 53.57
1377832026, 53.57
1377832031, 53.57
1377832036, 53.60
1377832041, 53.60
1377832046, 53.57
1377832051, 53.57
1377832056, 53.60
1377832061, 53.57
1377832066, 53.57
1377832071, 53.60
1377832076, 53.60
1377832081, 53.60
1377832086, 53.60
1377832091, 53.60
1377832096, 53.60
1377832101, 53.60
1377832106, 53.60
1377832111, 53.60
1377832116, 53.60
1377832121, 53.60
1377832126, 53.60
1377832131, 53.60
1377832136, 53.60
1377832141, 53.60
1377832146, 53.60
1377832151, 53.60
1377832156, 53.60
1377832161, 53.63
1377832166, 53.63
1377832171, 53.63
1377832176, 53.63
1377832181, 53.60
1377832186, 53.63
1377832191, 53.63
1377832196, 53.60
1377832201, 53.63
1377832206, 53.63
1377832211, 53.63
1377832216, 53.63
1377832221, 53.63
1377832226, 53.63
1377832231, 53.60
1377832236, 53.63
1377832241, 53.63
1377832246, 53.63
1377832251, 53.63
1377832256, 53.63
1377832261, 53.63
1377832266, 53.63
1377832271, 53.63
1377832276, 53.63
1377832281, 53.63
1377832286, 53.63
1377832291, 53.63
1377832296, 53.63
1377832301, 53.66
1377832306, 53.63
1377832311, 53.63
1377832316, 53.63
1377832321, 53.63
1377832326, 53.63
1377832331, 53.66
1377832336, 53.63
1377832341, 53.66
1377832346, 53.66
1377832351, 53.66
1377832356, 53.66
1377832361, 53.66
1377832366, 53.66
1377832371, 53.66
1377832376, 53.63
1377832381, 53.66
1377832386, 53.66
1377832391, 53.66
1377832396, 53.66
1377832401, 53.66
1377832406, 53.66
1377832411, 53.63
1377832416, 53.66
1377832421, 53.66
1377832426, 53.66
1377832431, 53.66
1377832436, 53.66
1377832441, 53.66
1377832446, 53.70
1377832451, 53.70
1377832456, 53.70
1377832461, 53.70
1377832466, 53.66
1377832471, 53.70
1377832476, 53.70
1377832481, 53.70
1377832486, 53.70
1377832491, 53.66
1377832496, 53.70
1377832501, 53.70
1377832506, 53.70
1377832511, 53.70
1377832516, 53.70
1377832521, 53.70
1377832526, 53.70
1377832531, 53.70
1377832536, 53.70
1377832541, 53.66
1377832546, 53.70
1377832551, 53.70
1377832556, 53.70
1377832561, 53.70
1377832566, 53.70
1377832571, 53.70
1377832576, 53.70
1377832581, 53.70
1377832586, 53.70
1377832591, 53.70
1377832596, 53.70
1377832601, 53.70
1377832606, 53.73
1377832611, 53.70
1377832616, 53.73
1377832621, 53.70
1377832626, 53.70
1377832631, 53.70
1377832636, 53.70
1377832641, 53.73
1377832646, 53.70
1377832651, 53.73
1377832656, 53.70
1377832661, 53.70
1377832666, 53.73
1377832671, 53.70
1377832676, 53.73
1377832681, 53.70
1377832686, 53.73
1377832691, 53.73
1377832696, 53.73
1377832701, 53.73
1377832706, 53.73
1377832711, 53.70
1377832716, 53.73
1377832721, 53.70
1377832726, 53.73
1377832731, 53.73
1377832736, 53.73
1377832741, 53.70
1377832746, 53.73
1377832751, 53.73
1377832756, 53.73
1377832761, 53.73
1377832766, 53.73
1377832771, 53.73
1377832776, 53.73
1377832781, 53.73
1377832786, 53.76
1377832791, 53.73
1377832796, 53.73
1377832801, 53.73
1377832806, 53.73
1377832811, 53.73
1377832816, 53.73
1377832821, 53.76
1377832826, 53.73
1377832831, 53.73
1377832836, 53.73
1377832841, 53.73
1377832846, 53.76
1377832851, 53.73
1377832856, 53.76
1377832861, 53.76
1377832866, 53.76
1377832871, 53.73
1377832876, 53.76
1377832881, 53.76
1377832886, 53.76
1377832891, 53.76
1377832896, 53.76
1377832901, 53.76
1377832906, 53.73
1377832911, 53.76
1377832916, 53.76
1377832921, 53.73
1377832926, 53.76
1377832931, 53.76
1377832936, 53.76
1377832941, 53.76
1377832946, 53.76
1377832951, 53.76
1377832956, 53.76
1377832961, 53.76
1377832966, 53.76
1377832971, 53.76
1377832976, 53.76
1377832981, 53.76
1377832986, 53.76
1377832991, 53.76
1377832996, 53.76
1377833001, 53.76
1377833006, 53.76
1377833011, 53.76
1377833016, 53.76
1377833021, 53.76
1377833026, 53.76
1377833031, 53.76
1377833036, 53.76
1377833041, 53.76
1377833046, 53.76
1377833051, 53.79
1377833056, 53.79
1377833061, 53.76
1377833066, 53.76
1377833071, 53.79
1377833076, 53.79
1377833081, 53.79
1377833086, 53.79
1377833091, 53.79
1377833096, 53.76
1377833101, 53.79
1377833106, 53.79
1377833111, 53.79
1377833116, 53.76
1377833121, 53.79
1377833126, 53.79
1377833131, 53.79
1377833136, 53.79
1377833141, 53.79
1377833146, 53.79
1377833151, 53.79
1377833156, 53.79
1377833161, 53.82
1377833166, 53.79
1377833171, 53.79
1377833176, 53.82
1377833181, 53.79
1377833186, 53.79
1377833191, 53.79
1377833196, 53.82
1377833201, 53.79
1377833206, 53.82
1377833211, 53.79
1377833216, 53.82
1377833221, 53.82
1377833226, 53.82
1377833231, 53.82
1377833236, 53.79
1377833241, 53.82
1377833246, 53.82
1377833251, 53.82
1377833256, 53.79
1377833261, 53.82
1377833266, 53.82
1377833271, 53.82
1377833276, 53.82
1377833281, 53.82
1377833286, 53.82
1377833291, 53.79
1377833296, 53.82
1377833301, 53.82
1377833306, 53.82
1377833311, 53.82
1377833316, 53.82
1377833321, 53.82
1377833326, 53.82
1377833331, 53.82
1377833336, 53.82
1377833341, 53.82
1377833346, 53.82
1377833351, 53.82
1377833356, 53.85
1377833361, 53.82
1377833366, 53.82
1377833371, 53.82
1377833376, 53.82
1377833381, 53.82
1377833386, 53.82
1377833391, 53.82
1377833396, 53.82
1377833402, 53.82
1377833406, 53.82
1377833411, 53.82
1377833416, 53.85
1377833421, 53.85
1377833426, 53.82
1377833431, 53.82
1377833436, 53.82
1377833441, 53.82
1377833446, 53.85
1377833451, 53.82
1377833456, 53.85
1377833461, 53.82
1377833466, 53.85
1377833471, 53.85
1377833476, 53.85
1377833481, 53.82
1377833486, 53.85
1377833491, 53.85
1377833496, 53.85
1377833501, 53.85
1377833506, 53.82
1377833511, 53.85
1377833516, 53.82
1377833521, 53.85
1377833526, 53.85
1377833531, 53.82
1377833536, 53.85
1377833541, 53.85
1377833546, 53.88
1377833551, 53.85
1377833556, 53.85
1377833561, 53.85
1377833566, 53.85
1377833571, 53.85
1377833576, 53.85
1377833581, 53.85
1377833586, 53.85
1377833591, 53.85
1377833596, 53.85
1377833601, 53.85
1377833606, 53.88
1377833611, 53.85
1377833616, 53.85
1377833621, 53.85
1377833626, 53.85
1377833631, 53.85
1377833636, 53.88
1377833641, 53.85
1377833646, 53.85
1377833651, 53.88
1377833656, 53.85
1377833661, 53.85
1377833666, 53.88
1377833671, 53.85
1377833676, 53.88
1377833681, 53.88
1377833686, 53.85
1377833691, 53.85
1377833696, 53.85
1377833701, 53.88
1377833706, 53.85
1377833711, 53.88
1377833716, 53.85
1377833721, 53.88
1377833726, 53.85
1377833731, 53.85
1377833736, 53.85
1377833741, 53.88
1377833746, 53.85
1377833751, 53.88
1377833756, 53.88
1377833761, 53.85
1377833766, 53.88
1377833771, 53.88
1377833776, 53.88
1377833781, 53.85
1377833786, 53.88
1377833791, 53.88
1377833796, 53.88
1377833801, 53.85
1377833806, 53.88
1377833811, 53.85
1377833816, 53.85
1377833821, 53.85
1377833826, 53.88
1377833831, 53.88
1377833836, 53.88
1377833841, 53.88
1377833846, 53.88
1377833851, 53.88
1377833856, 53.88
1377833861, 53.88
1377833866, 53.88
1377833871, 53.88
1377833876, 53.88
1377833881, 53.88
1377833886, 53.88
1377833891, 53.88
1377833896, 53.88
1377833901, 53.88
1377833906, 53.88
1377833911, 53.88
1377833916, 53.88
1377833921, 53.88
1377833926, 53.88
1377833931, 53.88
1377833936, 53.88
1377833941, 53.88
1377833946, 53.88
1377833951, 53.88
1377833956, 53.88
1377833961, 53.88
1377833966, 53.88
1377833971, 53.88
1377833976, 53.88
1377833981, 53.88
1377833986, 53.88
1377833991, 53.88
1377833996, 53.85
1377834001, 53.88
1377834006, 53.88
1377834011, 53.88
1377834016, 53.88
1377834021, 53.88
1377834026, 53.88
1377834031, 53.88
1377834036, 53.85
1377834041, 53.88
1377834046, 53.88
1377834051, 53.88
1377834056, 53.88
1377834061, 53.88
1377834066, 53.88
1377834071, 53.88
1377834076, 53.85
1377834081, 53.88
1377834086, 53.88
1377834091, 53.88
1377834096, 53.88
1377834101, 53.88
1377834106, 53.88
1377834111, 53.88
1377834116, 53.88
1377834121, 53.88
1377834126, 53.85
1377834131, 53.85
1377834136, 53.88
1377834141, 53.85
1377834146, 53.88
1377834151, 53.88
1377834156, 53.85
1377834161, 53.85
1377834166, 53.85
1377834173, 53.88
1377834176, 53.88
1377834181, 53.88
1377834186, 53.85
1377834191, 53.85
1377834196, 53.85
1377834201, 53.85
1377834206, 53.85
1377834211, 53.85
1377834216, 53.85
1377834221, 53.88
1377834226, 53.85
1377834231, 53.85
1377834236, 53.82
1377834241, 53.85
1377834246, 53.88
1377834251, 53.85
1377834256, 53.85
1377834261, 53.88
1377834266, 53.85
1377834271, 53.85
1377834276, 53.82
1377834281, 53.85
1377834286, 53.85
1377834291, 53.85
1377834296, 53.85
1377834301, 53.85
1377834306, 53.85
1377834311, 53.85
1377834316, 53.85
1377834321, 53.85
1377834326, 53.85
1377834331, 53.85
1377834336, 53.82
1377834341, 53.85
1377834346, 53.82
1377834351, 53.85
1377834356, 53.82
1377834361, 53.85
1377834366, 53.85
1377834371, 53.85
1377834376, 53.82
1377834381, 53.82
1377834386, 53.85
1377834391, 53.85
1377834396, 53.85
1377834401, 53.85
1377834406, 53.82
1377834411, 53.85
1377834416, 53.85
1377834421, 53.85
1377834426, 53.85
1377834431, 53.82
1377834436, 53.82
1377834441, 53.82
1377834446, 53.82
1377834451, 53.82
1377834456, 53.85
1377834461, 53.85
1377834466, 53.85
1377834471, 53.85
1377834476, 53.82
1377834481, 53.82
1377834486, 53.82
1377834491, 53.82
1377834496, 53.82
1377834501, 53.85
1377834506, 53.82
1377834511, 53.82
1377834516, 53.82
1377834521, 53.85
1377834526, 53.82
1377834531, 53.85
1377834536, 53.82
1377834541, 53.85
1377834546, 53.82
1377834551, 53.82
1377834556, 53.82
1377834561, 53.85
1377834566, 53.85
1377834571, 53.82
1377834576, 53.85
1377834581, 53.85
1377834586, 53.85
1377834591, 53.82
1377834596, 53.82
1377834601, 53.82
1377834606, 53.82
1377834611, 53.82
1377834616, 53.82
1377834621, 53.85
1377834626, 53.82
1377834631, 53.82
1377834636, 53.85
1377834641, 53.85
1377834646, 53.85
1377834651, 53.82
1377834656, 53.82
1377834661, 53.82
1377834666, 53.82
1377834671, 53.85
1377834676, 53.85
1377834681, 53.82
1377834686, 53.85
1377834691, 53.82
1377834696, 53.85
1377834701, 53.82
1377834706, 53.85
1377834711, 53.82
1377834716, 53.82
1377834721, 53.82
1377834726, 53.85
1377834731, 53.82
1377834736, 53.85
1377834741, 53.82
1377834746, 53.85
1377834751, 53.82
1377834756, 53.82
1377834761, 53.85
1377834766, 53.82
1377834771, 53.85
1377834776, 53.85
1377834781, 53.85
1377834786, 53.85
1377834791, 53.85
1377834796, 53.82
1377834801, 53.82
1377834806, 53.85
1377834811, 53.82
1377834816, 53.85
1377834821, 53.85
1377834826, 53.85
1377834831, 53.85
1377834836, 53.85
1377834841, 53.82
1377834846, 53.85
1377834851, 53.85
1377834856, 53.85
1377834861, 53.85
1377834866, 53.85
1377834871, 53.85
1377834876, 53.85
1377834881, 53.85
1377834886, 53.85
1377834891, 53.85
1377834897, 53.85
1377834901, 53.82
1377834906, 53.82
1377834911, 53.85
1377834916, 53.85
1377834921, 53.85
1377834926, 53.82
1377834931, 53.88
1377834936, 53.82
1377834941, 53.85
1377834946, 53.85
1377834951, 53.85
1377834956, 53.85
1377834961, 53.85
1377834966, 53.85
1377834971, 53.85
1377834976, 53.85
1377834981, 53.85
1377834986, 53.85
1377834991, 53.85
1377834996, 53.85
1377835001, 53.85
1377835006, 53.85
1377835011, 53.82
1377835016, 53.85
1377835021, 53.82
1377835026, 53.85
1377835031, 53.85
1377835036, 53.85
1377835041, 53.82
1377835046, 53.85
1377835051, 53.82
1377835056, 53.85
1377835061, 53.85
1377835066, 53.85
1377835071, 53.85
1377835076, 53.85
1377835081, 53.85
1377835086, 53.85
1377835091, 53.85
1377835096, 53.85
1377835101, 53.85
1377835106, 53.85
1377835111, 53.85
1377835116, 53.82
1377835121, 53.85
1377835126, 53.85
1377835131, 53.85
1377835136, 53.85
1377835141, 53.85
1377835146, 53.85
1377835151, 53.85
1377835156, 53.85
1377835161, 53.85
1377835166, 53.85
1377835171, 53.85
1377835176, 53.85
1377835181, 53.85
1377835186, 53.85
1377835191, 53.85
1377835196, 53.85
1377835201, 53.85
1377835206, 53.85
1377835211, 53.85
1377835216, 53.88
1377835221, 53.85
1377835226, 53.85
1377835231, 53.88
1377835236, 53.82
1377835241, 53.85
1377835246, 53.85
1377835251, 53.85
1377835256, 53.85
1377835261, 53.85
1377835266, 53.85
1377835271, 53.88
1377835276, 53.88
1377835281, 53.85
1377835286, 53.85
1377835291, 53.85
1377835296, 53.85
1377835301, 53.88
1377835306, 53.85
1377835311, 53.85
1377835316, 53.85
1377835321, 53.88
1377835326, 53.85
1377835331, 53.88
1377835336, 53.85
1377835341, 53.85
1377835346, 53.88
1377835351, 53.85
1377835356, 53.88
1377835361, 53.85
1377835366, 53.85
1377835371, 53.88
1377835376, 53.85
1377835381, 53.85
1377835386, 53.88
1377835391, 53.85
1377835396, 53.88
1377835401, 53.85
1377835406, 53.88
1377835411, 53.88
1377835416, 53.85
1377835421, 53.88
1377835426, 53.88
1377835431, 53.85
1377835436, 53.88
1377835441, 53.88
1377835446, 53.88
1377835451, 53.85
1377835456, 53.85
1377835461, 53.88
1377835466, 53.88
1377835471, 53.88
1377835476, 53.88
1377835481, 53.88
1377835486, 53.88
1377835491, 53.88
1377835496, 53.88
1377835501, 53.88
1377835506, 53.85
1377835511, 53.88
1377835516, 53.88
1377835521, 53.88
1377835526, 53.88
1377835531, 53.88
1377835536, 53.88
1377835541, 53.88
1377835546, 53.88
1377835551, 53.88
1377835556, 53.88
1377835561, 53.88
1377835566, 53.88
1377835571, 53.88
1377835576, 53.88
1377835581, 53.88
1377835586, 53.88
1377835591, 53.88
1377835596, 53.88
1377835601, 53.88
1377835606, 53.88
1377835611, 53.88
1377835616, 53.88
1377835621, 53.88
1377835626, 53.88
1377835631, 53.88
1377835636, 53.88
1377835641, 53.88
1377835646, 53.88
1377835651, 53.88
1377835656, 53.88
1377835661, 53.92
1377835666, 53.88
1377835671, 53.88
1377835676, 53.88
1377835681, 53.88
1377835686, 53.88
1377835691, 53.88
1377835696, 53.88
1377835701, 53.88
1377835706, 53.92
1377835711, 53.88
1377835716, 53.88
1377835721, 53.92
1377835726, 53.88
1377835731, 53.92
1377835736, 53.88
1377835741, 53.88
1377835746, 53.88
1377835751, 53.92
1377835756, 53.88
1377835761, 53.88
1377835766, 53.92
1377835771, 53.92
1377835776, 53.88
1377835781, 53.88
1377835786, 53.92
1377835791, 53.92
1377835796, 53.88
1377835801, 53.88
1377835806, 53.92
1377835811, 53.92
1377835816, 53.88
1377835821, 53.92
1377835826, 53.92
1377835831, 53.88
1377835836, 53.92
1377835841, 53.92
1377835846, 53.88
1377835851, 53.92
1377835856, 53.88
1377835861, 53.92
1377835866, 53.92
1377835871, 53.92
1377835876, 53.92
1377835881, 53.88
1377835886, 53.92
1377835891, 53.92
1377835896, 53.92
1377835901, 53.92
1377835906, 53.92
1377835911, 53.92
1377835916, 53.88
1377835921, 53.88
1377835926, 53.92
1377835931, 53.92
1377835936, 53.92
1377835941, 53.88
1377835946, 53.92
1377835951, 53.92
1377835956, 53.92
1377835961, 53.92
1377835966, 53.92
1377835971, 53.92
1377835976, 53.92
1377835981, 53.92
1377835986, 53.92
1377835991, 53.92
1377835996, 53.92
1377836001, 53.92
1377836006, 53.92
1377836011, 53.92
1377836016, 53.92
1377836021, 53.92
1377836026, 53.92
1377836031, 53.92
1377836036, 53.92
1377836041, 53.88
1377836046, 53.92
1377836051, 53.92
1377836056, 53.92
1377836061, 53.92
1377836066, 53.92
1377836071, 53.92
1377836076, 53.88
1377836081, 53.92
1377836086, 53.92
1377836091, 53.92
1377836096, 53.92
1377836101, 53.92
1377836106, 53.88
1377836111, 53.88
1377836116, 53.92
1377836121, 53.92
1377836126, 53.92
1377836131, 53.92
1377836136, 53.92
1377836141, 53.92
1377836146, 53.92
1377836151, 53.92
1377836156, 53.92
1377836161, 53.92
1377836166, 53.92
1377836171, 53.92
1377836176, 53.92
1377836181, 53.92
1377836186, 53.92
1377836191, 53.92
1377836196, 53.92
1377836201, 53.92
1377836206, 53.92
1377836211, 53.92
1377836216, 53.88
1377836221, 53.92
1377836226, 53.92
1377836231, 53.88
1377836236, 53.92
1377836241, 53.92
1377836246, 53.92
1377836251, 53.92
1377836256, 53.92
1377836261, 53.92
1377836266, 53.92
1377836271, 53.92
1377836276, 53.92
1377836281, 53.92
1377836286, 53.92
1377836291, 53.92
1377836296, 53.92
1377836301, 53.92
1377836306, 53.92
1377836311, 53.92
1377836316, 53.92
1377836321, 53.92
1377836326, 53.92
1377836331, 53.95
1377836336, 53.92
1377836341, 53.92
1377836346, 53.92
1377836351, 53.92
1377836356, 53.92
1377836361, 53.92
1377836366, 53.92
1377836371, 53.92
1377836376, 53.92
1377836381, 53.92
1377836386, 53.92
1377836391, 53.92
1377836396, 53.95
1377836401, 53.92
1377836406, 53.92
1377836411, 53.92
1377836416, 53.95
1377836421, 53.95
1377836426, 53.92
1377836431, 53.92
1377836436, 53.95
1377836441, 53.95
1377836446, 53.95
1377836451, 53.92
1377836456, 53.95
1377836461, 53.95
1377836466, 53.95
1377836471, 53.95
1377836476, 53.95
1377836481, 53.95
1377836486, 53.92
1377836491, 53.95
1377836496, 53.92
1377836501, 53.92
1377836506, 53.92
1377836511, 53.92
1377836516, 53.95
1377836521, 53.95
1377836526, 53.92
1377836531, 53.95
1377836536, 53.92
1377836541, 53.92
1377836546, 53.92
1377836551, 53.92
1377836556, 53.95
1377836561, 53.95
1377836566, 53.95
1377836571, 53.95
1377836576, 53.95
1377836581, 53.95
1377836586, 53.92
1377836591, 53.92
1377836596, 53.92
1377836601, 53.92
1377836606, 53.95
1377836611, 53.95
1377836616, 53.95
1377836621, 53.92
1377836626, 53.95
1377836631, 53.92
1377836636, 53.92
1377836641, 53.95
1377836646, 53.92
1377836651, 53.92
1377836656, 53.92
1377836661, 53.92
1377836666, 53.92
1377836671, 53.95
1377836676, 53.92
1377836681, 53.92
1377836686, 53.92
1377836691, 53.92
1377836696, 53.95
1377836701, 53.92
1377836706, 53.92
1377836711, 53.95
1377836716, 53.92
1377836721, 53.92
1377836726, 53.95
1377836731, 53.92
1377836736, 53.92
1377836741, 53.92
1377836746, 53.95
1377836751, 53.92
1377836756, 53.95
1377836761, 53.92
1377836766, 53.92
1377836771, 53.88
1377836776, 53.88
1377836781, 53.92
1377836786, 53.92
1377836791, 53.92
1377836796, 53.92
1377836801, 53.92
1377836806, 53.95
1377836811, 53.92
1377836816, 53.92
1377836821, 53.88
1377836826, 53.92
1377836831, 53.92
1377836836, 53.92
1377836841, 53.92
1377836846, 53.92
1377836851, 53.88
1377836856, 53.92
1377836861, 53.92
1377836866, 53.88
1377836871, 53.92
1377836876, 53.92
1377836881, 53.92
1377836886, 53.92
1377836891, 53.92
1377836896, 53.92
1377836901, 53.92
1377836906, 53.92
1377836911, 53.92
1377836916, 53.88
1377836921, 53.88
1377836926, 53.92
1377836931, 53.92
1377836936, 53.88
1377836941, 53.92
1377836946, 53.92
1377836951, 53.92
1377836956, 53.88
1377836961, 53.88
1377836966, 53.92
1377836971, 53.88
1377836976, 53.92
1377836981, 53.92
1377836986, 53.92
1377836991, 53.88
1377836996, 53.92
1377837001, 53.92
1377837006, 53.92
1377837011, 53.88
1377837016, 53.92
1377837021, 53.88
1377837026, 53.92
1377837031, 53.88
1377837036, 53.92
1377837041, 53.92
1377837046, 53.92
1377837051, 53.88
1377837056, 53.92
1377837061, 53.92
1377837066, 53.92
1377837071, 53.88
1377837076, 53.92
1377837081, 53.92
1377837086, 53.88
1377837091, 53.92
1377837096, 53.92
1377837101, 53.92
1377837106, 53.92
1377837111, 53.92
1377837116, 53.92
1377837121, 53.92
1377837128, 53.88
1377837131, 53.92
1377837136, 53.92
1377837141, 53.92
1377837146, 53.95
1377837151, 53.92
1377837156, 53.92
1377837161, 53.95
1377837166, 53.92
1377837171, 53.92
1377837176, 53.95
1377837181, 53.92
1377837186, 53.92
1377837191, 53.92
1377837196, 53.92
1377837201, 53.92
1377837206, 53.92
1377837211, 53.92
1377837216, 53.95
1377837221, 53.92
1377837226, 53.92
1377837231, 53.92
1377837236, 53.92
1377837241, 53.95
1377837246, 53.92
1377837251, 53.95
1377837256, 53.95
1377837261, 53.95
1377837266, 53.92
1377837271, 53.95
1377837276, 53.92
1377837281, 53.95
1377837286, 53.95
1377837291, 53.95
1377837296, 53.95
1377837301, 53.95
1377837306, 53.92
1377837311, 53.95
1377837316, 53.95
1377837321, 53.95
1377837326, 53.95
1377837331, 53.95
1377837336, 53.92
1377837341, 53.95
1377837346, 53.95
1377837351, 53.95
1377837356, 53.95
1377837361, 53.95
1377837366, 53.95
1377837371, 53.95
1377837376, 53.95
1377837381, 53.95
1377837386, 53.95
1377837391, 53.95
1377837396, 53.95
1377837401, 53.95
1377837406, 53.95
1377837411, 53.95
1377837416, 53.95
1377837421, 53.95
1377837426, 53.95
1377837431, 53.95
1377837436, 53.95
1377837441, 53.95
1377837446, 53.95
1377837451, 53.95
1377837456, 53.95
1377837461, 53.95
1377837466, 53.95
1377837471, 53.95
1377837476, 53.95
1377837481, 53.95
1377837486, 53.95
1377837491, 53.95
1377837496, 53.95
1377837501, 53.95
1377837506, 53.95
1377837511, 53.95
1377837516, 53.95
1377837521, 53.95
1377837526, 53.95
1377837531, 53.95
1377837536, 53.95
1377837541, 53.95
1377837546, 53.95
1377837551, 53.95
1377837556, 53.98
1377837561, 53.95
1377837566, 53.95
1377837571, 53.95
1377837576, 53.95
1377837581, 53.95
1377837586, 53.98
1377837591, 53.95
1377837596, 53.95
1377837601, 53.95
1377837606, 53.95
1377837611, 53.95
1377837616, 53.95
1377837621, 53.95
1377837626, 53.95
1377837631, 53.95
1377837636, 53.98
1377837641, 53.95
1377837646, 53.95
1377837651, 53.95
1377837656, 53.98
1377837661, 53.98
1377837666, 53.98
1377837671, 53.95
1377837676, 53.98
1377837681, 53.95
1377837686, 53.98
1377837691, 53.95
1377837696, 53.98
1377837701, 54.01
1377837706, 53.98
1377837711, 53.98
1377837716, 53.98
1377837721, 53.98
1377837726, 53.95
1377837731, 53.98
1377837736, 53.98
1377837741, 53.98
1377837746, 53.98
1377837751, 53.98
1377837756, 53.98
1377837761, 53.98
1377837766, 54.01
1377837771, 53.98
1377837776, 53.98
1377837781, 53.98
1377837786, 53.98
1377837791, 53.98
1377837796, 53.98
1377837801, 53.98
1377837806, 53.98
1377837811, 53.98
1377837816, 53.98
1377837821, 53.98
1377837826, 53.98
1377837831, 54.01
1377837836, 53.98
1377837841, 54.01
1377837846, 53.98
1377837851, 53.98
1377837856, 54.01
1377837861, 54.01
1377837866, 54.01
1377837871, 53.98
1377837876, 53.98
1377837881, 53.98
1377837886, 54.01
1377837891, 53.98
1377837896, 53.98
1377837901, 54.01
1377837906, 53.98
1377837911, 54.01
1377837916, 54.01
1377837921, 54.01
1377837926, 54.01
1377837931, 53.98
1377837936, 54.01
1377837941, 54.01
1377837946, 54.01
1377837951, 53.98
1377837956, 54.01
1377837961, 53.98
1377837966, 54.01
1377837971, 54.01
1377837976, 54.01
1377837981, 54.01
1377837986, 54.01
1377837991, 53.98
1377837996, 54.01
1377838001, 54.01
1377838006, 53.98
1377838011, 54.01
1377838016, 53.98
1377838021, 53.98
1377838026, 54.01
1377838031, 53.98
1377838036, 54.01
1377838041, 54.01
1377838046, 53.98
1377838051, 53.98
1377838056, 54.01
1377838061, 54.01
1377838066, 53.98
1377838071, 54.01
1377838076, 54.01
1377838081, 54.01
1377838086, 54.01
1377838091, 53.98
1377838096, 53.98
1377838101, 54.01
1377838106, 54.01
1377838111, 54.01
1377838116, 54.01
1377838121, 54.01
1377838126, 54.01
1377838131, 54.01
1377838136, 53.98
1377838141, 53.98
1377838146, 54.01
1377838151, 54.01
1377838156, 54.01
1377838161, 54.01
1377838166, 54.01
1377838171, 53.98
1377838176, 54.01
1377838181, 53.98
1377838186, 54.01
1377838191, 54.01
1377838196, 54.01
1377838201, 54.01
1377838206, 53.98
1377838211, 54.01
1377838216, 54.01
1377838221, 54.01
1377838226, 54.01
1377838231, 54.01
1377838236, 54.01
1377838241, 54.01
1377838246, 54.01
1377838251, 53.98
1377838256, 54.01
1377838261, 54.01
1377838266, 54.01
1377838271, 54.01
1377838276, 54.01
1377838281, 54.01
1377838286, 54.01
1377838291, 54.01
1377838296, 54.01
1377838301, 54.01
1377838306, 54.01
1377838311, 54.01
1377838316, 54.01
1377838321, 54.01
1377838326, 54.01
1377838331, 54.01
1377838336, 54.01
1377838341, 54.01
1377838346, 54.01
1377838351, 54.01
1377838356, 54.01
1377838361, 54.01
1377838366, 54.01
1377838371, 54.01
1377838376, 54.01
1377838381, 54.01
1377838386, 54.01
1377838391, 54.01
1377838396, 54.01
1377838401, 54.01
1377838406, 54.01
1377838411, 54.01
1377838416, 54.01
1377838421, 54.01
1377838426, 54.01
1377838431, 54.01
1377838436, 54.01
1377838441, 54.01
1377838446, 54.01
1377838451, 54.01
1377838456, 54.01
1377838461, 54.01
1377838466, 54.01
1377838471, 54.01
1377838476, 54.01
1377838481, 54.01
1377838486, 54.01
1377838491, 54.01
1377838496, 54.01
1377838501, 54.01
1377838506, 54.04
1377838511, 54.01
1377838516, 54.01
1377838521, 54.01
1377838526, 54.01
1377838531, 54.01
1377838536, 54.04
1377838541, 54.01
1377838546, 54.01
1377838551, 54.01
1377838556, 54.04
1377838561, 54.04
1377838566, 54.01
1377838571, 54.01
1377838576, 54.01
1377838581, 54.04
1377838586, 54.01
1377838591, 54.01
1377838596, 54.01
1377838601, 54.01
1377838606, 54.01
1377838611, 54.01
1377838616, 54.01
1377838621, 54.04
1377838626, 54.04
1377838631, 54.01
1377838636, 54.01
1377838641, 54.04
1377838646, 54.01
1377838651, 54.04
1377838656, 54.01
1377838661, 54.01
1377838666, 54.01
1377838671, 54.04
1377838676, 54.01
1377838681, 54.01
1377838686, 54.01
1377838691, 54.01
1377838696, 54.01
1377838701, 54.01
1377838706, 54.01
1377838711, 54.01
1377838716, 54.01
1377838721, 54.04
1377838726, 54.01
1377838731, 54.01
1377838736, 54.01
1377838741, 54.01
1377838746, 54.01
1377838751, 54.01
1377838756, 54.04
1377838761, 54.01
1377838766, 54.01
1377838771, 54.01
1377838776, 54.01
1377838781, 54.01
1377838786, 54.01
1377838791, 54.01
1377838796, 54.01
1377838801, 54.01
1377838806, 54.01
1377838811, 54.01
1377838816, 54.01
1377838821, 54.01
1377838826, 54.01
1377838831, 54.01
1377838836, 54.01
1377838841, 54.01
1377838846, 54.01
1377838851, 54.01
1377838856, 54.01
1377838861, 54.01
1377838866, 54.01
1377838871, 54.01
1377838876, 54.01
1377838881, 54.01
1377838886, 54.01
1377838891, 54.01
1377838896, 54.01
1377838901, 54.01
1377838906, 54.01
1377838911, 54.01
1377838916, 54.04
1377838921, 54.01
1377838926, 54.01
1377838931, 54.01
1377838936, 54.01
1377838941, 54.04
1377838946, 54.01
1377838951, 54.01
1377838956, 54.01
1377838961, 54.01
1377838966, 54.01
1377838971, 54.01
1377838976, 54.01
1377838981, 54.01
1377838986, 54.01
1377838991, 54.01
1377838996, 54.01
1377839001, 54.01
1377839006, 54.01
1377839011, 54.01
1377839016, 54.01
1377839021, 54.01
1377839026, 54.01
1377839031, 54.01
1377839036, 54.01
1377839041, 54.01
1377839046, 54.01
1377839051, 54.01
1377839056, 54.01
1377839061, 54.01
1377839066, 54.01
1377839071, 54.01
1377839076, 54.01
1377839081, 54.01
1377839086, 54.01
1377839091, 54.01
1377839096, 54.01
1377839101, 54.01
1377839106, 54.01
1377839111, 54.01
1377839116, 53.98
1377839121, 54.01
1377839126, 54.01
1377839131, 54.01
1377839136, 54.01
1377839141, 54.01
1377839146, 54.01
1377839151, 54.01
1377839156, 54.01
1377839161, 54.01
1377839166, 54.01
1377839171, 54.01
1377839176, 54.01
1377839181, 54.01
1377839186, 54.01
1377839191, 54.01
1377839196, 54.01
1377839201, 54.01
1377839206, 54.01
1377839211, 54.01
1377839216, 54.01
1377839221, 54.01
1377839226, 54.01
1377839231, 54.01
1377839236, 54.01
1377839241, 54.01
1377839246, 54.01
1377839251, 54.01
1377839256, 54.01
1377839261, 54.01
1377839266, 54.01
1377839271, 54.01
1377839276, 54.01
1377839281, 54.01
1377839286, 54.01
1377839291, 54.01
1377839296, 53.98
1377839301, 54.01
1377839306, 53.98
1377839311, 54.01
1377839316, 54.01
1377839321, 54.01
1377839326, 53.98
1377839331, 53.98
1377839336, 54.01
1377839341, 54.01
1377839346, 54.01
1377839351, 54.01
1377839356, 54.01
1377839361, 53.98
1377839366, 53.98
1377839371, 54.01
1377839376, 53.98
1377839381, 54.01
1377839386, 54.01
1377839391, 53.98
1377839396, 54.01
1377839401, 53.98
1377839406, 54.01
1377839411, 54.01
1377839416, 54.01
1377839421, 54.01
1377839426, 54.01
1377839431, 54.01
1377839436, 54.01
1377839441, 53.98
1377839446, 54.01
1377839451, 53.98
1377839456, 54.01
1377839461, 54.01
1377839466, 54.01
1377839471, 54.01
1377839476, 54.01
1377839481, 54.01
1377839486, 54.01
1377839491, 53.98
1377839496, 54.01
1377839501, 53.98
1377839506, 54.01
1377839511, 54.01
1377839516, 53.98
1377839521, 53.98
1377839526, 54.01
1377839531, 54.01
1377839536, 53.98
1377839541, 54.01
1377839546, 54.01
1377839551, 54.01
1377839556, 54.01
1377839561, 53.98
1377839566, 54.01
1377839571, 53.98
1377839576, 53.98
1377839581, 54.01
1377839586, 54.01
1377839591, 54.01
1377839596, 54.01
1377839601, 54.01
1377839606, 53.98
1377839611, 54.01
1377839616, 54.01
1377839621, 54.01
1377839626, 54.01
1377839631, 54.01
1377839636, 54.01
1377839641, 54.01
1377839646, 53.98
1377839651, 53.98
1377839656, 54.01
1377839661, 54.01
1377839666, 53.98
1377839671, 54.01
1377839676, 54.01
1377839681, 53.98
1377839686, 54.01
1377839691, 54.01
1377839696, 54.01
1377839701, 54.01
1377839706, 54.01
1377839711, 54.01
1377839716, 53.98
1377839721, 54.01
1377839726, 53.98
1377839731, 54.01
1377839736, 53.98
1377839741, 54.01
1377839746, 54.01
1377839751, 53.98
1377839756, 54.01
1377839761, 54.01
1377839766, 54.01
1377839771, 53.98
1377839776, 54.01
1377839781, 54.01
1377839786, 54.01
1377839791, 53.98
1377839796, 54.01
1377839801, 53.98
1377839806, 53.98
1377839811, 53.95
1377839816, 54.01
1377839821, 54.01
1377839826, 53.98
1377839831, 53.98
1377839836, 53.98
1377839841, 53.98
1377839846, 53.98
1377839851, 54.01
1377839856, 54.01
1377839861, 54.01
1377839866, 53.98
1377839871, 53.98
1377839876, 53.98
1377839881, 54.01
1377839886, 53.98
1377839891, 54.01
1377839896, 53.98
1377839901, 53.98
1377839906, 54.01
1377839911, 54.01
1377839916, 54.01
1377839921, 53.98
1377839926, 54.01
1377839931, 54.01
1377839936, 53.98
1377839941, 54.01
1377839946, 54.01
1377839951, 53.98
1377839956, 53.98
1377839961, 54.01
1377839966, 53.98
1377839971, 54.01
1377839976, 54.01
1377839981, 53.98
1377839986, 54.01
1377839991, 54.01
1377839996, 53.98
1377840001, 54.01
1377840006, 54.01
1377840011, 54.01
1377840016, 54.01
1377840021, 54.01
1377840026, 53.98
1377840031, 54.01
1377840036, 54.01
1377840041, 53.98
1377840046, 54.01
1377840051, 54.01
1377840056, 54.01
1377840061, 54.01
1377840066, 54.01
1377840071, 54.01
1377840076, 54.01
1377840081, 54.01
1377840086, 54.01
1377840091, 54.01
1377840096, 54.01
1377840101, 54.01
1377840106, 54.01
1377840111, 54.01
1377840116, 54.01
1377840121, 54.01
1377840126, 54.01
1377840131, 54.01
1377840136, 54.01
1377840141, 54.01
1377840146, 54.01
1377840151, 54.01
1377840156, 54.01
1377840161, 54.01
1377840166, 54.01
1377840171, 54.01
1377840176, 54.01
1377840181, 54.01
1377840186, 54.01
1377840191, 54.01
1377840196, 54.01
1377840201, 54.01
1377840206, 54.01
1377840211, 54.01
1377840216, 54.01
1377840221, 54.01
1377840226, 54.01
1377840231, 54.01
1377840236, 54.01
1377840241, 54.01
1377840246, 54.01
1377840251, 54.01
1377840256, 54.01
1377840261, 54.01
1377840266, 54.01
1377840271, 54.04
1377840276, 54.04
1377840281, 54.01
1377840286, 54.04
1377840291, 54.04
1377840296, 54.04
1377840301, 54.04
1377840306, 54.01
1377840311, 54.04
1377840316, 54.04
1377840321, 54.04
1377840326, 54.04
1377840331, 54.04
1377840336, 54.07
1377840341, 54.04
1377840346, 54.04
1377840351, 54.04
1377840356, 54.04
1377840361, 54.04
1377840366, 54.07
1377840371, 54.04
1377840376, 54.04
1377840381, 54.04
1377840386, 54.04
1377840391, 54.04
1377840396, 54.04
1377840401, 54.07
1377840406, 54.04
1377840411, 54.04
1377840416, 54.07
1377840421, 54.04
1377840426, 54.04
1377840431, 54.04
1377840436, 54.07
1377840441, 54.07
1377840446, 54.07
1377840451, 54.04
1377840456, 54.07
1377840461, 54.07
1377840466, 54.07
1377840471, 54.07
1377840476, 54.07
1377840481, 54.07
1377840486, 54.07
1377840491, 54.07
1377840496, 54.07
1377840501, 54.07
1377840506, 54.07
1377840511, 54.07
1377840516, 54.04
1377840521, 54.07
1377840526, 54.07
1377840531, 54.07
1377840536, 54.07
1377840541, 54.07
1377840546, 54.07
1377840551, 54.07
1377840556, 54.07
1377840561, 54.07
1377840566, 54.07
1377840571, 54.07
1377840576, 54.07
1377840581, 54.07
1377840586, 54.07
1377840591, 54.07
1377840596, 54.07
1377840601, 54.07
1377840606, 54.07
1377840611, 54.07
1377840616, 54.07
1377840621, 54.07
1377840626, 54.07
1377840631, 54.07
1377840636, 54.07
1377840641, 54.07
1377840646, 54.07
1377840651, 54.07
1377840656, 54.10
1377840661, 54.07
1377840666, 54.10
1377840671, 54.10
1377840676, 54.07
1377840681, 54.07
1377840686, 54.07
1377840691, 54.10
1377840696, 54.10
1377840701, 54.07
1377840706, 54.07
1377840711, 54.10
1377840716, 54.07
1377840721, 54.07
1377840726, 54.10
1377840731, 54.10
1377840736, 54.07
1377840741, 54.10
1377840746, 54.07
1377840751, 54.10
1377840756, 54.10
1377840761, 54.10
1377840766, 54.07
1377840771, 54.07
1377840776, 54.10
1377840781, 54.14
1377840786, 54.10
1377840791, 54.10
1377840796, 54.10
1377840801, 54.10
1377840806, 54.10
1377840811, 54.10
1377840816, 54.10
1377840821, 54.10
1377840826, 54.07
1377840831, 54.10
1377840836, 54.10
1377840841, 54.10
1377840846, 54.10
1377840851, 54.10
1377840856, 54.10
1377840861, 54.10
1377840866, 54.10
1377840871, 54.10
1377840876, 54.10
1377840881, 54.10
1377840886, 54.10
1377840891, 54.10
1377840896, 54.14
1377840901, 54.10
1377840906, 54.14
1377840911, 54.10
1377840916, 54.10
1377840921, 54.14
1377840926, 54.10
1377840931, 54.14
1377840936, 54.10
1377840941, 54.14
1377840946, 54.14
1377840951, 54.14
1377840956, 54.14
1377840961, 54.14
1377840966, 54.10
1377840971, 54.10
1377840976, 54.14
1377840981, 54.14
1377840986, 54.14
1377840991, 54.14
1377840996, 54.14
1377841001, 54.14
1377841006, 54.14
1377841011, 54.14
1377841016, 54.14
1377841021, 54.14
1377841026, 54.14
1377841031, 54.14
1377841036, 54.14
1377841041, 54.14
1377841046, 54.14
1377841051, 54.14
1377841056, 54.14
1377841061, 54.14
1377841066, 54.14
1377841071, 54.14
1377841076, 54.14
1377841081, 54.14
1377841086, 54.14
1377841091, 54.14
1377841096, 54.14
1377841101, 54.14
1377841106, 54.14
1377841111, 54.14
1377841116, 54.17
1377841121, 54.14
1377841126, 54.17
1377841131, 54.14
1377841136, 54.14
1377841141, 54.14
1377841146, 54.14
1377841151, 54.14
1377841156, 54.14
1377841161, 54.14
1377841166, 54.14
1377841171, 54.14
1377841176, 54.14
1377841181, 54.17
1377841186, 54.14
1377841191, 54.14
1377841196, 54.17
1377841201, 54.17
1377841206, 54.17
1377841211, 54.17
1377841216, 54.14
1377841221, 54.14
1377841226, 54.17
1377841231, 54.17
1377841236, 54.14
1377841241, 54.17
1377841246, 54.17
1377841251, 54.14
1377841256, 54.17
1377841261, 54.14
1377841266, 54.14
1377841271, 54.17
1377841276, 54.17
1377841281, 54.17
1377841286, 54.17
1377841291, 54.14
1377841296, 54.17
1377841301, 54.17
1377841306, 54.17
1377841311, 54.17
1377841316, 54.17
1377841321, 54.17
1377841326, 54.17
1377841331, 54.17
1377841336, 54.20
1377841341, 54.20
1377841346, 54.20
1377841351, 54.17
1377841356, 54.17
1377841361, 54.17
1377841366, 54.17
1377841371, 54.17
1377841376, 54.17
1377841381, 54.17
1377841386, 54.17
1377841391, 54.17
1377841396, 54.17
1377841401, 54.17
1377841406, 54.17
1377841411, 54.17
1377841416, 54.17
1377841421, 54.17
1377841426, 54.17
1377841431, 54.20
1377841436, 54.17
1377841441, 54.17
1377841446, 54.17
1377841451, 54.14
1377841456, 54.17
1377841461, 54.17
1377841466, 54.17
1377841471, 54.17
1377841476, 54.17
1377841481, 54.17
1377841486, 54.17
1377841491, 54.17
1377841496, 54.14
1377841501, 54.17
1377841506, 54.17
1377841511, 54.17
1377841516, 54.14
1377841521, 54.17
1377841526, 54.17
1377841531, 54.14
1377841536, 54.14
1377841541, 54.14
1377841546, 54.17
1377841551, 54.14
1377841556, 54.14
1377841561, 54.17
1377841566, 54.17
1377841571, 54.14
1377841576, 54.14
1377841581, 54.14
1377841586, 54.17
1377841591, 54.17
1377841596, 54.17
1377841601, 54.14
1377841606, 54.14
1377841611, 54.17
1377841616, 54.14
1377841621, 54.14
1377841626, 54.14
1377841631, 54.17
1377841636, 54.17
1377841641, 54.14
1377841646, 54.17
1377841651, 54.14
1377841656, 54.14
1377841661, 54.14
1377841666, 54.14
1377841671, 54.14
1377841676, 54.17
1377841681, 54.14
1377841686, 54.14
1377841691, 54.17
1377841696, 54.14
1377841701, 54.14
1377841706, 54.14
1377841711, 54.14
1377841716, 54.17
1377841721, 54.14
1377841726, 54.14
1377841731, 54.14
1377841736, 54.14
1377841741, 54.17
1377841746, 54.14
1377841751, 54.14
1377841756, 54.14
1377841761, 54.14
1377841766, 54.14
1377841771, 54.14
1377841776, 54.14
1377841781, 54.14
1377841786, 54.14
1377841791, 54.14
1377841796, 54.14
1377841801, 54.14
1377841806, 54.14
1377841811, 54.14
1377841816, 54.14
1377841821, 54.14
1377841826, 54.17
1377841831, 54.14
1377841836, 54.17
1377841841, 54.14
1377841846, 54.14
1377841851, 54.14
1377841856, 54.14
1377841861, 54.14
1377841866, 54.14
1377841871, 54.14
1377841876, 54.14
1377841881, 54.14
1377841886, 54.14
1377841891, 54.14
1377841896, 54.17
1377841901, 54.17
1377841906, 54.14
1377841911, 54.14
1377841916, 54.14
1377841921, 54.14
1377841926, 54.14
1377841931, 54.14
1377841936, 54.17
1377841941, 54.14
1377841946, 54.14
1377841951, 54.17
1377841956, 54.14
1377841961, 54.14
1377841966, 54.14
1377841971, 54.14
1377841976, 54.14
1377841981, 54.17
1377841986, 54.17
1377841991, 54.14
1377841996, 54.14
1377842001, 54.14
1377842006, 54.14
1377842011, 54.17
1377842016, 54.17
1377842021, 54.17
1377842026, 54.14
1377842031, 54.14
1377842036, 54.17
1377842041, 54.14
1377842046, 54.17
1377842051, 54.14
1377842056, 54.14
1377842061, 54.17
1377842066, 54.17
1377842071, 54.17
1377842076, 54.14
1377842081, 54.14
1377842086, 54.14
1377842091, 54.14
1377842096, 54.17
1377842101, 54.17
1377842106, 54.17
1377842111, 54.17
1377842116, 54.17
1377842121, 54.17
1377842126, 54.14
1377842131, 54.17
1377842136, 54.17
1377842141, 54.14
1377842146, 54.17
1377842151, 54.17
1377842156, 54.14
1377842161, 54.17
1377842166, 54.17
1377842171, 54.17
1377842176, 54.17
1377842181, 54.17
1377842186, 54.17
1377842191, 54.17
1377842196, 54.14
1377842201, 54.14
1377842206, 54.14
1377842211, 54.17
1377842216, 54.14
1377842221, 54.17
1377842226, 54.14
1377842231, 54.14
1377842236, 54.17
1377842241, 54.14
1377842246, 54.14
1377842251, 54.17
1377842256, 54.14
1377842261, 54.17
1377842266, 54.17
1377842271, 54.14
1377842276, 54.14
1377842281, 54.17
1377842286, 54.17
1377842291, 54.14
1377842296, 54.14
1377842301, 54.17
1377842306, 54.14
1377842311, 54.17
1377842316, 54.14
1377842321, 54.14
1377842326, 54.17
1377842331, 54.17
1377842336, 54.14
1377842341, 54.14
1377842346, 54.14
1377842351, 54.14
1377842356, 54.14
1377842361, 54.14
1377842366, 54.14
1377842371, 54.14
1377842376, 54.14
1377842381, 54.17
1377842386, 54.17
1377842391, 54.14
1377842396, 54.17
1377842401, 54.17
1377842406, 54.17
1377842411, 54.14
1377842416, 54.17
1377842421, 54.17
1377842426, 54.14
1377842431, 54.17
1377842436, 54.14
1377842441, 54.14
1377842446, 54.14
1377842451, 54.17
1377842456, 54.14
1377842461, 54.17
1377842466, 54.14
1377842471, 54.17
1377842476, 54.14
1377842481, 54.14
1377842486, 54.14
1377842491, 54.14
1377842496, 54.14
1377842501, 54.14
1377842506, 54.14
1377842511, 54.14
1377842516, 54.14
1377842521, 54.14
1377842526, 54.17
1377842531, 54.14
1377842536, 54.14
1377842541, 54.14
1377842546, 54.14
1377842551, 54.14
1377842556, 54.14
1377842561, 54.14
1377842566, 54.14
1377842571, 54.14
1377842576, 54.14
1377842581, 54.17
1377842586, 54.14
1377842591, 54.14
1377842596, 54.14
1377842601, 54.14
1377842606, 54.14
1377842611, 54.14
1377842616, 54.14
1377842621, 54.14
1377842626, 54.14
1377842631, 54.14
1377842636, 54.14
1377842641, 54.14
1377842646, 54.14
1377842651, 54.14
1377842656, 54.14
1377842661, 54.14
1377842666, 54.14
1377842671, 54.14
1377842676, 54.14
1377842681, 54.14
1377842686, 54.14
1377842691, 54.14
1377842696, 54.14
1377842701, 54.14
1377842706, 54.14
1377842711, 54.14
1377842716, 54.14
1377842721, 54.14
1377842726, 54.14
1377842731, 54.14
1377842736, 54.14
1377842741, 54.14
1377842746, 54.14
1377842751, 54.10
1377842756, 54.14
1377842761, 54.14
1377842766, 54.14
1377842771, 54.14
1377842776, 54.14
1377842781, 54.14
1377842786, 54.14
1377842791, 54.10
1377842796, 54.14
1377842801, 54.14
1377842806, 54.14
1377842811, 54.14
1377842816, 54.14
1377842821, 54.14
1377842826, 54.14
1377842831, 54.14
1377842836, 54.14
1377842841, 54.14
1377842846, 54.14
1377842851, 54.14
1377842856, 54.14
1377842861, 54.14
1377842866, 54.14
1377842871, 54.14
1377842876, 54.14
1377842881, 54.14
1377842886, 54.14
1377842891, 54.14
1377842896, 54.14
1377842901, 54.14
1377842906, 54.14
1377842911, 54.14
1377842916, 54.14
1377842921, 54.14
1377842926, 54.14
1377842931, 54.10
1377842936, 54.14
1377842941, 54.14
1377842946, 54.14
1377842951, 54.14
1377842956, 54.14
1377842961, 54.14
1377842966, 54.14
1377842971, 54.14
1377842976, 54.10
1377842981, 54.14
1377842986, 54.10
1377842991, 54.10
1377842996, 54.14
1377843001, 54.14
1377843006, 54.10
1377843011, 54.14
1377843016, 54.14
1377843021, 54.14
1377843026, 54.10
1377843031, 54.14
1377843036, 54.14
1377843041, 54.14
1377843046, 54.14
1377843051, 54.14
1377843056, 54.10
1377843061, 54.14
1377843066, 54.10
1377843071, 54.10
1377843076, 54.10
1377843081, 54.14
1377843086, 54.10
1377843091, 54.14
1377843096, 54.10
1377843101, 54.10
1377843106, 54.10
1377843111, 54.10
1377843116, 54.10
1377843121, 54.10
1377843126, 54.14
1377843131, 54.10
1377843136, 54.10
1377843141, 54.10
1377843146, 54.10
1377843151, 54.10
1377843156, 54.14
1377843161, 54.14
1377843166, 54.14
1377843171, 54.14
1377843176, 54.10
1377843181, 54.10
1377843186, 54.14
1377843191, 54.14
1377843196, 54.10
1377843201, 54.10
1377843206, 54.14
1377843211, 54.10
1377843216, 54.10
1377843221, 54.14
1377843226, 54.14
1377843231, 54.14
1377843236, 54.10
1377843241, 54.10
1377843246, 54.14
1377843251, 54.10
1377843256, 54.10
1377843261, 54.10
1377843266, 54.10
1377843271, 54.10
1377843276, 54.07
1377843281, 54.10
1377843286, 54.10
1377843291, 54.10
1377843296, 54.10
1377843301, 54.10
1377843306, 54.14
1377843311, 54.10
1377843316, 54.10
1377843321, 54.10
1377843326, 54.10
1377843331, 54.10
1377843336, 54.10
1377843341, 54.10
1377843346, 54.10
1377843351, 54.07
1377843356, 54.10
1377843361, 54.10
1377843366, 54.10
1377843371, 54.10
1377843376, 54.10
1377843381, 54.10
1377843386, 54.10
1377843391, 54.10
1377843396, 54.10
1377843401, 54.10
1377843406, 54.10
1377843411, 54.07
1377843416, 54.10
1377843421, 54.10
1377843426, 54.10
1377843431, 54.14
1377843436, 54.10
1377843441, 54.10
1377843446, 54.10
1377843451, 54.10
1377843456, 54.10
1377843461, 54.07
1377843466, 54.10
1377843471, 54.07
1377843476, 54.10
1377843481, 54.10
1377843486, 54.10
1377843491, 54.10
1377843496, 54.07
1377843501, 54.10
1377843506, 54.10
1377843511, 54.10
1377843516, 54.10
1377843520, 54.10
1377843526, 54.10
1377843531, 54.10
1377843536, 54.10
1377843541, 54.10
1377843546, 54.10
1377843551, 54.10
1377843556, 54.10
1377843561, 54.10
1377843566, 54.10
1377843571, 54.07
1377843576, 54.10
1377843581, 54.10
1377843586, 54.07
1377843591, 54.10
1377843596, 54.10
1377843601, 54.10
1377843606, 54.07
1377843611, 54.10
1377843616, 54.10
1377843621, 54.10
1377843626, 54.10
1377843631, 54.10
1377843636, 54.10
1377843641, 54.10
1377843646, 54.07
1377843651, 54.10
1377843656, 54.10
1377843661, 54.07
1377843666, 54.10
1377843671, 54.10
1377843676, 54.10
1377843681, 54.10
1377843686, 54.10
1377843691, 54.10
1377843696, 54.10
1377843701, 54.10
1377843706, 54.10
1377843711, 54.10
1377843716, 54.10
1377843721, 54.10
1377843726, 54.10
1377843731, 54.10
1377843736, 54.07
1377843741, 54.10
1377843746, 54.10
1377843751, 54.10
1377843756, 54.10
1377843761, 54.07
1377843766, 54.10
1377843771, 54.10
1377843776, 54.10
1377843781, 54.10
1377843786, 54.10
1377843791, 54.07
1377843796, 54.10
1377843801, 54.07
1377843806, 54.10
1377843810, 54.10
1377843816, 54.10
1377843821, 54.07
1377843826, 54.07
1377843831, 54.10
1377843836, 54.10
1377843841, 54.10
1377843846, 54.10
1377843851, 54.10
1377843856, 54.10
1377843861, 54.10
1377843865, 54.10
1377843871, 54.10
1377843876, 54.10
1377843881, 54.10
1377843886, 54.10
1377843891, 54.14
1377843896, 54.10
1377843901, 54.10
1377843906, 54.10
1377843910, 54.10
1377843916, 54.10
1377843921, 54.10
1377843926, 54.10
1377843931, 54.10
1377843936, 54.10
1377843941, 54.10
1377843946, 54.10
1377843951, 54.10
1377843956, 54.10
1377843961, 54.10
1377843966, 54.10
1377843971, 54.10
1377843976, 54.10
1377843981, 54.10
1377843985, 54.10
1377843991, 54.14
1377843996, 54.14
1377844001, 54.10
1377844006, 54.10
1377844010, 54.10
1377844016, 54.10
1377844021, 54.10
1377844026, 54.10
1377844031, 54.10
1377844036, 54.10
1377844040, 54.10
1377844046, 54.10
1377844051, 54.10
1377844056, 54.10
1377844061, 54.14
1377844065, 54.10
1377844071, 54.10
1377844076, 54.10
1377844081, 54.10
1377844086, 54.10
1377844090, 54.10
1377844095, 54.14
1377844101, 54.10
1377844106, 54.10
1377844111, 54.10
1377844116, 54.10
1377844120, 54.10
1377844125, 54.14
1377844131, 54.14
1377844135, 54.14
1377844141, 54.14
1377844145, 54.14
1377844151, 54.10
1377844156, 54.14
1377844161, 54.10
1377844165, 54.10
1377844171, 54.14
1377844176, 54.14
1377844180, 54.10
1377844185, 54.14
1377844190, 54.14
1377844196, 54.14
1377844201, 54.14
1377844206, 54.14
1377844210, 54.14
1377844216, 54.14
1377844221, 54.14
1377844225, 54.14
1377844230, 54.14
1377844236, 54.14
1377844241, 54.14
1377844246, 54.14
1377844251, 54.14
1377844256, 54.14
1377844261, 54.14
1377844265, 54.14
1377844271, 54.14
1377844276, 54.14
1377844280, 54.14
1377844286, 54.14
1377844290, 54.14
1377844296, 54.14
1377844301, 54.14
1377844305, 54.14
1377844310, 54.14
1377844315, 54.14
1377844321, 54.14
1377844325, 54.14
1377844330, 54.14
1377844336, 54.14
1377844340, 54.14
1377844345, 54.14
1377844350, 54.14
1377844356, 54.17
1377844361, 54.14
1377844365, 54.17
1377844371, 54.17
1377844375, 54.17
1377844380, 54.17
1377844386, 54.14
1377844390, 54.14
1377844395, 54.14
1377844400, 54.14
1377844405, 54.17
1377844411, 54.17
1377844415, 54.17
1377844421, 54.17
1377844425, 54.14
1377844431, 54.17
1377844436, 54.20
1377844440, 54.17
1377844445, 54.17
1377844450, 54.17
1377844456, 54.17
1377844460, 54.17
1377844465, 54.17
1377844470, 54.17
1377844476, 54.17
1377844480, 54.17
1377844485, 54.17
1377844490, 54.17
1377844495, 54.20
1377844500, 54.20
1377844505, 54.17
1377844510, 54.20
1377844516, 54.17
1377844520, 54.17
1377844525, 54.17
1377844530, 54.20
1377844535, 54.17
1377844540, 54.20
1377844545, 54.20
1377844550, 54.20
1377844555, 54.20
1377844560, 54.20
1377844565, 54.17
1377844570, 54.20
1377844575, 54.20
1377844581, 54.20
1377844586, 54.20
1377844591, 54.20
1377844595, 54.20
1377844600, 54.20
1377844605, 54.20
1377844611, 54.20
1377844615, 54.20
1377844620, 54.20
1377844626, 54.20
1377844630, 54.20
1377844635, 54.20
1377844640, 54.20
1377844645, 54.20
1377844650, 54.20
1377844655, 54.20
1377844660, 54.23
1377844666, 54.20
1377844670, 54.20
1377844675, 54.20
1377844680, 54.20
1377844685, 54.23
1377844690, 54.20
1377844696, 54.20
1377844700, 54.23
1377844705, 54.20
1377844710, 54.23
1377844715, 54.23
1377844720, 54.20
1377844725, 54.20
1377844730, 54.23
1377844735, 54.20
1377844740, 54.20
1377844745, 54.20
1377844750, 54.20
1377844755, 54.20
1377844760, 54.20
1377844765, 54.20
1377844770, 54.23
1377844775, 54.23
1377844781, 54.23
1377844785, 54.20
1377844790, 54.23
1377844795, 54.23
1377844801, 54.26
1377844806, 54.20
1377844811, 54.20
1377844815, 54.20
1377844820, 54.23
1377844825, 54.23
1377844831, 54.23
1377844835, 54.23
1377844840, 54.20
1377844845, 54.20
1377844850, 54.23
1377844855, 54.20
1377844861, 54.23
1377844865, 54.23
1377844870, 54.23
1377844875, 54.23
1377844880, 54.23
1377844885, 54.23
1377844890, 54.23
1377844895, 54.26
1377844900, 54.23
1377844905, 54.26
1377844911, 54.23
1377844915, 54.23
1377844920, 54.23
1377844925, 54.23
1377844930, 54.23
1377844935, 54.23
1377844940, 54.23
1377844945, 54.23
1377844950, 54.23
1377844955, 54.26
1377844960, 54.23
1377844965, 54.23
1377844970, 54.26
1377844975, 54.26
1377844980, 54.23
1377844986, 54.23
1377844990, 54.23
1377844995, 54.26
1377845001, 54.23
1377845005, 54.23
1377845010, 54.26
1377845015, 54.26
1377845020, 54.23
1377845025, 54.26
1377845030, 54.26
1377845035, 54.26
1377845040, 54.23
1377845045, 54.23
1377845050, 54.23
1377845055, 54.23
1377845060, 54.26
1377845065, 54.26
1377845070, 54.26
1377845075, 54.26
1377845080, 54.26
1377845085, 54.26
1377845090, 54.26
1377845095, 54.23
1377845100, 54.26
1377845105, 54.26
1377845110, 54.26
1377845115, 54.26
1377845120, 54.26
1377845125, 54.23
1377845130, 54.26
1377845135, 54.26
1377845140, 54.26
1377845145, 54.26
1377845150, 54.26
1377845155, 54.26
1377845160, 54.26
1377845165, 54.26
1377845170, 54.26
1377845176, 54.26
1377845180, 54.26
1377845185, 54.26
1377845190, 54.26
1377845195, 54.26
1377845200, 54.26
1377845205, 54.26
1377845210, 54.26
1377845215, 54.26
1377845220, 54.26
1377845225, 54.26
1377845230, 54.26
1377845235, 54.26
1377845240, 54.26
1377845245, 54.26
1377845250, 54.26
1377845255, 54.26
1377845260, 54.26
1377845265, 54.26
1377845270, 54.26
1377845275, 54.26
1377845280, 54.26
1377845285, 54.26
1377845290, 54.26
1377845295, 54.26
1377845300, 54.26
1377845305, 54.26
1377845310, 54.26
1377845315, 54.29
1377845320, 54.26
1377845325, 54.26
1377845330, 54.26
1377845335, 54.26
1377845340, 54.26
1377845345, 54.26
1377845350, 54.26
1377845355, 54.26
1377845360, 54.26
1377845365, 54.26
1377845370, 54.29
1377845375, 54.29
1377845380, 54.26
1377845385, 54.29
1377845390, 54.26
1377845395, 54.26
1377845400, 54.29
1377845405, 54.29
1377845411, 54.26
1377845415, 54.26
1377845420, 54.26
1377845425, 54.29
1377845430, 54.26
1377845435, 54.26
1377845440, 54.29
1377845445, 54.26
1377845450, 54.26
1377845455, 54.26
1377845460, 54.26
1377845465, 54.26
1377845470, 54.26
1377845475, 54.29
1377845481, 54.29
1377845485, 54.29
1377845490, 54.26
1377845495, 54.26
1377845500, 54.26
1377845507, 54.29
1377845510, 54.26
1377845515, 54.26
1377845520, 54.29
1377845525, 54.26
1377845530, 54.26
1377845535, 54.26
1377845540, 54.26
1377845545, 54.26
1377845550, 54.26
1377845555, 54.29
1377845560, 54.29
1377845565, 54.29
1377845570, 54.26
1377845575, 54.26
1377845580, 54.29
1377845585, 54.29
1377845590, 54.26
1377845595, 54.29
1377845600, 54.26
1377845605, 54.29
1377845610, 54.29
1377845615, 54.26
1377845620, 54.29
1377845625, 54.26
1377845630, 54.26
1377845635, 54.29
1377845640, 54.26
1377845645, 54.26
1377845650, 54.29
1377845655, 54.26
1377845660, 54.29
1377845665, 54.26
1377845670, 54.26
1377845675, 54.29
1377845680, 54.26
1377845685, 54.26
1377845690, 54.29
1377845695, 54.26
1377845700, 54.26
1377845705, 54.29
1377845710, 54.29
1377845715, 54.29
1377845720, 54.26
1377845725, 54.29
1377845730, 54.26
1377845735, 54.29
1377845740, 54.29
1377845745, 54.29
1377845750, 54.29
1377845755, 54.26
1377845760, 54.26
1377845765, 54.29
1377845770, 54.26
1377845775, 54.29
1377845780, 54.29
1377845785, 54.29
1377845790, 54.26
1377845795, 54.29
1377845800, 54.26
1377845805, 54.26
1377845810, 54.26
1377845815, 54.26
1377845820, 54.29
1377845825, 54.26
1377845830, 54.26
1377845835, 54.26
1377845840, 54.26
1377845845, 54.26
1377845850, 54.29
1377845855, 54.29
1377845860, 54.29
1377845865, 54.26
1377845870, 54.29
1377845875, 54.26
1377845880, 54.26
1377845885, 54.29
1377845890, 54.26
1377845895, 54.26
1377845900, 54.26
1377845905, 54.26
1377845910, 54.26
1377845915, 54.26
1377845920, 54.26
1377845925, 54.26
1377845930, 54.29
1377845935, 54.26
1377845940, 54.29
1377845945, 54.26
1377845950, 54.26
1377845955, 54.26
1377845960, 54.29
1377845965, 54.26
1377845970, 54.26
1377845975, 54.26
1377845980, 54.29
1377845985, 54.26
1377845990, 54.26
1377845995, 54.26
1377846000, 54.26
1377846005, 54.26
1377846010, 54.26
1377846015, 54.26
1377846020, 54.26
1377846025, 54.26
1377846030, 54.26
1377846035, 54.26
1377846040, 54.26
1377846045, 54.26
1377846050, 54.26
1377846055, 54.26
1377846060, 54.26
1377846065, 54.26
1377846070, 54.26
1377846075, 54.29
1377846080, 54.26
1377846085, 54.26
1377846090, 54.26
1377846096, 54.26
1377846100, 54.26
1377846105, 54.26
1377846110, 54.26
1377846115, 54.26
1377846120, 54.26
1377846125, 54.26
1377846130, 54.26
1377846135, 54.26
1377846140, 54.26
1377846145, 54.26
1377846150, 54.26
1377846155, 54.26
1377846160, 54.26
1377846165, 54.26
1377846170, 54.26
1377846175, 54.26
1377846180, 54.26
1377846185, 54.26
1377846190, 54.26
1377846195, 54.26
1377846200, 54.26
1377846205, 54.26
1377846210, 54.26
1377846215, 54.26
1377846220, 54.26
1377846225, 54.26
1377846230, 54.26
1377846235, 54.26
1377846240, 54.26
1377846245, 54.26
1377846250, 54.26
1377846255, 54.26
1377846260, 54.26
1377846265, 54.26
1377846270, 54.26
1377846275, 54.26
1377846280, 54.26
1377846285, 54.29
1377846290, 54.26
1377846295, 54.26
1377846300, 54.26
1377846305, 54.26
1377846310, 54.26
1377846315, 54.26
1377846320, 54.26
1377846325, 54.26
1377846330, 54.26
1377846335, 54.26
1377846340, 54.23
1377846345, 54.26
1377846350, 54.26
1377846355, 54.26
1377846360, 54.26
1377846365, 54.26
1377846370, 54.26
1377846375, 54.26
1377846380, 54.26
1377846385, 54.26
1377846390, 54.26
1377846395, 54.26
1377846400, 54.26
1377846405, 54.26
1377846410, 54.26
1377846415, 54.26
1377846420, 54.26
1377846425, 54.26
1377846430, 54.26
1377846435, 54.26
1377846440, 54.26
1377846445, 54.26
1377846450, 54.26
1377846455, 54.26
1377846460, 54.26
1377846465, 54.26
1377846470, 54.26
1377846475, 54.26
1377846480, 54.26
1377846485, 54.26
1377846490, 54.26
1377846495, 54.26
1377846500, 54.26
1377846505, 54.26
1377846510, 54.26
1377846515, 54.29
1377846520, 54.26
1377846525, 54.26
1377846530, 54.26
1377846535, 54.26
1377846540, 54.26
1377846546, 54.26
1377846551, 54.26
1377846555, 54.26
1377846560, 54.26
1377846565, 54.26
1377846570, 54.26
1377846575, 54.26
1377846580, 54.26
1377846585, 54.26
1377846590, 54.29
1377846595, 54.26
1377846600, 54.26
1377846605, 54.26
1377846610, 54.26
1377846615, 54.26
1377846620, 54.26
1377846625, 54.26
1377846630, 54.26
1377846635, 54.29
1377846640, 54.26
1377846645, 54.26
1377846650, 54.26
1377846655, 54.26
1377846660, 54.26
1377846665, 54.26
1377846670, 54.26
1377846675, 54.26
1377846680, 54.29
1377846685, 54.26
1377846690, 54.29
1377846695, 54.29
1377846700, 54.26
1377846705, 54.26
1377846710, 54.26
1377846715, 54.26
1377846720, 54.26
1377846725, 54.26
1377846730, 54.26
1377846735, 54.29
1377846740, 54.29
1377846745, 54.26
1377846750, 54.26
1377846755, 54.26
1377846760, 54.26
1377846765, 54.29
1377846770, 54.26
1377846775, 54.26
1377846780, 54.26
1377846785, 54.26
1377846790, 54.29
1377846795, 54.26
1377846800, 54.26
1377846805, 54.29
1377846810, 54.26
1377846815, 54.29
1377846820, 54.26
1377846825, 54.26
1377846830, 54.29
1377846835, 54.26
1377846840, 54.26
1377846845, 54.26
1377846850, 54.26
1377846855, 54.26
1377846860, 54.29
1377846865, 54.26
1377846870, 54.26
1377846875, 54.29
1377846880, 54.26
1377846885, 54.29
1377846890, 54.29
1377846895, 54.29
1377846900, 54.26
1377846905, 54.29
1377846910, 54.29
1377846915, 54.26
1377846920, 54.26
1377846925, 54.26
1377846930, 54.29
1377846935, 54.26
1377846940, 54.29
1377846945, 54.26
1377846950, 54.29
1377846955, 54.26
1377846960, 54.26
1377846965, 54.26
1377846970, 54.32
1377846975, 54.29
1377846980, 54.26
1377846985, 54.26
1377846990, 54.26
1377846995, 54.29
1377847000, 54.29
1377847005, 54.29
1377847010, 54.26
1377847015, 54.29
1377847020, 54.29
1377847025, 54.26
1377847030, 54.29
1377847035, 54.29
1377847040, 54.26
1377847045, 54.29
1377847050, 54.29
1377847055, 54.26
1377847060, 54.29
1377847065, 54.29
1377847070, 54.29
1377847075, 54.29
1377847080, 54.26
1377847085, 54.26
1377847090, 54.26
1377847095, 54.26
1377847100, 54.26
1377847105, 54.29
1377847110, 54.29
1377847115, 54.29
1377847120, 54.26
1377847125, 54.29
1377847130, 54.29
1377847135, 54.26
1377847140, 54.26
1377847145, 54.26
1377847150, 54.26
1377847155, 54.29
1377847160, 54.29
1377847165, 54.29
1377847170, 54.26
1377847175, 54.26
1377847180, 54.26
1377847185, 54.29
1377847190, 54.26
1377847195, 54.26
1377847200, 54.26
1377847205, 54.29
1377847210, 54.29
1377847215, 54.26
1377847220, 54.26
1377847225, 54.26
1377847230, 54.29
1377847235, 54.26
1377847240, 54.26
1377847245, 54.26
1377847250, 54.26
1377847255, 54.26
1377847260, 54.26
1377847265, 54.26
1377847270, 54.26
1377847275, 54.29
1377847280, 54.26
1377847285, 54.26
1377847290, 54.29
1377847295, 54.26
1377847300, 54.29
1377847305, 54.29
1377847310, 54.29
1377847315, 54.26
1377847320, 54.26
1377847325, 54.29
1377847330, 54.26
1377847335, 54.26
1377847340, 54.26
1377847345, 54.26
1377847350, 54.26
1377847355, 54.26
1377847360, 54.26
1377847365, 54.26
1377847370, 54.26
1377847375, 54.26
1377847380, 54.29
1377847385, 54.26
1377847390, 54.29
1377847395, 54.26
1377847400, 54.26
1377847405, 54.29
1377847410, 54.26
1377847415, 54.26
1377847420, 54.29
1377847425, 54.26
1377847430, 54.26
1377847435, 54.26
1377847440, 54.29
1377847445, 54.26
1377847450, 54.26
1377847455, 54.29
1377847460, 54.26
1377847465, 54.29
1377847470, 54.29
1377847475, 54.29
1377847480, 54.29
1377847485, 54.26
1377847490, 54.29
1377847495, 54.26
1377847500, 54.29
1377847505, 54.26
1377847510, 54.26
1377847515, 54.29
1377847520, 54.26
1377847525, 54.29
1377847530, 54.26
1377847535, 54.26
1377847540, 54.26
1377847545, 54.29
1377847550, 54.26
1377847555, 54.29
1377847560, 54.29
1377847565, 54.29
1377847570, 54.26
1377847575, 54.26
1377847580, 54.29
1377847585, 54.26
1377847590, 54.29
1377847595, 54.26
1377847601, 54.26
1377847605, 54.29
1377847610, 54.29
1377847615, 54.29
1377847620, 54.29
1377847625, 54.26
1377847630, 54.29
1377847635, 54.29
1377847640, 54.29
1377847645, 54.29
1377847650, 54.26
1377847655, 54.26
1377847660, 54.29
1377847665, 54.29
1377847670, 54.26
1377847675, 54.26
1377847680, 54.26
1377847685, 54.26
1377847690, 54.29
1377847695, 54.29
1377847700, 54.26
1377847705, 54.26
1377847710, 54.26
1377847715, 54.26
1377847720, 54.29
1377847725, 54.26
1377847730, 54.26
1377847735, 54.26
1377847740, 54.26
1377847745, 54.26
1377847750, 54.29
1377847755, 54.29
1377847760, 54.29
1377847765, 54.26
1377847770, 54.26
1377847775, 54.29
1377847780, 54.26
1377847785, 54.29
1377847790, 54.29
1377847795, 54.29
1377847800, 54.29
1377847805, 54.26
1377847810, 54.26
1377847815, 54.26
1377847820, 54.29
1377847825, 54.29
1377847830, 54.29
1377847835, 54.29
1377847840, 54.26
1377847845, 54.26
1377847850, 54.29
1377847855, 54.26
1377847860, 54.29
1377847865, 54.26
1377847870, 54.26
1377847875, 54.29
1377847880, 54.26
1377847885, 54.29
1377847890, 54.26
1377847895, 54.26
1377847900, 54.29
1377847905, 54.26
1377847910, 54.29
1377847915, 54.26
1377847920, 54.26
1377847925, 54.29
1377847930, 54.26
1377847935, 54.29
1377847940, 54.29
1377847945, 54.26
1377847950, 54.26
1377847955, 54.29
1377847960, 54.29
1377847965, 54.29
1377847970, 54.29
1377847975, 54.29
1377847980, 54.26
1377847985, 54.26
1377847990, 54.29
1377847995, 54.29
1377848000, 54.26
1377848005, 54.26
1377848010, 54.26
1377848015, 54.26
1377848020, 54.29
1377848025, 54.26
1377848030, 54.26
1377848035, 54.29
1377848040, 54.29
1377848045, 54.26
1377848050, 54.26
1377848055, 54.26
1377848060, 54.26
1377848065, 54.26
1377848070, 54.26
1377848075, 54.26
1377848081, 54.26
1377848085, 54.26
1377848090, 54.26
1377848095, 54.26
1377848100, 54.26
1377848105, 54.26
1377848110, 54.26
1377848115, 54.26
1377848120, 54.26
1377848125, 54.26
1377848130, 54.29
1377848135, 54.29
1377848140, 54.26
1377848145, 54.29
1377848150, 54.26
1377848155, 54.29
1377848160, 54.26
1377848165, 54.26
1377848170, 54.29
1377848175, 54.26
1377848180, 54.26
1377848185, 54.26
1377848190, 54.26
1377848195, 54.26
1377848200, 54.26
1377848205, 54.26
1377848210, 54.26
1377848215, 54.26
1377848220, 54.26
1377848225, 54.26
1377848230, 54.26
1377848235, 54.26
1377848240, 54.26
1377848245, 54.26
1377848250, 54.26
1377848255, 54.26
1377848260, 54.26
1377848265, 54.26
1377848270, 54.26
1377848275, 54.26
1377848280, 54.26
1377848285, 54.26
1377848290, 54.26
1377848295, 54.26
1377848300, 54.26
1377848305, 54.26
1377848310, 54.26
1377848315, 54.26
1377848320, 54.26
1377848325, 54.26
1377848330, 54.26
1377848335, 54.26
1377848340, 54.26
1377848345, 54.26
1377848350, 54.26
1377848355, 54.26
1377848360, 54.26
1377848365, 54.26
1377848370, 54.26
1377848375, 54.29
1377848380, 54.26
1377848385, 54.26
1377848390, 54.26
1377848395, 54.26
1377848400, 54.26
1377848405, 54.26
1377848410, 54.26
1377848415, 54.29
1377848420, 54.26
1377848425, 54.26
1377848430, 54.26
1377848435, 54.26
1377848440, 54.26
1377848445, 54.26
1377848450, 54.26
1377848455, 54.26
1377848460, 54.26
1377848465, 54.26
1377848470, 54.26
1377848475, 54.26
1377848480, 54.26
1377848485, 54.26
1377848490, 54.26
1377848495, 54.29
1377848500, 54.26
1377848506, 54.26
1377848510, 54.26
1377848515, 54.26
1377848520, 54.26
1377848525, 54.26
1377848530, 54.26
1377848535, 54.26
1377848540, 54.26
1377848545, 54.26
1377848550, 54.26
1377848555, 54.26
1377848560, 54.26
1377848565, 54.26
1377848570, 54.26
1377848575, 54.26
1377848580, 54.26
1377848585, 54.26
1377848590, 54.26
1377848595, 54.26
1377848600, 54.26
1377848605, 54.26
1377848610, 54.26
1377848615, 54.26
1377848620, 54.26
1377848625, 54.26
1377848630, 54.26
1377848635, 54.26
1377848640, 54.26
1377848646, 54.26
1377848650, 54.26
1377848655, 54.23
1377848660, 54.26
1377848665, 54.26
1377848670, 54.26
1377848675, 54.26
1377848680, 54.26
1377848685, 54.26
1377848690, 54.26
1377848695, 54.26
1377848700, 54.23
1377848705, 54.23
1377848710, 54.26
1377848715, 54.26
1377848720, 54.26
1377848725, 54.26
1377848730, 54.26
1377848735, 54.26
1377848740, 54.26
1377848745, 54.26
1377848750, 54.26
1377848755, 54.26
1377848760, 54.26
1377848765, 54.26
1377848770, 54.26
1377848775, 54.23
1377848780, 54.26
1377848785, 54.26
1377848790, 54.26
1377848795, 54.26
1377848800, 54.26
1377848805, 54.26
1377848810, 54.26
1377848815, 54.26
1377848820, 54.26
1377848825, 54.26
1377848830, 54.26
1377848835, 54.26
1377848840, 54.26
1377848845, 54.26
1377848850, 54.26
1377848855, 54.26
1377848860, 54.23
1377848865, 54.26
1377848870, 54.26
1377848875, 54.26
1377848880, 54.26
1377848885, 54.26
1377848890, 54.26
1377848895, 54.26
1377848900, 54.26
1377848905, 54.26
1377848910, 54.26
1377848915, 54.26
1377848920, 54.26
1377848925, 54.26
1377848930, 54.23
1377848935, 54.26
1377848940, 54.26
1377848945, 54.26
1377848950, 54.26
1377848955, 54.26
1377848960, 54.26
1377848965, 54.26
1377848970, 54.26
1377848975, 54.26
1377848980, 54.26
1377848985, 54.26
1377848990, 54.26
1377848995, 54.26
1377849000, 54.26
1377849005, 54.26
1377849010, 54.26
1377849015, 54.26
1377849020, 54.26
1377849025, 54.26
1377849030, 54.26
1377849035, 54.26
1377849040, 54.26
1377849045, 54.26
1377849050, 54.26
1377849055, 54.26
1377849060, 54.26
1377849065, 54.26
1377849070, 54.26
1377849075, 54.26
1377849080, 54.26
1377849086, 54.26
1377849090, 54.26
1377849095, 54.26
1377849100, 54.26
1377849105, 54.26
1377849110, 54.26
1377849115, 54.26
1377849120, 54.26
1377849125, 54.26
1377849130, 54.26
1377849135, 54.26
1377849140, 54.26
1377849145, 54.26
1377849150, 54.26
1377849155, 54.26
1377849160, 54.26
1377849165, 54.26
1377849170, 54.26
1377849175, 54.29
1377849180, 54.26
1377849185, 54.26
1377849190, 54.26
1377849195, 54.26
1377849200, 54.26
1377849206, 54.29
1377849210, 54.26
1377849215, 54.26
1377849220, 54.26
1377849225, 54.26
1377849230, 54.26
1377849235, 54.26
1377849240, 54.26
1377849245, 54.26
1377849250, 54.26
1377849255, 54.26
1377849260, 54.26
1377849265, 54.29
1377849270, 54.26
1377849275, 54.29
1377849280, 54.26
1377849285, 54.26
1377849290, 54.26
1377849295, 54.26
1377849300, 54.26
1377849305, 54.26
1377849310, 54.26
1377849315, 54.26
1377849320, 54.29
1377849325, 54.26
1377849330, 54.26
1377849335, 54.26
1377849340, 54.26
1377849345, 54.29
1377849350, 54.29
1377849355, 54.26
1377849360, 54.29
1377849365, 54.29
1377849370, 54.29
1377849375, 54.29
1377849380, 54.26
1377849385, 54.29
1377849390, 54.26
1377849395, 54.29
1377849400, 54.26
1377849405, 54.29
1377849410, 54.29
1377849415, 54.26
1377849420, 54.26
1377849425, 54.26
1377849430, 54.29
1377849435, 54.29
1377849440, 54.26
1377849445, 54.26
1377849450, 54.26
1377849455, 54.29
1377849460, 54.26
1377849465, 54.26
1377849470, 54.29
1377849475, 54.29
1377849480, 54.29
1377849485, 54.26
1377849490, 54.26
1377849495, 54.26
1377849500, 54.26
1377849505, 54.26
1377849510, 54.29
1377849515, 54.29
1377849520, 54.29
1377849525, 54.29
1377849530, 54.29
1377849535, 54.29
1377849540, 54.32
1377849545, 54.29
1377849550, 54.29
1377849555, 54.29
1377849560, 54.26
1377849565, 54.29
1377849570, 54.29
1377849575, 54.29
1377849580, 54.29
1377849585, 54.29
1377849590, 54.29
1377849595, 54.29
1377849600, 54.29
1377849605, 54.29
1377849610, 54.29
1377849615, 54.29
1377849620, 54.29
1377849625, 54.29
1377849630, 54.29
1377849635, 54.29
1377849640, 54.29
1377849645, 54.29
1377849650, 54.29
1377849655, 54.29
1377849660, 54.29
1377849665, 54.26
1377849670, 54.29
1377849675, 54.29
1377849680, 54.26
1377849685, 54.29
1377849690, 54.29
1377849695, 54.29
1377849700, 54.29
1377849705, 54.29
1377849710, 54.29
1377849715, 54.29
1377849720, 54.29
1377849725, 54.32
1377849730, 54.29
1377849735, 54.29
1377849740, 54.26
1377849745, 54.29
1377849750, 54.29
1377849755, 54.32
1377849760, 54.29
1377849765, 54.29
1377849770, 54.29
1377849775, 54.29
1377849780, 54.29
1377849785, 54.26
1377849790, 54.29
1377849795, 54.29
1377849800, 54.29
1377849805, 54.32
1377849810, 54.29
1377849815, 54.32
1377849820, 54.29
1377849825, 54.29
1377849830, 54.29
1377849835, 54.29
1377849840, 54.29
1377849845, 54.29
1377849850, 54.29
1377849855, 54.29
1377849860, 54.29
1377849865, 54.29
1377849870, 54.29
1377849875, 54.29
1377849880, 54.29
1377849885, 54.29
1377849890, 54.32
1377849895, 54.32
1377849900, 54.32
1377849905, 54.32
1377849910, 54.29
1377849915, 54.32
1377849920, 54.32
1377849925, 54.29
1377849930, 54.32
1377849935, 54.29
1377849940, 54.29
1377849945, 54.29
1377849950, 54.29
1377849955, 54.32
1377849960, 54.29
1377849965, 54.32
1377849970, 54.29
1377849975, 54.32
1377849980, 54.29
1377849985, 54.32
1377849990, 54.29
1377849995, 54.32
1377850000, 54.32
1377850005, 54.29
1377850010, 54.29
1377850015, 54.29
1377850020, 54.32
1377850025, 54.32
1377850030, 54.32
1377850035, 54.29
1377850040, 54.32
1377850045, 54.29
1377850050, 54.32
1377850055, 54.29
1377850060, 54.29
1377850065, 54.29
1377850070, 54.29
1377850075, 54.29
1377850080, 54.32
1377850085, 54.32
1377850090, 54.32
1377850095, 54.29
1377850100, 54.32
1377850105, 54.32
1377850110, 54.29
1377850115, 54.32
1377850120, 54.32
1377850125, 54.29
1377850130, 54.29
1377850135, 54.29
1377850140, 54.29
1377850145, 54.32
1377850150, 54.32
1377850155, 54.29
1377850160, 54.29
1377850165, 54.32
1377850170, 54.29
1377850175, 54.29
1377850180, 54.29
1377850185, 54.29
1377850190, 54.32
1377850195, 54.29
1377850200, 54.29
1377850205, 54.29
1377850210, 54.29
1377850215, 54.29
1377850220, 54.29
1377850225, 54.29
1377850230, 54.29
1377850235, 54.29
1377850240, 54.32
1377850245, 54.32
1377850250, 54.29
1377850255, 54.29
1377850260, 54.29
1377850265, 54.29
1377850270, 54.32
1377850275, 54.29
1377850280, 54.29
1377850285, 54.29
1377850291, 54.32
1377850295, 54.32
1377850300, 54.29
1377850305, 54.32
1377850310, 54.32
1377850315, 54.29
1377850320, 54.29
1377850325, 54.29
1377850330, 54.29
1377850335, 54.29
1377850340, 54.29
1377850345, 54.32
1377850350, 54.29
1377850355, 54.29
1377850360, 54.29
1377850365, 54.29
1377850370, 54.29
1377850375, 54.29
1377850380, 54.29
1377850385, 54.29
1377850390, 54.29
1377850395, 54.29
1377850400, 54.29
1377850405, 54.32
1377850410, 54.29
1377850415, 54.29
1377850420, 54.29
1377850425, 54.29
1377850430, 54.29
1377850435, 54.29
1377850440, 54.32
1377850445, 54.29
1377850450, 54.29
1377850455, 54.29
1377850460, 54.29
1377850465, 54.29
1377850470, 54.29
1377850475, 54.29
1377850480, 54.29
1377850485, 54.29
1377850490, 54.29
1377850495, 54.29
1377850500, 54.26
1377850505, 54.29
1377850510, 54.29
1377850515, 54.29
1377850520, 54.29
1377850525, 54.29
1377850530, 54.29
1377850535, 54.29
1377850540, 54.29
1377850545, 54.29
1377850550, 54.32
1377850555, 54.32
1377850560, 54.29
1377850565, 54.32
1377850570, 54.29
1377850575, 54.29
1377850580, 54.29
1377850585, 54.29
1377850590, 54.29
1377850595, 54.29
1377850600, 54.29
1377850605, 54.29
1377850610, 54.29
1377850615, 54.29
1377850620, 54.29
1377850625, 54.29
1377850631, 54.29
1377850635, 54.29
1377850640, 54.29
1377850645, 54.29
1377850650, 54.29
1377850655, 54.32
1377850660, 54.29
1377850665, 54.29
1377850670, 54.29
1377850675, 54.29
1377850680, 54.29
1377850685, 54.26
1377850690, 54.29
1377850696, 54.29
1377850700, 54.29
1377850706, 54.29
1377850710, 54.29
1377850715, 54.29
1377850720, 54.29
1377850725, 54.29
1377850730, 54.26
1377850735, 54.29
1377850740, 54.26
1377850745, 54.29
1377850750, 54.29
1377850755, 54.29
1377850760, 54.29
1377850765, 54.29
1377850770, 54.26
1377850775, 54.29
1377850780, 54.29
1377850785, 54.29
1377850790, 54.26
1377850795, 54.29
1377850800, 54.29
1377850805, 54.29
1377850810, 54.29
1377850815, 54.29
1377850820, 54.26
1377850825, 54.32
1377850830, 54.29
1377850835, 54.32
1377850840, 54.29
1377850845, 54.29
1377850850, 54.29
1377850855, 54.29
1377850860, 54.29
1377850865, 54.29
1377850870, 54.29
1377850875, 54.29
1377850880, 54.29
1377850885, 54.29
1377850890, 54.29
1377850895, 54.29
1377850900, 54.29
1377850905, 54.29
1377850910, 54.29
1377850915, 54.32
1377850920, 54.29
1377850925, 54.29
1377850930, 54.29
1377850935, 54.29
1377850940, 54.29
1377850945, 54.29
1377850950, 54.32
1377850955, 54.29
1377850960, 54.32
1377850965, 54.29
1377850970, 54.32
1377850975, 54.29
1377850980, 54.29
1377850985, 54.29
1377850990, 54.32
1377850995, 54.29
1377851000, 54.29
1377851005, 54.29
1377851010, 54.32
1377851015, 54.32
1377851020, 54.29
1377851025, 54.29
1377851030, 54.32
1377851035, 54.29
1377851040, 54.32
1377851045, 54.29
1377851050, 54.32
1377851055, 54.29
1377851060, 54.29
1377851065, 54.32
1377851070, 54.32
1377851075, 54.32
1377851080, 54.32
1377851085, 54.32
1377851090, 54.32
1377851095, 54.29
1377851100, 54.32
1377851105, 54.32
1377851110, 54.29
1377851115, 54.32
1377851120, 54.32
1377851125, 54.29
1377851130, 54.32
1377851135, 54.29
1377851140, 54.32
1377851145, 54.32
1377851150, 54.32
1377851155, 54.32
1377851160, 54.32
1377851165, 54.29
1377851170, 54.32
1377851175, 54.32
1377851180, 54.32
1377851185, 54.32
1377851190, 54.32
1377851195, 54.32
1377851200, 54.32
1377851205, 54.32
1377851210, 54.32
1377851215, 54.32
1377851220, 54.32
1377851225, 54.36
1377851230, 54.32
1377851235, 54.32
1377851240, 54.32
1377851245, 54.32
1377851250, 54.32
1377851255, 54.32
1377851260, 54.32
1377851265, 54.32
1377851270, 54.32
1377851275, 54.32
1377851280, 54.32
1377851285, 54.36
1377851290, 54.32
1377851295, 54.32
1377851300, 54.32
1377851305, 54.36
1377851310, 54.32
1377851315, 54.36
1377851320, 54.32
1377851325, 54.36
1377851330, 54.36
1377851335, 54.32
1377851340, 54.32
1377851345, 54.36
1377851350, 54.32
1377851355, 54.32
1377851360, 54.36
1377851365, 54.36
1377851370, 54.36
1377851375, 54.36
1377851380, 54.36
1377851385, 54.36
1377851390, 54.36
1377851395, 54.36
1377851400, 54.39
1377851405, 54.36
1377851410, 54.39
1377851415, 54.36
1377851420, 54.36
1377851425, 54.36
1377851430, 54.36
1377851435, 54.39
1377851440, 54.39
1377851445, 54.39
1377851450, 54.36
1377851456, 54.39
1377851460, 54.39
1377851465, 54.39
1377851470, 54.39
1377851475, 54.39
1377851480, 54.39
1377851485, 54.36
1377851490, 54.39
1377851495, 54.39
1377851500, 54.39
1377851505, 54.39
1377851510, 54.39
1377851515, 54.39
1377851520, 54.39
1377851525, 54.39
1377851530, 54.42
1377851535, 54.39
1377851540, 54.39
1377851545, 54.39
1377851550, 54.42
1377851555, 54.42
1377851560, 54.39
1377851565, 54.39
1377851570, 54.39
1377851575, 54.39
1377851580, 54.42
1377851585, 54.42
1377851590, 54.39
1377851595, 54.42
1377851600, 54.42
1377851605, 54.42
1377851610, 54.45
1377851615, 54.42
1377851620, 54.42
1377851625, 54.42
1377851630, 54.42
1377851635, 54.42
1377851640, 54.45
1377851645, 54.42
1377851650, 54.42
1377851655, 54.42
1377851660, 54.42
1377851665, 54.42
1377851670, 54.42
1377851675, 54.45
1377851680, 54.42
1377851685, 54.42
1377851690, 54.42
1377851695, 54.42
1377851700, 54.45
1377851705, 54.42
1377851710, 54.45
1377851715, 54.45
1377851720, 54.45
1377851725, 54.42
1377851730, 54.45
1377851735, 54.45
1377851740, 54.45
1377851745, 54.45
1377851750, 54.42
1377851755, 54.45
1377851760, 54.45
1377851765, 54.45
1377851770, 54.45
1377851775, 54.45
1377851780, 54.45
1377851785, 54.45
1377851790, 54.45
1377851795, 54.45
1377851800, 54.45
1377851805, 54.45
1377851810, 54.45
1377851815, 54.45
1377851820, 54.45
1377851825, 54.45
1377851830, 54.45
1377851835, 54.45
1377851840, 54.45
1377851845, 54.48
1377851850, 54.48
1377851855, 54.45
1377851860, 54.45
1377851865, 54.45
1377851870, 54.45
1377851875, 54.45
1377851880, 54.45
1377851885, 54.48
1377851890, 54.48
1377851895, 54.48
1377851900, 54.45
1377851905, 54.45
1377851910, 54.48
1377851915, 54.45
1377851920, 54.45
1377851925, 54.48
1377851930, 54.45
1377851935, 54.48
1377851940, 54.48
1377851945, 54.48
1377851950, 54.48
1377851955, 54.48
1377851960, 54.48
1377851965, 54.48
1377851970, 54.48
1377851975, 54.48
1377851980, 54.48
1377851985, 54.51
1377851990, 54.48
1377851995, 54.51
1377852000, 54.48
1377852005, 54.48
1377852010, 54.48
1377852015, 54.48
1377852020, 54.48
1377852025, 54.48
1377852030, 54.48
1377852035, 54.51
1377852040, 54.48
1377852045, 54.48
1377852050, 54.48
1377852056, 54.51
1377852060, 54.48
1377852065, 54.51
1377852070, 54.51
1377852075, 54.48
1377852080, 54.51
1377852085, 54.51
1377852090, 54.48
1377852095, 54.48
1377852100, 54.51
1377852105, 54.51
1377852111, 54.51
1377852115, 54.51
1377852120, 54.51
1377852125, 54.51
1377852130, 54.48
1377852135, 54.51
1377852140, 54.48
1377852145, 54.51
1377852150, 54.51
1377852155, 54.51
1377852160, 54.51
1377852165, 54.51
1377852170, 54.51
1377852176, 54.51
1377852180, 54.51
1377852186, 54.48
1377852190, 54.51
1377852195, 54.51
1377852200, 54.51
1377852205, 54.51
1377852210, 54.51
1377852215, 54.51
1377852220, 54.51
1377852225, 54.51
1377852230, 54.51
1377852235, 54.51
1377852240, 54.51
1377852245, 54.51
1377852250, 54.51
1377852255, 54.51
1377852260, 54.51
1377852265, 54.51
1377852270, 54.51
1377852275, 54.51
1377852280, 54.51
1377852285, 54.51
1377852290, 54.51
1377852295, 54.51
1377852300, 54.51
1377852305, 54.51
1377852310, 54.51
1377852315, 54.51
1377852320, 54.51
1377852325, 54.51
1377852330, 54.51
1377852335, 54.51
1377852340, 54.51
1377852345, 54.51
1377852350, 54.54
1377852355, 54.51
1377852360, 54.54
1377852365, 54.54
1377852370, 54.54
1377852375, 54.54
1377852380, 54.51
1377852385, 54.51
1377852390, 54.54
1377852395, 54.54
1377852400, 54.51
1377852405, 54.54
1377852410, 54.51
1377852415, 54.54
1377852420, 54.54
1377852425, 54.54
1377852430, 54.54
1377852435, 54.51
1377852440, 54.54
1377852445, 54.51
1377852450, 54.54
1377852455, 54.51
1377852460, 54.51
1377852465, 54.54
1377852470, 54.54
1377852475, 54.54
1377852480, 54.51
1377852485, 54.51
1377852490, 54.54
1377852495, 54.51
1377852500, 54.51
1377852505, 54.58
1377852510, 54.54
1377852515, 54.54
1377852520, 54.54
1377852525, 54.54
1377852530, 54.54
1377852535, 54.54
1377852540, 54.54
1377852545, 54.58
1377852550, 54.54
1377852555, 54.54
1377852560, 54.51
1377852565, 54.54
1377852570, 54.58
1377852575, 54.58
1377852580, 54.54
1377852585, 54.54
1377852590, 54.54
1377852595, 54.54
1377852600, 54.54
1377852605, 54.54
1377852610, 54.54
1377852615, 54.54
1377852620, 54.58
1377852625, 54.54
1377852630, 54.54
1377852635, 54.54
1377852640, 54.54
1377852645, 54.54
1377852650, 54.58
1377852655, 54.51
1377852660, 54.54
1377852665, 54.54
1377852670, 54.54
1377852675, 54.54
1377852680, 54.54
1377852685, 54.54
1377852690, 54.54
1377852695, 54.54
1377852700, 54.54
1377852705, 54.54
1377852710, 54.54
1377852715, 54.54
1377852720, 54.54
1377852725, 54.54
1377852730, 54.54
1377852735, 54.54
1377852740, 54.58
1377852745, 54.54
1377852750, 54.58
1377852755, 54.54
1377852760, 54.54
1377852765, 54.58
1377852770, 54.54
1377852775, 54.54
1377852780, 54.58
1377852785, 54.54
1377852790, 54.58
1377852795, 54.54
1377852800, 54.54
1377852805, 54.54
1377852810, 54.54
1377852815, 54.54
1377852820, 54.54
1377852825, 54.58
1377852830, 54.54
1377852835, 54.54
1377852840, 54.54
1377852845, 54.58
1377852850, 54.54
1377852855, 54.58
1377852860, 54.58
1377852865, 54.54
1377852870, 54.58
1377852875, 54.54
1377852880, 54.58
1377852885, 54.58
1377852890, 54.54
1377852895, 54.54
1377852900, 54.54
1377852905, 54.58
1377852910, 54.54
1377852915, 54.54
1377852920, 54.58
1377852925, 54.54
1377852931, 54.58
1377852935, 54.54
1377852940, 54.58
1377852945, 54.58
1377852950, 54.54
1377852955, 54.58
1377852960, 54.54
1377852965, 54.54
1377852970, 54.58
1377852975, 54.54
1377852980, 54.58
1377852985, 54.54
1377852990, 54.58
1377852995, 54.58
1377853000, 54.58
1377853005, 54.58
1377853010, 54.54
1377853015, 54.54
1377853020, 54.58
1377853025, 54.58
1377853030, 54.58
1377853035, 54.54
1377853040, 54.54
1377853045, 54.58
1377853050, 54.54
1377853055, 54.58
1377853060, 54.58
1377853065, 54.58
1377853070, 54.54
1377853075, 54.54
1377853080, 54.58
1377853085, 54.54
1377853090, 54.58
1377853095, 54.54
1377853100, 54.58
1377853105, 54.58
1377853110, 54.58
1377853115, 54.58
1377853120, 54.54
1377853125, 54.58
1377853130, 54.54
1377853135, 54.58
1377853140, 54.58
1377853145, 54.54
1377853150, 54.54
1377853155, 54.58
1377853160, 54.58
1377853165, 54.58
1377853170, 54.58
1377853175, 54.58
1377853180, 54.58
1377853185, 54.58
1377853190, 54.58
1377853195, 54.58
1377853200, 54.58
1377853205, 54.58
1377853210, 54.58
1377853215, 54.58
1377853220, 54.54
1377853225, 54.54
1377853230, 54.54
1377853235, 54.58
1377853240, 54.58
1377853245, 54.58
1377853250, 54.58
1377853255, 54.54
1377853260, 54.58
1377853265, 54.58
1377853270, 54.54
1377853275, 54.58
1377853280, 54.58
1377853285, 54.58
1377853290, 54.58
1377853295, 54.58
1377853300, 54.58
1377853305, 54.58
1377853310, 54.58
1377853316, 54.58
1377853320, 54.58
1377853325, 54.58
1377853330, 54.58
1377853335, 54.58
1377853340, 54.58
1377853345, 54.58
1377853350, 54.58
1377853355, 54.58
1377853360, 54.58
1377853365, 54.58
1377853370, 54.58
1377853375, 54.58
1377853380, 54.58
1377853385, 54.58
1377853390, 54.58
1377853395, 54.58
1377853400, 54.58
1377853405, 54.58
1377853410, 54.58
1377853415, 54.58
1377853420, 54.54
1377853425, 54.58
1377853430, 54.58
1377853435, 54.58
1377853440, 54.58
1377853445, 54.58
1377853450, 54.58
1377853455, 54.58
1377853460, 54.58
1377853465, 54.58
1377853470, 54.58
1377853475, 54.58
1377853480, 54.58
1377853485, 54.58
1377853490, 54.58
1377853495, 54.58
1377853500, 54.58
1377853505, 54.58
1377853510, 54.58
1377853515, 54.58
1377853520, 54.58
1377853525, 54.58
1377853530, 54.58
1377853535, 54.58
1377853540, 54.58
1377853545, 54.58
1377853550, 54.58
1377853555, 54.58
1377853560, 54.58
1377853565, 54.58
1377853570, 54.58
1377853575, 54.58
1377853580, 54.58
1377853585, 54.58
1377853590, 54.58
1377853595, 54.58
1377853600, 54.58
1377853605, 54.58
1377853610, 54.58
1377853616, 54.58
1377853620, 54.61
1377853625, 54.58
1377853630, 54.58
1377853635, 54.61
1377853640, 54.58
1377853645, 54.58
1377853650, 54.61
1377853656, 54.58
1377853660, 54.58
1377853665, 54.61
1377853670, 54.61
1377853675, 54.61
1377853680, 54.58
1377853685, 54.58
1377853690, 54.61
1377853695, 54.61
1377853700, 54.61
1377853705, 54.61
1377853710, 54.61
1377853715, 54.61
1377853720, 54.61
1377853725, 54.58
1377853730, 54.58
1377853735, 54.61
1377853740, 54.61
1377853745, 54.61
1377853750, 54.61
1377853755, 54.61
1377853760, 54.61
1377853765, 54.61
1377853770, 54.61
1377853775, 54.58
1377853780, 54.61
1377853785, 54.61
1377853790, 54.61
1377853795, 54.61
1377853800, 54.61
1377853805, 54.61
1377853810, 54.61
1377853815, 54.58
1377853820, 54.61
1377853825, 54.61
1377853830, 54.61
1377853835, 54.61
1377853840, 54.58
1377853845, 54.61
1377853850, 54.61
1377853855, 54.64
1377853860, 54.61
1377853865, 54.61
1377853870, 54.61
1377853875, 54.58
1377853880, 54.61
1377853885, 54.61
1377853890, 54.61
1377853895, 54.61
1377853900, 54.61
1377853905, 54.64
1377853910, 54.64
1377853915, 54.61
1377853920, 54.61
1377853925, 54.64
1377853930, 54.64
1377853935, 54.64
1377853940, 54.61
1377853945, 54.64
1377853950, 54.64
1377853955, 54.61
1377853960, 54.61
1377853965, 54.61
1377853970, 54.61
1377853975, 54.61
1377853980, 54.64
1377853985, 54.64
1377853990, 54.64
1377853995, 54.64
1377854000, 54.64
1377854005, 54.64
1377854010, 54.64
1377854015, 54.61
1377854020, 54.64
1377854025, 54.64
1377854030, 54.64
1377854035, 54.64
1377854040, 54.64
1377854045, 54.64
1377854050, 54.64
1377854055, 54.64
1377854060, 54.61
1377854065, 54.64
1377854070, 54.64
1377854075, 54.64
1377854080, 54.64
1377854085, 54.64
1377854090, 54.64
1377854095, 54.64
1377854100, 54.61
1377854105, 54.64
1377854110, 54.64
1377854115, 54.64
1377854120, 54.64
1377854125, 54.64
1377854130, 54.64
1377854135, 54.64
1377854140, 54.64
1377854145, 54.64
1377854150, 54.64
1377854155, 54.64
1377854160, 54.64
1377854165, 54.64
1377854170, 54.64
1377854175, 54.64
1377854180, 54.64
1377854185, 54.67
1377854190, 54.64
1377854195, 54.64
1377854200, 54.64
1377854205, 54.64
1377854210, 54.64
1377854215, 54.64
1377854220, 54.64
1377854225, 54.64
1377854230, 54.64
1377854235, 54.64
1377854240, 54.64
1377854245, 54.64
1377854250, 54.64
1377854255, 54.64
1377854260, 54.67
1377854265, 54.64
1377854270, 54.67
1377854275, 54.64
1377854280, 54.64
1377854285, 54.64
1377854290, 54.64
1377854295, 54.67
1377854300, 54.64
1377854305, 54.64
1377854310, 54.64
1377854315, 54.67
1377854320, 54.64
1377854325, 54.64
1377854330, 54.67
1377854335, 54.64
1377854340, 54.67
1377854345, 54.67
1377854350, 54.64
1377854355, 54.64
1377854360, 54.64
1377854365, 54.64
1377854370, 54.67
1377854375, 54.67
1377854380, 54.64
1377854385, 54.67
1377854390, 54.64
1377854395, 54.64
1377854400, 54.64
1377854405, 54.67
1377854410, 54.64
1377854415, 54.67
1377854420, 54.67
1377854425, 54.67
1377854432, 54.64
1377854435, 54.64
1377854440, 54.67
1377854445, 54.64
1377854450, 54.67
1377854455, 54.67
1377854460, 54.67
1377854465, 54.67
1377854470, 54.67
1377854475, 54.67
1377854480, 54.67
1377854485, 54.67
1377854490, 54.67
1377854495, 54.70
1377854500, 54.67
1377854505, 54.64
1377854510, 54.67
1377854515, 54.67
1377854520, 54.67
1377854525, 54.67
1377854530, 54.67
1377854535, 54.70
1377854540, 54.67
1377854545, 54.67
1377854550, 54.67
1377854555, 54.70
1377854560, 54.67
1377854565, 54.67
1377854570, 54.67
1377854575, 54.67
1377854580, 54.67
1377854585, 54.70
1377854590, 54.67
1377854595, 54.67
1377854600, 54.67
1377854605, 54.70
1377854610, 54.67
1377854615, 54.67
1377854620, 54.67
1377854625, 54.67
1377854630, 54.67
1377854635, 54.67
1377854640, 54.67
1377854645, 54.70
1377854650, 54.70
1377854655, 54.70
1377854660, 54.67
1377854665, 54.67
1377854670, 54.67
1377854675, 54.70
1377854680, 54.70
1377854686, 54.70
1377854690, 54.70
1377854695, 54.70
1377854700, 54.67
1377854705, 54.67
1377854710, 54.70
1377854715, 54.67
1377854720, 54.67
1377854725, 54.67
1377854730, 54.67
1377854735, 54.70
1377854740, 54.70
1377854745, 54.70
1377854750, 54.67
1377854755, 54.70
1377854760, 54.67
1377854765, 54.70
1377854770, 54.70
1377854775, 54.67
1377854780, 54.70
1377854785, 54.70
1377854790, 54.70
1377854795, 54.70
1377854800, 54.70
1377854805, 54.70
1377854810, 54.67
1377854815, 54.67
1377854820, 54.70
1377854826, 54.70
1377854830, 54.70
1377854835, 54.70
1377854840, 54.70
1377854845, 54.70
1377854850, 54.70
1377854855, 54.70
1377854860, 54.70
1377854865, 54.70
1377854870, 54.70
1377854875, 54.70
1377854880, 54.70
1377854885, 54.70
1377854890, 54.70
1377854895, 54.70
1377854900, 54.70
1377854905, 54.70
1377854910, 54.70
1377854915, 54.70
1377854920, 54.70
1377854925, 54.70
1377854930, 54.70
1377854935, 54.70
1377854940, 54.70
1377854945, 54.70
1377854950, 54.70
1377854955, 54.70
1377854960, 54.70
1377854965, 54.70
1377854970, 54.73
1377854975, 54.70
1377854980, 54.70
1377854985, 54.70
1377854990, 54.70
1377854995, 54.70
1377855000, 54.70
1377855005, 54.70
1377855010, 54.70
1377855015, 54.70
1377855020, 54.70
1377855025, 54.70
1377855030, 54.70
1377855035, 54.70
1377855040, 54.67
1377855045, 54.70
1377855050, 54.70
1377855055, 54.70
1377855060, 54.70
1377855065, 54.70
1377855070, 54.70
1377855075, 54.70
1377855080, 54.70
1377855085, 54.70
1377855090, 54.70
1377855095, 54.70
1377855100, 54.70
1377855105, 54.70
1377855110, 54.70
1377855115, 54.70
1377855120, 54.70
1377855125, 54.70
1377855130, 54.70
1377855135, 54.70
1377855140, 54.70
1377855145, 54.70
1377855150, 54.70
1377855155, 54.70
1377855160, 54.70
1377855165, 54.70
1377855170, 54.70
1377855175, 54.70
1377855180, 54.70
1377855185, 54.70
1377855190, 54.70
1377855196, 54.70
1377855200, 54.70
1377855205, 54.70
1377855210, 54.70
1377855215, 54.70
1377855220, 54.70
1377855225, 54.70
1377855230, 54.70
1377855235, 54.70
1377855240, 54.70
1377855245, 54.70
1377855250, 54.70
1377855255, 54.70
1377855260, 54.70
1377855265, 54.70
1377855270, 54.70
1377855275, 54.70
1377855280, 54.70
1377855285, 54.70
1377855290, 54.70
1377855295, 54.70
1377855300, 54.73
1377855305, 54.70
1377855310, 54.70
1377855315, 54.70
1377855320, 54.70
1377855325, 54.70
1377855330, 54.70
1377855335, 54.70
1377855340, 54.70
1377855345, 54.70
1377855350, 54.70
1377855355, 54.70
1377855360, 54.70
1377855365, 54.70
1377855370, 54.70
1377855375, 54.70
1377855380, 54.70
1377855385, 54.70
1377855390, 54.73
1377855395, 54.70
1377855400, 54.70
1377855405, 54.70
1377855410, 54.70
1377855415, 54.70
1377855420, 54.70
1377855425, 54.70
1377855430, 54.70
1377855435, 54.70
1377855440, 54.70
1377855445, 54.70
1377855450, 54.70
1377855455, 54.70
1377855460, 54.70
1377855465, 54.70
1377855470, 54.70
1377855475, 54.73
1377855480, 54.70
1377855485, 54.70
1377855490, 54.73
1377855495, 54.70
1377855500, 54.70
1377855505, 54.70
1377855510, 54.73
1377855515, 54.70
1377855520, 54.73
1377855525, 54.70
1377855530, 54.73
1377855535, 54.70
1377855540, 54.73
1377855545, 54.70
1377855550, 54.73
1377855555, 54.73
1377855560, 54.73
1377855565, 54.70
1377855570, 54.70
1377855575, 54.73
1377855580, 54.70
1377855585, 54.70
1377855590, 54.73
1377855595, 54.73
1377855600, 54.73
1377855605, 54.73
1377855610, 54.73
1377855615, 54.73
1377855620, 54.73
1377855625, 54.73
1377855630, 54.70
1377855635, 54.73
1377855640, 54.73
1377855645, 54.70
1377855650, 54.73
1377855655, 54.73
1377855660, 54.70
1377855665, 54.73
1377855670, 54.73
1377855675, 54.70
1377855680, 54.73
1377855685, 54.73
1377855690, 54.76
1377855695, 54.76
1377855700, 54.73
1377855705, 54.73
1377855710, 54.70
1377855715, 54.70
1377855720, 54.70
1377855725, 54.73
1377855730, 54.73
1377855735, 54.73
1377855740, 54.73
1377855745, 54.70
1377855750, 54.73
1377855755, 54.73
1377855760, 54.70
1377855765, 54.73
1377855770, 54.73
1377855775, 54.73
1377855780, 54.73
1377855785, 54.73
1377855790, 54.70
1377855795, 54.73
1377855800, 54.70
1377855805, 54.73
1377855810, 54.73
1377855815, 54.73
1377855820, 54.73
1377855825, 54.73
1377855830, 54.73
1377855835, 54.76
1377855840, 54.76
1377855845, 54.73
1377855850, 54.73
1377855855, 54.76
1377855860, 54.73
1377855865, 54.73
1377855870, 54.76
1377855875, 54.73
1377855880, 54.73
1377855885, 54.73
1377855890, 54.73
1377855895, 54.70
1377855900, 54.73
1377855905, 54.73
1377855910, 54.73
1377855915, 54.73
1377855920, 54.73
1377855925, 54.73
1377855930, 54.76
1377855935, 54.73
1377855940, 54.73
1377855945, 54.73
1377855950, 54.73
1377855955, 54.73
1377855960, 54.73
1377855969, 54.73
1377855970, 54.73
1377855975, 54.76
1377855980, 54.73
1377855985, 54.73
1377855990, 54.73
1377855995, 54.76
1377856000, 54.76
1377856005, 54.73
1377856010, 54.73
1377856015, 54.73
1377856020, 54.73
1377856025, 54.73
1377856030, 54.73
1377856035, 54.73
1377856040, 54.73
1377856045, 54.76
1377856050, 54.73
1377856056, 54.73
1377856060, 54.76
1377856065, 54.76
1377856070, 54.73
1377856075, 54.73
1377856080, 54.76
1377856085, 54.73
1377856090, 54.76
1377856095, 54.76
1377856100, 54.73
1377856105, 54.76
1377856110, 54.73
1377856115, 54.76
1377856120, 54.76
1377856125, 54.76
1377856130, 54.73
1377856135, 54.76
1377856140, 54.73
1377856145, 54.73
1377856150, 54.76
1377856155, 54.76
1377856160, 54.76
1377856165, 54.76
1377856170, 54.76
1377856175, 54.76
1377856180, 54.73
1377856185, 54.76
1377856190, 54.76
1377856195, 54.76
1377856200, 54.76
1377856205, 54.76
1377856210, 54.76
1377856215, 54.76
1377856220, 54.76
1377856225, 54.76
1377856230, 54.76
1377856235, 54.76
1377856240, 54.73
1377856245, 54.76
1377856250, 54.76
1377856255, 54.76
1377856260, 54.76
1377856265, 54.76
1377856270, 54.76
1377856275, 54.76
1377856280, 54.76
1377856285, 54.76
1377856290, 54.76
1377856295, 54.76
1377856300, 54.76
1377856305, 54.76
1377856310, 54.76
1377856315, 54.76
1377856320, 54.76
1377856325, 54.76
1377856330, 54.76
1377856335, 54.76
1377856340, 54.76
1377856345, 54.76
1377856350, 54.76
1377856355, 54.76
1377856360, 54.80
1377856365, 54.76
1377856370, 54.76
1377856375, 54.76
1377856380, 54.76
1377856385, 54.76
1377856390, 54.76
1377856395, 54.76
1377856400, 54.76
1377856405, 54.76
1377856410, 54.76
1377856415, 54.76
1377856420, 54.76
1377856425, 54.76
1377856430, 54.76
1377856435, 54.76
1377856440, 54.80
1377856445, 54.76
1377856450, 54.76
1377856455, 54.76
1377856460, 54.76
1377856465, 54.76
1377856470, 54.76
1377856475, 54.76
1377856480, 54.76
1377856485, 54.76
1377856490, 54.76
1377856495, 54.76
1377856500, 54.76
1377856505, 54.76
1377856511, 54.76
1377856515, 54.76
1377856520, 54.80
1377856525, 54.76
1377856530, 54.80
1377856535, 54.76
1377856540, 54.76
1377856545, 54.80
1377856550, 54.76
1377856555, 54.76
1377856560, 54.76
1377856565, 54.76
1377856570, 54.80
1377856575, 54.76
1377856580, 54.76
1377856585, 54.76
1377856590, 54.76
1377856595, 54.76
1377856600, 54.76
1377856605, 54.76
1377856610, 54.76
1377856615, 54.76
1377856620, 54.80
1377856625, 54.76
1377856630, 54.76
1377856635, 54.76
1377856640, 54.76
1377856645, 54.76
1377856650, 54.76
1377856655, 54.80
1377856660, 54.76
1377856665, 54.80
1377856670, 54.76
1377856675, 54.76
1377856680, 54.76
1377856685, 54.76
1377856690, 54.76
1377856695, 54.80
1377856700, 54.76
1377856705, 54.76
1377856710, 54.76
1377856715, 54.76
1377856720, 54.76
1377856725, 54.76
1377856730, 54.76
1377856738, 54.76
1377856740, 54.76
1377856745, 54.76
1377856750, 54.76
1377856755, 54.80
1377856760, 54.76
1377856765, 54.76
1377856770, 54.76
1377856775, 54.76
1377856780, 54.76
1377856785, 54.76
1377856790, 54.76
1377856795, 54.80
1377856800, 54.80
1377856805, 54.76
1377856810, 54.76
1377856815, 54.76
1377856820, 54.76
1377856825, 54.76
1377856830, 54.76
1377856835, 54.80
1377856840, 54.76
1377856845, 54.76
1377856850, 54.76
1377856855, 54.80
1377856860, 54.76
1377856865, 54.76
1377856870, 54.76
1377856875, 54.76
1377856880, 54.76
1377856885, 54.76
1377856890, 54.76
1377856895, 54.76
1377856900, 54.76
1377856905, 54.80
1377856910, 54.80
1377856915, 54.76
1377856920, 54.76
1377856925, 54.80
1377856930, 54.76
1377856935, 54.76
1377856940, 54.76
1377856945, 54.76
1377856950, 54.76
1377856955, 54.76
1377856960, 54.76
1377856965, 54.76
1377856970, 54.76
1377856975, 54.80
1377856980, 54.76
1377856985, 54.80
1377856990, 54.76
1377856995, 54.76
1377857000, 54.80
1377857005, 54.80
1377857010, 54.76
1377857015, 54.76
1377857020, 54.80
1377857025, 54.80
1377857030, 54.76
1377857035, 54.80
1377857040, 54.80
1377857045, 54.80
1377857050, 54.80
1377857055, 54.80
1377857060, 54.76
1377857065, 54.80
1377857070, 54.83
1377857075, 54.76
1377857080, 54.80
1377857085, 54.80
1377857090, 54.80
1377857095, 54.80
1377857100, 54.80
1377857105, 54.80
1377857110, 54.80
1377857115, 54.80
1377857120, 54.80
1377857125, 54.80
1377857130, 54.80
1377857135, 54.80
1377857140, 54.80
1377857145, 54.80
1377857150, 54.80
1377857155, 54.80
1377857160, 54.80
1377857165, 54.80
1377857170, 54.80
1377857175, 54.80
1377857180, 54.80
1377857185, 54.76
1377857190, 54.80
1377857195, 54.80
1377857200, 54.80
1377857205, 54.76
1377857210, 54.83
1377857215, 54.80
1377857220, 54.80
1377857225, 54.80
1377857230, 54.76
1377857235, 54.80
1377857240, 54.80
1377857245, 54.80
1377857250, 54.80
1377857255, 54.80
1377857260, 54.80
1377857265, 54.80
1377857270, 54.76
1377857275, 54.80
1377857280, 54.80
1377857285, 54.80
1377857290, 54.80
1377857295, 54.80
1377857300, 54.76
1377857305, 54.80
1377857310, 54.76
1377857315, 54.80
1377857320, 54.80
1377857325, 54.80
1377857330, 54.76
1377857335, 54.80
1377857340, 54.80
1377857345, 54.80
1377857350, 54.80
1377857355, 54.76
1377857360, 54.80
1377857365, 54.80
1377857370, 54.80
1377857375, 54.80
1377857380, 54.80
1377857385, 54.80
1377857390, 54.76
1377857395, 54.80
1377857400, 54.76
1377857405, 54.76
1377857410, 54.76
1377857415, 54.80
1377857420, 54.76
1377857425, 54.76
1377857430, 54.76
1377857435, 54.76
1377857440, 54.76
1377857445, 54.80
1377857450, 54.76
1377857455, 54.76
1377857460, 54.76
1377857465, 54.76
1377857470, 54.76
1377857475, 54.76
1377857480, 54.76
1377857485, 54.80
1377857490, 54.80
1377857495, 54.76
1377857500, 54.76
1377857505, 54.76
1377857510, 54.76
1377857515, 54.80
1377857524, 54.76
1377857525, 54.80
1377857530, 54.76
1377857535, 54.76
1377857540, 54.76
1377857545, 54.76
1377857550, 54.76
1377857555, 54.80
1377857560, 54.80
1377857565, 54.76
1377857570, 54.76
1377857575, 54.76
1377857580, 54.80
1377857585, 54.76
1377857590, 54.76
1377857595, 54.76
1377857600, 54.76
1377857605, 54.80
1377857610, 54.76
1377857615, 54.76
1377857620, 54.80
1377857625, 54.76
1377857630, 54.76
1377857635, 54.76
1377857640, 54.76
1377857645, 54.76
1377857650, 54.76
1377857655, 54.76
1377857660, 54.76
1377857665, 54.76
1377857670, 54.76
1377857675, 54.76
1377857680, 54.76
1377857685, 54.76
1377857690, 54.76
1377857695, 54.76
1377857700, 54.76
1377857705, 54.76
1377857710, 54.76
1377857715, 54.76
1377857720, 54.76
1377857725, 54.76
1377857730, 54.76
1377857735, 54.76
1377857740, 54.76
1377857745, 54.76
1377857750, 54.76
1377857755, 54.76
1377857760, 54.76
1377857765, 54.76
1377857770, 54.76
1377857775, 54.76
1377857780, 54.76
1377857785, 54.76
1377857790, 54.76
1377857795, 54.76
1377857800, 54.76
1377857805, 54.76
1377857810, 54.80
1377857815, 54.76
1377857820, 54.80
1377857825, 54.76
1377857830, 54.80
1377857835, 54.76
1377857840, 54.76
1377857845, 54.76
1377857850, 54.76
1377857855, 54.76
1377857860, 54.80
1377857865, 54.76
1377857870, 54.76
1377857875, 54.76
1377857880, 54.76
1377857885, 54.76
1377857890, 54.76
1377857895, 54.76
1377857900, 54.76
1377857905, 54.76
1377857910, 54.76
1377857915, 54.76
1377857920, 54.76
1377857925, 54.76
1377857930, 54.76
1377857935, 54.76
1377857940, 54.76
1377857945, 54.76
1377857950, 54.76
1377857955, 54.76
1377857960, 54.76
1377857965, 54.76
1377857970, 54.76
1377857975, 54.76
1377857980, 54.76
1377857985, 54.76
1377857990, 54.76
1377857995, 54.76
1377858000, 54.76
1377858005, 54.76
1377858010, 54.76
1377858015, 54.76
1377858020, 54.76
1377858025, 54.76
1377858030, 54.73
1377858035, 54.76
1377858040, 54.76
1377858045, 54.76
1377858050, 54.76
1377858055, 54.76
1377858060, 54.76
1377858065, 54.76
1377858070, 54.76
1377858075, 54.73
1377858080, 54.76
1377858085, 54.76
1377858090, 54.76
1377858095, 54.76
1377858100, 54.76
1377858105, 54.76
1377858110, 54.76
1377858115, 54.73
1377858120, 54.76
1377858125, 54.76
1377858130, 54.76
1377858135, 54.76
1377858140, 54.76
1377858145, 54.76
1377858150, 54.76
1377858155, 54.76
1377858160, 54.73
1377858165, 54.76
1377858170, 54.76
1377858175, 54.73
1377858180, 54.76
1377858185, 54.73
1377858190, 54.76
1377858195, 54.73
1377858200, 54.76
1377858205, 54.73
1377858210, 54.73
1377858215, 54.76
1377858220, 54.73
1377858225, 54.73
1377858230, 54.76
1377858235, 54.76
1377858240, 54.73
1377858245, 54.73
1377858250, 54.73
1377858255, 54.73
1377858260, 54.76
1377858265, 54.76
1377858271, 54.73
1377858275, 54.76
1377858280, 54.76
1377858285, 54.73
1377858290, 54.76
1377858295, 54.76
1377858300, 54.76
1377858305, 54.73
1377858310, 54.73
1377858315, 54.73
1377858320, 54.76
1377858325, 54.76
1377858330, 54.73
1377858335, 54.73
1377858340, 54.76
1377858345, 54.76
1377858350, 54.73
1377858355, 54.73
1377858360, 54.76
1377858365, 54.73
1377858370, 54.76
1377858375, 54.76
1377858380, 54.76
1377858385, 54.76
1377858390, 54.73
1377858395, 54.73
1377858400, 54.73
1377858405, 54.76
1377858410, 54.76
1377858415, 54.76
1377858420, 54.76
1377858425, 54.76
1377858430, 54.73
1377858435, 54.76
1377858440, 54.76
1377858445, 54.76
1377858450, 54.76
1377858455, 54.76
1377858460, 54.76
1377858465, 54.73
1377858470, 54.76
1377858475, 54.76
1377858480, 54.73
1377858485, 54.76
1377858490, 54.76
1377858495, 54.76
1377858500, 54.76
1377858505, 54.76
1377858510, 54.76
1377858515, 54.73
1377858520, 54.73
1377858525, 54.73
1377858530, 54.73
1377858535, 54.76
1377858540, 54.76
1377858545, 54.73
1377858550, 54.73
1377858555, 54.76
1377858560, 54.76
1377858565, 54.73
1377858570, 54.76
1377858575, 54.73
1377858580, 54.76
1377858585, 54.76
1377858590, 54.73
1377858595, 54.73
1377858600, 54.76
1377858605, 54.73
1377858610, 54.73
1377858615, 54.76
1377858620, 54.76
1377858625, 54.76
1377858630, 54.73
1377858635, 54.76
1377858640, 54.73
1377858645, 54.73
1377858650, 54.73
1377858655, 54.73
1377858660, 54.73
1377858665, 54.73
1377858670, 54.76
1377858675, 54.73
1377858680, 54.73
1377858685, 54.76
1377858690, 54.76
1377858695, 54.76
1377858700, 54.73
1377858705, 54.76
1377858710, 54.76
1377858715, 54.73
1377858720, 54.73
1377858725, 54.73
1377858730, 54.73
1377858735, 54.70
1377858740, 54.76
1377858745, 54.73
1377858750, 54.76
1377858755, 54.73
1377858760, 54.73
1377858765, 54.76
1377858770, 54.73
1377858775, 54.73
1377858780, 54.73
1377858785, 54.73
1377858790, 54.76
1377858795, 54.73
1377858800, 54.73
1377858805, 54.73
1377858810, 54.73
1377858815, 54.73
1377858820, 54.73
1377858825, 54.73
1377858830, 54.73
1377858835, 54.76
1377858840, 54.73
1377858845, 54.73
1377858850, 54.70
1377858855, 54.73
1377858860, 54.73
1377858865, 54.73
1377858870, 54.73
1377858875, 54.73
1377858880, 54.70
1377858885, 54.73
1377858890, 54.73
1377858895, 54.73
1377858900, 54.70
1377858905, 54.73
1377858910, 54.73
1377858915, 54.73
1377858920, 54.73
1377858925, 54.73
1377858930, 54.73
1377858935, 54.73
1377858940, 54.73
1377858945, 54.73
1377858950, 54.73
1377858955, 54.73
1377858960, 54.73
1377858965, 54.70
1377858970, 54.73
1377858975, 54.70
1377858980, 54.70
1377858985, 54.70
1377858990, 54.73
1377858995, 54.73
1377859000, 54.73
1377859005, 54.73
1377859010, 54.70
1377859015, 54.70
1377859020, 54.73
1377859025, 54.70
1377859030, 54.70
1377859035, 54.70
1377859040, 54.70
1377859045, 54.70
1377859050, 54.70
1377859055, 54.70
1377859060, 54.70
1377859065, 54.73
1377859070, 54.70
1377859075, 54.70
1377859080, 54.70
1377859085, 54.70
1377859090, 54.70
1377859095, 54.70
1377859100, 54.70
1377859105, 54.70
1377859110, 54.70
1377859115, 54.70
1377859120, 54.70
1377859125, 54.70
1377859130, 54.70
1377859135, 54.70
1377859140, 54.70
1377859145, 54.70
1377859150, 54.70
1377859155, 54.73
1377859160, 54.70
1377859165, 54.70
1377859170, 54.70
1377859175, 54.70
1377859180, 54.70
1377859185, 54.70
1377859190, 54.70
1377859195, 54.70
1377859200, 54.70
1377859205, 54.70
1377859210, 54.70
1377859215, 54.70
1377859220, 54.70
1377859225, 54.70
1377859230, 54.70
1377859235, 54.70
1377859240, 54.70
1377859245, 54.70
1377859250, 54.70
1377859255, 54.70
1377859260, 54.70
1377859265, 54.70
1377859270, 54.67
1377859275, 54.70
1377859280, 54.70
1377859285, 54.70
1377859290, 54.70
1377859295, 54.70
1377859300, 54.70
1377859305, 54.70
1377859310, 54.70
1377859315, 54.70
1377859320, 54.70
1377859325, 54.70
1377859330, 54.70
1377859335, 54.67
1377859340, 54.70
1377859345, 54.70
1377859350, 54.70
1377859355, 54.67
1377859360, 54.67
1377859365, 54.70
1377859370, 54.67
1377859375, 54.70
1377859380, 54.70
1377859385, 54.70
1377859390, 54.70
1377859395, 54.70
1377859400, 54.70
1377859405, 54.70
1377859410, 54.67
1377859415, 54.67
1377859420, 54.67
1377859425, 54.67
1377859430, 54.70
1377859435, 54.70
1377859440, 54.70
1377859445, 54.67
1377859450, 54.70
1377859455, 54.67
1377859460, 54.70
1377859465, 54.67
1377859470, 54.70
1377859475, 54.70
1377859480, 54.67
1377859485, 54.70
1377859490, 54.70
1377859495, 54.70
1377859500, 54.70
1377859505, 54.70
1377859510, 54.67
1377859515, 54.70
1377859520, 54.67
1377859525, 54.70
1377859530, 54.67
1377859535, 54.70
1377859540, 54.67
1377859545, 54.67
1377859550, 54.70
1377859555, 54.67
1377859560, 54.70
1377859565, 54.70
1377859570, 54.70
1377859575, 54.70
1377859580, 54.70
1377859585, 54.70
1377859590, 54.70
1377859595, 54.70
1377859600, 54.67
1377859605, 54.67
1377859610, 54.67
1377859615, 54.70
1377859620, 54.70
1377859625, 54.70
1377859630, 54.70
1377859635, 54.70
1377859640, 54.70
1377859645, 54.70
1377859650, 54.67
1377859655, 54.70
1377859660, 54.70
1377859665, 54.70
1377859670, 54.70
1377859675, 54.70
1377859680, 54.70
1377859685, 54.70
1377859690, 54.70
1377859695, 54.70
1377859700, 54.70
1377859705, 54.70
1377859710, 54.70
1377859715, 54.70
1377859720, 54.70
1377859725, 54.70
1377859730, 54.70
1377859735, 54.70
1377859740, 54.67
1377859745, 54.70
1377859750, 54.70
1377859755, 54.70
1377859760, 54.67
1377859765, 54.70
1377859770, 54.70
1377859775, 54.70
1377859780, 54.70
1377859785, 54.70
1377859790, 54.70
1377859795, 54.70
1377859800, 54.70
1377859805, 54.70
1377859810, 54.70
1377859815, 54.70
1377859820, 54.70
1377859825, 54.70
1377859830, 54.70
1377859835, 54.70
1377859840, 54.70
1377859845, 54.70
1377859850, 54.70
1377859855, 54.67
1377859860, 54.70
1377859865, 54.70
1377859870, 54.70
1377859875, 54.70
1377859880, 54.70
1377859885, 54.70
1377859890, 54.70
1377859895, 54.70
1377859900, 54.70
1377859905, 54.70
1377859910, 54.70
1377859915, 54.70
1377859920, 54.70
1377859925, 54.70
1377859930, 54.67
1377859935, 54.70
1377859940, 54.70
1377859945, 54.70
1377859950, 54.70
1377859955, 54.70
1377859960, 54.70
1377859965, 54.70
1377859975, 54.67
1377859980, 54.70
1377859985, 54.70
1377859990, 54.70
1377859995, 54.70
1377860000, 54.70
1377860005, 54.70
1377860010, 54.70
1377860015, 54.67
1377860020, 54.70
1377860025, 54.70
1377860030, 54.70
1377860035, 54.70
1377860050, 54.70
1377860055, 54.70
1377860060, 54.70
1377860065, 54.70
1377860070, 54.70
1377860075, 54.70
1377860080, 54.70
1377860085, 54.70
1377860090, 54.70
1377860100, 54.70
1377860105, 54.70
1377860110, 54.67
1377860115, 54.70
1377860120, 54.70
1377860125, 54.67
1377860130, 54.70
1377860145, 54.70
1377860150, 54.70
1377860155, 54.70
1377860160, 54.70
1377860165, 54.70
1377860170, 54.70
1377860175, 54.70
1377860180, 54.70
1377860185, 54.70
1377860190, 54.70
1377860195, 54.70
1377860200, 54.70
1377860205, 54.70
1377860210, 54.70
1377860215, 54.70
1377860220, 54.70
1377860225, 54.70
1377860230, 54.70
1377860235, 54.70
1377860240, 54.70
1377860245, 54.70
1377860250, 54.70
1377860255, 54.70
1377860260, 54.70
1377860265, 54.70
1377860270, 54.70
1377860275, 54.73
1377860280, 54.70
1377860285, 54.70
1377860290, 54.70
1377860295, 54.70
1377860300, 54.70
1377860305, 54.70
1377860310, 54.70
1377860315, 54.70
1377860320, 54.70
1377860325, 54.73
1377860330, 54.70
1377860335, 54.70
1377860340, 54.70
1377860345, 54.70
1377860350, 54.70
1377860355, 54.70
1377860360, 54.70
1377860365, 54.73
1377860370, 54.73
1377860375, 54.73
1377860380, 54.73
1377860385, 54.70
1377860390, 54.73
1377860395, 54.73
1377860400, 54.70
1377860405, 54.70
1377860410, 54.70
1377860415, 54.73
1377860420, 54.73
1377860425, 54.73
1377860430, 54.70
1377860435, 54.70
1377860440, 54.73
1377860445, 54.73
1377860450, 54.73
1377860455, 54.73
1377860460, 54.73
1377860465, 54.70
1377860470, 54.73
1377860475, 54.73
1377860480, 54.70
1377860485, 54.70
1377860490, 54.73
1377860495, 54.73
1377860500, 54.70
1377860505, 54.73
1377860510, 54.73
1377860517, 54.73
1377860520, 54.73
1377860525, 54.73
1377860530, 54.73
1377860535, 54.70
1377860540, 54.73
1377860545, 54.70
1377860550, 54.73
1377860555, 54.73
1377860560, 54.73
1377860565, 54.73
1377860570, 54.73
1377860575, 54.73
1377860580, 54.73
1377860585, 54.73
1377860590, 54.73
1377860595, 54.73
1377860600, 54.76
1377860605, 54.73
1377860610, 54.73
1377860615, 54.73
1377860620, 54.73
1377860625, 54.73
1377860630, 54.73
1377860635, 54.73
1377860640, 54.73
1377860645, 54.73
1377860650, 54.76
1377860655, 54.76
1377860660, 54.76
1377860665, 54.73
1377860670, 54.76
1377860675, 54.73
1377860680, 54.76
1377860685, 54.76
1377860690, 54.76
1377860695, 54.73
1377860700, 54.76
1377860705, 54.76
1377860710, 54.76
1377860715, 54.76
1377860721, 54.76
1377860725, 54.76
1377860730, 54.76
1377860735, 54.73
1377860740, 54.76
1377860745, 54.76
1377860750, 54.76
1377860755, 54.76
1377860760, 54.76
1377860765, 54.76
1377860770, 54.76
1377860775, 54.76
1377860780, 54.76
1377860785, 54.76
1377860790, 54.76
1377860795, 54.76
1377860800, 54.76
1377860805, 54.80
1377860810, 54.76
1377860815, 54.76
1377860820, 54.76
1377860825, 54.76
1377860830, 54.76
1377860835, 54.76
1377860840, 54.76
1377860845, 54.76
1377860850, 54.76
1377860855, 54.76
1377860860, 54.76
1377860865, 54.76
1377860870, 54.76
1377860875, 54.76
1377860880, 54.76
1377860885, 54.80
1377860890, 54.76
1377860895, 54.80
1377860900, 54.80
1377860905, 54.76
1377860910, 54.80
1377860915, 54.80
1377860920, 54.80
1377860925, 54.76
1377860930, 54.80
1377860935, 54.80
1377860940, 54.76
1377860945, 54.80
1377860950, 54.76
1377860955, 54.76
1377860960, 54.80
1377860965, 54.76
1377860970, 54.80
1377860975, 54.80
1377860980, 54.80
1377860985, 54.76
1377860990, 54.80
1377860995, 54.80
1377861000, 54.80
1377861005, 54.80
1377861010, 54.80
1377861015, 54.80
1377861020, 54.80
1377861025, 54.80
1377861030, 54.80
1377861035, 54.80
1377861040, 54.80
1377861045, 54.76
1377861050, 54.80
1377861055, 54.76
1377861060, 54.80
1377861065, 54.80
1377861070, 54.80
1377861075, 54.80
1377861080, 54.80
1377861085, 54.80
1377861090, 54.80
1377861095, 54.80
1377861100, 54.76
1377861105, 54.80
1377861110, 54.80
1377861115, 54.80
1377861120, 54.80
1377861125, 54.80
1377861130, 54.80
1377861135, 54.76
1377861140, 54.83
1377861145, 54.76
1377861150, 54.76
1377861155, 54.80
1377861160, 54.80
1377861165, 54.80
1377861170, 54.80
1377861175, 54.80
1377861180, 54.80
1377861185, 54.80
1377861190, 54.80
1377861195, 54.76
1377861200, 54.80
1377861205, 54.76
1377861210, 54.80
1377861215, 54.80
1377861220, 54.80
1377861225, 54.80
1377861230, 54.80
1377861235, 54.80
1377861240, 54.80
1377861248, 54.80
1377861250, 54.80
1377861255, 54.80
1377861260, 54.80
1377861265, 54.80
1377861270, 54.80
1377861275, 54.80
1377861280, 54.80
1377861285, 54.80
1377861290, 54.80
1377861295, 54.83
1377861300, 54.80
1377861305, 54.80
1377861310, 54.80
1377861315, 54.80
1377861320, 54.83
1377861325, 54.80
1377861330, 54.80
1377861335, 54.80
1377861340, 54.83
1377861350, 54.80
1377861355, 54.80
1377861360, 54.80
1377861365, 54.76
1377861370, 54.80
1377861375, 54.80
1377861380, 54.80
1377861385, 54.80
1377861390, 54.76
1377861395, 54.80
1377861400, 54.76
1377861405, 54.80
1377861410, 54.80
1377861415, 54.80
1377861420, 54.80
1377861425, 54.76
1377861430, 54.80
1377861435, 54.80
1377861440, 54.76
1377861445, 54.80
1377861450, 54.80
1377861455, 54.76
1377861460, 54.80
1377861465, 54.76
1377861470, 54.76
1377861475, 54.80
1377861480, 54.80
1377861485, 54.80
1377861490, 54.76
1377861495, 54.80
1377861500, 54.80
1377861505, 54.76
1377861510, 54.76
1377861515, 54.76
1377861520, 54.76
1377861525, 54.76
1377861530, 54.80
1377861535, 54.76
1377861540, 54.80
1377861545, 54.76
1377861550, 54.76
1377861555, 54.76
1377861560, 54.76
1377861565, 54.76
1377861570, 54.76
1377861575, 54.76
1377861580, 54.76
1377861585, 54.76
1377861590, 54.76
1377861595, 54.80
1377861600, 54.80
1377861605, 54.76
1377861610, 54.76
1377861615, 54.76
1377861620, 54.76
1377861625, 54.76
1377861630, 54.76
1377861635, 54.76
1377861640, 54.80
1377861645, 54.76
1377861650, 54.76
1377861655, 54.76
1377861660, 54.80
1377861665, 54.76
1377861670, 54.76
1377861675, 54.76
1377861680, 54.76
1377861685, 54.76
1377861690, 54.76
1377861695, 54.76
1377861700, 54.76
1377861705, 54.76
1377861710, 54.76
1377861715, 54.76
1377861720, 54.76
1377861725, 54.76
1377861730, 54.76
1377861735, 54.76
1377861740, 54.76
1377861745, 54.76
1377861750, 54.76
1377861755, 54.76
1377861760, 54.76
1377861765, 54.76
1377861770, 54.76
1377861775, 54.76
1377861780, 54.76
1377861785, 54.76
1377861790, 54.76
1377861795, 54.76
1377861800, 54.76
1377861805, 54.76
1377861810, 54.76
1377861815, 54.76
1377861820, 54.76
1377861825, 54.76
1377861830, 54.76
1377861835, 54.76
1377861840, 54.73
1377861845, 54.76
1377861850, 54.76
1377861855, 54.76
1377861860, 54.73
1377861865, 54.73
1377861870, 54.76
1377861875, 54.76
1377861880, 54.76
1377861885, 54.76
1377861890, 54.76
1377861895, 54.76
1377861900, 54.76
1377861905, 54.73
1377861910, 54.73
1377861915, 54.73
1377861920, 54.76
1377861925, 54.73
1377861930, 54.76
1377861935, 54.73
1377861940, 54.76
1377861945, 54.73
1377861950, 54.73
1377861955, 54.73
1377861960, 54.73
1377861965, 54.73
1377861970, 54.76
1377861975, 54.76
1377861980, 54.73
1377861985, 54.76
1377861990, 54.73
1377861995, 54.73
1377862000, 54.76
1377862005, 54.73
1377862010, 54.73
1377862015, 54.73
1377862020, 54.73
1377862025, 54.73
1377862030, 54.76
1377862035, 54.76
1377862040, 54.76
1377862045, 54.76
1377862050, 54.76
1377862055, 54.73
1377862060, 54.76
1377862065, 54.73
1377862070, 54.76
1377862075, 54.73
1377862080, 54.73
1377862085, 54.73
1377862090, 54.73
1377862095, 54.76
1377862100, 54.76
1377862105, 54.73
1377862110, 54.76
1377862115, 54.73
1377862120, 54.73
1377862125, 54.76
1377862130, 54.73
1377862135, 54.73
1377862140, 54.73
1377862145, 54.73
1377862150, 54.73
1377862155, 54.73
1377862160, 54.73
1377862165, 54.73
1377862170, 54.76
1377862175, 54.73
1377862180, 54.73
1377862185, 54.73
1377862190, 54.73
1377862195, 54.73
1377862200, 54.73
1377862205, 54.73
1377862210, 54.73
1377862215, 54.73
1377862220, 54.73
1377862225, 54.73
1377862230, 54.73
1377862235, 54.70
1377862240, 54.73
1377862245, 54.73
1377862250, 54.73
1377862255, 54.73
1377862260, 54.73
1377862265, 54.73
1377862270, 54.70
1377862275, 54.73
1377862280, 54.73
1377862285, 54.73
1377862290, 54.70
1377862295, 54.73
1377862300, 54.73
1377862305, 54.70
1377862310, 54.70
1377862315, 54.73
1377862320, 54.73
1377862325, 54.73
1377862330, 54.73
1377862335, 54.73
1377862340, 54.73
1377862345, 54.70
1377862350, 54.70
1377862355, 54.73
1377862360, 54.70
1377862365, 54.73
1377862370, 54.70
1377862375, 54.70
1377862380, 54.73
1377862385, 54.73
1377862390, 54.73
1377862395, 54.73
1377862400, 54.73
1377862405, 54.70
1377862410, 54.70
1377862415, 54.70
1377862420, 54.70
1377862425, 54.70
1377862430, 54.70
1377862435, 54.70
1377862440, 54.73
1377862445, 54.73
1377862450, 54.70
1377862455, 54.70
1377862460, 54.73
1377862465, 54.73
1377862470, 54.70
1377862475, 54.73
1377862480, 54.70
1377862485, 54.73
1377862490, 54.70
1377862495, 54.70
1377862500, 54.70
1377862505, 54.70
1377862510, 54.70
1377862515, 54.70
1377862520, 54.70
1377862525, 54.70
1377862530, 54.73
1377862535, 54.70
1377862540, 54.73
1377862545, 54.73
1377862550, 54.70
1377862555, 54.70
1377862560, 54.70
1377862565, 54.70
1377862570, 54.70
1377862575, 54.70
1377862580, 54.70
1377862585, 54.73
1377862590, 54.73
1377862595, 54.70
1377862600, 54.70
1377862605, 54.70
1377862610, 54.73
1377862615, 54.70
1377862620, 54.70
1377862625, 54.70
1377862630, 54.73
1377862635, 54.73
1377862640, 54.70
1377862645, 54.70
1377862650, 54.70
1377862655, 54.70
1377862660, 54.73
1377862665, 54.70
1377862670, 54.70
1377862675, 54.70
1377862680, 54.73
1377862685, 54.70
1377862690, 54.70
1377862695, 54.70
1377862700, 54.70
1377862705, 54.73
1377862710, 54.70
1377862715, 54.70
1377862720, 54.73
1377862725, 54.70
1377862730, 54.73
1377862735, 54.70
1377862740, 54.70
1377862745, 54.73
1377862750, 54.73
1377862755, 54.70
1377862760, 54.73
1377862765, 54.73
1377862770, 54.70
1377862775, 54.70
1377862782, 54.70
1377862785, 54.73
1377862790, 54.70
1377862795, 54.73
1377862800, 54.70
1377862805, 54.70
1377862810, 54.73
1377862815, 54.70
1377862820, 54.70
1377862825, 54.70
1377862830, 54.70
1377862835, 54.73
1377862840, 54.73
1377862845, 54.70
1377862850, 54.70
1377862855, 54.70
1377862860, 54.70
1377862865, 54.73
1377862870, 54.70
1377862875, 54.70
1377862880, 54.73
1377862885, 54.73
1377862890, 54.70
1377862895, 54.73
1377862900, 54.73
1377862905, 54.70
1377862910, 54.70
1377862915, 54.70
1377862920, 54.73
1377862925, 54.73
1377862930, 54.70
1377862935, 54.70
1377862940, 54.70
1377862945, 54.70
1377862950, 54.73
1377862955, 54.70
1377862960, 54.73
1377862965, 54.70
1377862970, 54.73
1377862975, 54.73
1377862980, 54.73
1377862985, 54.70
1377862990, 54.70
1377862995, 54.73
1377863000, 54.73
1377863005, 54.73
1377863010, 54.70
1377863015, 54.70
1377863020, 54.73
1377863025, 54.73
1377863030, 54.73
1377863035, 54.73
1377863040, 54.70
1377863045, 54.70
1377863050, 54.73
1377863055, 54.73
1377863060, 54.70
1377863065, 54.70
1377863070, 54.70
1377863075, 54.70
1377863080, 54.70
1377863085, 54.70
1377863090, 54.70
1377863095, 54.73
1377863100, 54.73
1377863105, 54.73
1377863110, 54.73
1377863115, 54.70
1377863120, 54.70
1377863125, 54.73
1377863130, 54.70
1377863135, 54.70
1377863140, 54.70
1377863145, 54.73
1377863150, 54.70
1377863155, 54.73
1377863160, 54.70
1377863165, 54.73
1377863170, 54.73
1377863175, 54.73
1377863180, 54.70
1377863185, 54.70
1377863190, 54.70
1377863195, 54.70
1377863200, 54.73
1377863205, 54.73
1377863210, 54.73
1377863215, 54.73
1377863220, 54.70
1377863225, 54.73
1377863230, 54.73
1377863235, 54.73
1377863240, 54.70
1377863245, 54.73
1377863250, 54.70
1377863255, 54.70
1377863260, 54.70
1377863265, 54.70
1377863270, 54.70
1377863275, 54.73
1377863280, 54.70
1377863285, 54.70
1377863290, 54.70
1377863295, 54.73
1377863300, 54.70
1377863305, 54.70
1377863310, 54.70
1377863315, 54.73
1377863320, 54.70
1377863325, 54.70
1377863330, 54.70
1377863335, 54.70
1377863340, 54.73
1377863345, 54.70
1377863350, 54.70
1377863355, 54.70
1377863360, 54.70
1377863365, 54.70
1377863370, 54.70
1377863375, 54.70
1377863380, 54.70
1377863385, 54.70
1377863390, 54.70
1377863395, 54.70
1377863400, 54.73
1377863405, 54.70
1377863410, 54.70
1377863415, 54.70
1377863420, 54.70
1377863425, 54.70
1377863430, 54.70
1377863435, 54.70
1377863440, 54.70
1377863445, 54.70
1377863450, 54.70
1377863455, 54.70
1377863460, 54.70
1377863465, 54.70
1377863470, 54.70
1377863475, 54.70
1377863480, 54.70
1377863485, 54.70
1377863490, 54.70
1377863495, 54.70
1377863500, 54.70
1377863508, 54.70
1377863510, 54.67
1377863515, 54.70
1377863520, 54.70
1377863525, 54.70
1377863530, 54.70
1377863535, 54.70
1377863540, 54.70
1377863545, 54.70
1377863550, 54.70
1377863555, 54.70
1377863560, 54.70
1377863565, 54.70
1377863570, 54.70
1377863575, 54.70
1377863580, 54.70
1377863585, 54.70
1377863590, 54.70
1377863595, 54.70
1377863600, 54.70
1377863605, 54.70
1377863610, 54.70
1377863615, 54.70
1377863620, 54.70
1377863625, 54.67
1377863630, 54.70
1377863635, 54.70
1377863640, 54.70
1377863645, 54.67
1377863650, 54.67
1377863655, 54.70
1377863660, 54.67
1377863665, 54.67
1377863670, 54.70
1377863675, 54.70
1377863680, 54.67
1377863685, 54.70
1377863690, 54.70
1377863695, 54.70
1377863700, 54.70
1377863705, 54.67
1377863710, 54.70
1377863715, 54.70
1377863720, 54.70
1377863725, 54.67
1377863730, 54.67
1377863735, 54.67
1377863740, 54.67
1377863745, 54.67
1377863750, 54.67
1377863755, 54.67
1377863760, 54.67
1377863765, 54.70
1377863770, 54.67
1377863775, 54.67
1377863780, 54.67
1377863785, 54.67
1377863790, 54.70
1377863795, 54.67
1377863800, 54.70
1377863805, 54.67
1377863810, 54.67
1377863815, 54.70
1377863820, 54.67
1377863825, 54.67
1377863830, 54.67
1377863835, 54.67
1377863840, 54.67
1377863845, 54.67
1377863850, 54.67
1377863855, 54.64
1377863860, 54.67
1377863865, 54.64
1377863870, 54.67
1377863875, 54.67
1377863880, 54.67
1377863885, 54.67
1377863890, 54.67
1377863895, 54.67
1377863900, 54.67
1377863905, 54.67
1377863910, 54.70
1377863915, 54.67
1377863920, 54.67
1377863925, 54.67
1377863930, 54.64
1377863935, 54.67
1377863940, 54.67
1377863945, 54.67
1377863950, 54.67
1377863955, 54.67
1377863960, 54.67
1377863965, 54.67
1377863970, 54.67
1377863975, 54.67
1377863980, 54.67
1377863985, 54.67
1377863990, 54.67
1377863995, 54.67
1377864000, 54.67
1377864005, 54.64
1377864010, 54.67
1377864015, 54.67
1377864020, 54.67
1377864025, 54.67
1377864030, 54.64
1377864035, 54.67
1377864040, 54.67
1377864045, 54.67
1377864050, 54.67
1377864055, 54.67
1377864060, 54.67
1377864065, 54.64
1377864070, 54.64
1377864075, 54.67
1377864080, 54.64
1377864085, 54.67
1377864090, 54.67
1377864095, 54.67
1377864100, 54.67
1377864105, 54.64
1377864110, 54.67
1377864115, 54.67
1377864120, 54.67
1377864125, 54.67
1377864130, 54.67
1377864135, 54.67
1377864140, 54.64
1377864145, 54.67
1377864150, 54.64
1377864155, 54.64
1377864160, 54.64
1377864165, 54.64
1377864170, 54.64
1377864175, 54.64
1377864180, 54.64
1377864185, 54.64
1377864190, 54.64
1377864195, 54.64
1377864200, 54.64
1377864205, 54.64
1377864210, 54.64
1377864215, 54.64
1377864220, 54.64
1377864228, 54.64
1377864230, 54.64
1377864235, 54.64
1377864240, 54.64
1377864245, 54.64
1377864250, 54.61
1377864255, 54.64
1377864260, 54.64
1377864265, 54.64
1377864270, 54.61
1377864275, 54.64
1377864280, 54.64
1377864285, 54.64
1377864290, 54.64
1377864295, 54.64
1377864300, 54.64
1377864305, 54.64
1377864310, 54.61
1377864315, 54.64
1377864320, 54.61
1377864325, 54.64
1377864330, 54.61
1377864335, 54.64
1377864340, 54.64
1377864345, 54.61
1377864350, 54.64
1377864355, 54.64
1377864360, 54.61
1377864365, 54.64
1377864370, 54.64
1377864375, 54.64
1377864380, 54.61
1377864385, 54.61
1377864390, 54.64
1377864395, 54.61
1377864400, 54.64
1377864405, 54.64
1377864410, 54.61
1377864415, 54.61
1377864420, 54.61
1377864425, 54.61
1377864430, 54.64
1377864435, 54.64
1377864440, 54.61
1377864445, 54.64
1377864450, 54.61
1377864455, 54.64
1377864460, 54.61
1377864465, 54.64
1377864470, 54.64
1377864475, 54.61
1377864480, 54.61
1377864485, 54.64
1377864490, 54.61
1377864495, 54.61
1377864500, 54.61
1377864505, 54.64
1377864510, 54.64
1377864515, 54.64
1377864520, 54.64
1377864525, 54.64
1377864530, 54.64
1377864535, 54.61
1377864540, 54.64
1377864545, 54.64
1377864550, 54.64
1377864555, 54.61
1377864560, 54.64
1377864565, 54.64
1377864570, 54.61
1377864575, 54.64
1377864580, 54.64
1377864585, 54.64
1377864590, 54.64
1377864595, 54.64
1377864600, 54.64
1377864605, 54.64
1377864610, 54.64
1377864615, 54.64
1377864620, 54.64
1377864625, 54.64
1377864630, 54.64
1377864635, 54.64
1377864640, 54.64
1377864645, 54.64
1377864650, 54.61
1377864655, 54.64
1377864660, 54.67
1377864665, 54.64
1377864670, 54.64
1377864675, 54.64
1377864680, 54.64
1377864685, 54.64
1377864690, 54.64
1377864695, 54.64
1377864700, 54.64
1377864705, 54.64
1377864710, 54.64
1377864715, 54.64
1377864720, 54.64
1377864725, 54.67
1377864730, 54.64
1377864735, 54.64
1377864740, 54.64
1377864745, 54.64
1377864750, 54.64
1377864755, 54.67
1377864760, 54.64
1377864765, 54.67
1377864770, 54.67
1377864775, 54.64
1377864780, 54.70
1377864785, 54.64
1377864790, 54.67
1377864795, 54.64
1377864800, 54.67
1377864805, 54.64
1377864810, 54.67
1377864815, 54.64
1377864820, 54.67
1377864825, 54.67
1377864830, 54.67
1377864835, 54.67
1377864840, 54.67
1377864845, 54.64
1377864850, 54.70
1377864855, 54.70
1377864860, 54.67
1377864865, 54.67
1377864870, 54.70
1377864875, 54.70
1377864880, 54.70
1377864885, 54.70
1377864890, 54.67
1377864895, 54.67
1377864900, 54.70
1377864905, 54.70
1377864910, 54.70
1377864915, 54.70
1377864920, 54.70
1377864925, 54.67
1377864930, 54.70
1377864935, 54.67
1377864940, 54.70
1377864945, 54.70
1377864950, 54.70
1377864955, 54.70
1377864960, 54.70
1377864965, 54.70
1377864970, 54.70
1377864975, 54.70
1377864980, 54.70
1377864985, 54.70
1377864990, 54.70
1377864995, 54.70
1377865000, 54.70
1377865005, 54.70
1377865010, 54.67
1377865015, 54.70
1377865020, 54.70
1377865025, 54.70
1377865030, 54.70
1377865035, 54.70
1377865040, 54.70
1377865045, 54.70
1377865050, 54.70
1377865055, 54.70
1377865060, 54.70
1377865065, 54.70
1377865070, 54.70
1377865075, 54.70
1377865080, 54.70
1377865085, 54.67
1377865090, 54.70
1377865095, 54.70
1377865100, 54.70
1377865105, 54.70
1377865110, 54.70
1377865115, 54.70
1377865120, 54.70
1377865125, 54.70
1377865130, 54.70
1377865135, 54.70
1377865140, 54.70
1377865145, 54.70
1377865150, 54.70
1377865155, 54.70
1377865160, 54.70
1377865165, 54.70
1377865170, 54.70
1377865175, 54.70
1377865180, 54.70
1377865185, 54.70
1377865190, 54.70
1377865195, 54.70
1377865200, 54.73
1377865205, 54.70
1377865210, 54.73
1377865215, 54.70
1377865220, 54.70
1377865225, 54.70
1377865230, 54.73
1377865235, 54.70
1377865240, 54.70
1377865245, 54.70
1377865250, 54.70
1377865255, 54.70
1377865260, 54.73
1377865265, 54.70
1377865270, 54.73
1377865275, 54.70
1377865280, 54.70
1377865285, 54.70
1377865290, 54.70
1377865295, 54.73
1377865300, 54.70
1377865305, 54.70
1377865310, 54.70
1377865315, 54.70
1377865320, 54.70
1377865325, 54.70
1377865330, 54.70
1377865335, 54.70
1377865340, 54.70
1377865345, 54.70
1377865350, 54.70
1377865355, 54.70
1377865360, 54.70
1377865365, 54.70
1377865370, 54.73
1377865375, 54.70
1377865380, 54.70
1377865385, 54.70
1377865390, 54.70
1377865395, 54.70
1377865400, 54.70
1377865405, 54.70
1377865410, 54.70
1377865415, 54.70
1377865420, 54.70
1377865425, 54.70
1377865430, 54.70
1377865435, 54.70
1377865440, 54.70
1377865445, 54.70
1377865450, 54.70
1377865455, 54.70
1377865460, 54.70
1377865465, 54.70
1377865470, 54.70
1377865475, 54.70
1377865480, 54.67
1377865485, 54.67
1377865490, 54.70
1377865495, 54.70
1377865500, 54.67
1377865505, 54.70
1377865510, 54.67
1377865515, 54.70
1377865520, 54.67
1377865525, 54.67
1377865530, 54.67
1377865535, 54.67
1377865540, 54.67
1377865545, 54.67
1377865550, 54.67
1377865555, 54.67
1377865560, 54.67
1377865565, 54.67
1377865570, 54.67
1377865575, 54.70
1377865580, 54.70
1377865585, 54.67
1377865590, 54.67
1377865595, 54.64
1377865600, 54.67
1377865605, 54.67
1377865610, 54.67
1377865615, 54.67
1377865620, 54.67
1377865625, 54.67
1377865630, 54.64
1377865635, 54.64
1377865640, 54.67
1377865645, 54.67
1377865650, 54.64
1377865655, 54.64
1377865660, 54.67
1377865665, 54.64
1377865670, 54.64
1377865675, 54.64
1377865680, 54.67
1377865685, 54.64
1377865690, 54.64
1377865695, 54.67
1377865700, 54.64
1377865705, 54.64
1377865710, 54.64
1377865715, 54.64
1377865720, 54.67
1377865725, 54.64
1377865730, 54.64
1377865735, 54.64
1377865740, 54.64
1377865745, 54.64
1377865750, 54.64
1377865755, 54.64
1377865760, 54.64
1377865765, 54.67
1377865770, 54.64
1377865775, 54.64
1377865780, 54.64
1377865785, 54.64
1377865790, 54.64
1377865795, 54.64
1377865800, 54.64
1377865805, 54.64
1377865810, 54.64
1377865815, 54.64
1377865820, 54.64
1377865825, 54.64
1377865830, 54.64
1377865835, 54.64
1377865840, 54.64
1377865845, 54.64
1377865850, 54.64
1377865855, 54.64
1377865860, 54.64
1377865865, 54.64
1377865870, 54.64
1377865875, 54.64
1377865880, 54.64
1377865885, 54.64
1377865890, 54.64
1377865895, 54.64
1377865900, 54.64
1377865905, 54.64
1377865910, 54.64
1377865915, 54.64
1377865920, 54.61
1377865925, 54.64
1377865930, 54.64
1377865935, 54.64
1377865940, 54.64
1377865945, 54.61
1377865950, 54.64
1377865955, 54.64
1377865960, 54.64
1377865965, 54.64
1377865970, 54.64
1377865975, 54.64
1377865980, 54.64
1377865985, 54.64
1377865990, 54.61
1377865995, 54.61
1377866000, 54.61
1377866005, 54.64
1377866010, 54.61
1377866015, 54.61
1377866020, 54.61
1377866025, 54.61
1377866030, 54.64
1377866035, 54.64
1377866040, 54.64
1377866045, 54.64
1377866050, 54.61
1377866055, 54.61
1377866060, 54.61
1377866065, 54.61
1377866070, 54.61
1377866075, 54.61
1377866080, 54.61
1377866085, 54.61
1377866090, 54.61
1377866095, 54.61
1377866100, 54.61
1377866105, 54.61
1377866110, 54.61
1377866115, 54.61
1377866120, 54.61
1377866125, 54.61
1377866130, 54.61
1377866135, 54.61
1377866140, 54.61
1377866145, 54.61
1377866150, 54.58
1377866155, 54.61
1377866160, 54.61
1377866165, 54.58
1377866170, 54.58
1377866175, 54.58
1377866180, 54.61
1377866185, 54.58
1377866190, 54.61
1377866195, 54.58
1377866200, 54.58
1377866205, 54.58
1377866210, 54.61
1377866215, 54.58
1377866220, 54.58
1377866225, 54.58
1377866230, 54.58
1377866235, 54.61
1377866240, 54.61
1377866245, 54.58
1377866250, 54.58
1377866255, 54.58
1377866260, 54.61
1377866265, 54.61
1377866270, 54.58
1377866275, 54.58
1377866280, 54.58
1377866285, 54.58
1377866290, 54.58
1377866295, 54.58
1377866300, 54.58
1377866305, 54.58
1377866310, 54.58
1377866315, 54.58
1377866320, 54.58
1377866325, 54.58
1377866330, 54.58
1377866335, 54.58
1377866340, 54.58
1377866345, 54.58
1377866350, 54.58
1377866355, 54.58
1377866360, 54.58
1377866365, 54.58
1377866370, 54.58
1377866375, 54.58
1377866380, 54.58
1377866385, 54.58
1377866390, 54.54
1377866395, 54.58
1377866400, 54.54
1377866405, 54.58
1377866410, 54.54
1377866415, 54.58
1377866420, 54.58
1377866425, 54.58
1377866430, 54.58
1377866435, 54.58
1377866440, 54.54
1377866445, 54.58
1377866450, 54.58
1377866455, 54.54
1377866460, 54.54
1377866465, 54.58
1377866470, 54.54
1377866475, 54.54
1377866480, 54.58
1377866485, 54.54
1377866490, 54.54
1377866495, 54.58
1377866500, 54.51
1377866505, 54.54
1377866510, 54.54
1377866515, 54.54
1377866520, 54.54
1377866525, 54.54
1377866530, 54.54
1377866535, 54.54
1377866540, 54.58
1377866545, 54.54
1377866550, 54.54
1377866555, 54.54
1377866560, 54.51
1377866565, 54.54
1377866570, 54.54
1377866575, 54.54
1377866580, 54.54
1377866586, 54.54
1377866590, 54.54
1377866595, 54.54
1377866600, 54.54
1377866605, 54.54
1377866610, 54.54
1377866615, 54.51
1377866620, 54.54
1377866625, 54.51
1377866630, 54.54
1377866635, 54.54
1377866640, 54.54
1377866645, 54.54
1377866650, 54.54
1377866655, 54.54
1377866660, 54.51
1377866665, 54.54
1377866670, 54.54
1377866675, 54.54
1377866680, 54.54
1377866685, 54.54
1377866690, 54.51
1377866695, 54.54
1377866700, 54.54
1377866705, 54.54
1377866710, 54.54
1377866715, 54.54
1377866720, 54.51
1377866725, 54.51
1377866730, 54.54
1377866735, 54.54
1377866740, 54.51
1377866745, 54.54
1377866750, 54.54
1377866755, 54.51
1377866760, 54.51
1377866765, 54.54
1377866770, 54.54
1377866775, 54.54
1377866780, 54.54
1377866785, 54.51
1377866790, 54.51
1377866795, 54.54
1377866800, 54.51
1377866805, 54.54
1377866810, 54.51
1377866815, 54.51
1377866820, 54.51
1377866825, 54.54
1377866830, 54.51
1377866835, 54.54
1377866840, 54.54
1377866845, 54.51
1377866850, 54.54
1377866855, 54.54
1377866860, 54.51
1377866865, 54.51
1377866870, 54.51
1377866875, 54.54
1377866880, 54.51
1377866885, 54.51
1377866890, 54.51
1377866895, 54.51
1377866900, 54.54
1377866905, 54.54
1377866910, 54.51
1377866915, 54.51
1377866920, 54.54
1377866925, 54.54
1377866930, 54.51
1377866935, 54.51
1377866940, 54.51
1377866945, 54.51
1377866950, 54.54
1377866955, 54.51
1377866960, 54.51
1377866965, 54.51
1377866970, 54.51
1377866975, 54.51
1377866980, 54.51
1377866985, 54.51
1377866990, 54.54
1377866995, 54.51
1377867000, 54.51
1377867005, 54.54
1377867010, 54.51
1377867015, 54.54
1377867020, 54.51
1377867025, 54.51
1377867030, 54.51
1377867035, 54.51
1377867040, 54.54
1377867045, 54.51
1377867050, 54.51
1377867055, 54.51
1377867060, 54.51
1377867065, 54.51
1377867070, 54.51
1377867075, 54.51
1377867080, 54.51
1377867085, 54.51
1377867090, 54.51
1377867095, 54.51
1377867100, 54.51
1377867105, 54.51
1377867110, 54.51
1377867115, 54.51
1377867120, 54.51
1377867125, 54.51
1377867130, 54.51
1377867135, 54.51
1377867140, 54.54
1377867145, 54.51
1377867150, 54.51
1377867155, 54.51
1377867160, 54.51
1377867165, 54.51
1377867173, 54.51
1377867175, 54.51
1377867180, 54.51
1377867185, 54.51
1377867190, 54.51
1377867195, 54.51
1377867200, 54.51
1377867205, 54.51
1377867210, 54.51
1377867215, 54.51
1377867220, 54.51
1377867225, 54.51
1377867230, 54.51
1377867235, 54.51
1377867240, 54.54
1377867245, 54.54
1377867250, 54.51
1377867255, 54.51
1377867260, 54.51
1377867265, 54.51
1377867270, 54.51
1377867275, 54.51
1377867280, 54.51
1377867285, 54.51
1377867290, 54.51
1377867295, 54.51
1377867300, 54.51
1377867305, 54.51
1377867310, 54.54
1377867315, 54.51
1377867320, 54.54
1377867325, 54.51
1377867330, 54.54
1377867335, 54.51
1377867340, 54.51
1377867345, 54.51
1377867350, 54.54
1377867355, 54.51
1377867360, 54.54
1377867365, 54.51
1377867370, 54.51
1377867375, 54.51
1377867380, 54.51
1377867385, 54.54
1377867390, 54.54
1377867395, 54.51
1377867400, 54.51
1377867405, 54.54
1377867410, 54.51
1377867415, 54.51
1377867420, 54.54
1377867425, 54.51
1377867430, 54.51
1377867435, 54.51
1377867440, 54.51
1377867445, 54.54
1377867450, 54.51
1377867455, 54.51
1377867460, 54.54
1377867465, 54.51
1377867470, 54.54
1377867475, 54.51
1377867480, 54.51
1377867485, 54.54
1377867490, 54.51
1377867495, 54.51
1377867500, 54.54
1377867505, 54.51
1377867510, 54.51
1377867515, 54.51
1377867520, 54.51
1377867525, 54.54
1377867530, 54.51
1377867535, 54.51
1377867540, 54.51
1377867545, 54.54
1377867550, 54.51
1377867555, 54.51
1377867560, 54.51
1377867565, 54.51
1377867570, 54.54
1377867575, 54.51
1377867579, 54.54
1377867585, 54.51
1377867590, 54.51
1377867595, 54.51
1377867600, 54.54
1377867605, 54.51
1377867610, 54.51
1377867615, 54.51
1377867620, 54.51
1377867625, 54.51
1377867630, 54.51
1377867635, 54.51
1377867640, 54.51
1377867645, 54.51
1377867650, 54.54
1377867655, 54.51
1377867660, 54.51
1377867665, 54.51
1377867670, 54.51
1377867675, 54.51
1377867680, 54.51
1377867685, 54.51
1377867690, 54.51
1377867695, 54.51
1377867700, 54.51
1377867705, 54.51
1377867710, 54.51
1377867715, 54.51
1377867720, 54.51
1377867725, 54.51
1377867730, 54.51
1377867735, 54.51
1377867740, 54.51
1377867745, 54.51
1377867750, 54.51
1377867755, 54.54
1377867760, 54.51
1377867765, 54.51
1377867770, 54.51
1377867775, 54.54
1377867780, 54.51
1377867785, 54.51
1377867790, 54.51
1377867795, 54.51
1377867800, 54.54
1377867805, 54.51
1377867810, 54.54
1377867815, 54.51
1377867820, 54.51
1377867825, 54.51
1377867830, 54.51
1377867835, 54.51
1377867840, 54.51
1377867845, 54.51
1377867850, 54.51
1377867855, 54.51
1377867860, 54.51
1377867865, 54.51
1377867870, 54.51
1377867875, 54.51
1377867880, 54.51
1377867885, 54.51
1377867890, 54.51
1377867895, 54.51
1377867900, 54.51
1377867905, 54.51
1377867910, 54.51
1377867915, 54.51
1377867920, 54.51
1377867925, 54.51
1377867930, 54.51
1377867935, 54.51
1377867940, 54.51
1377867945, 54.51
1377867950, 54.51
1377867955, 54.51
1377867960, 54.51
1377867965, 54.51
1377867970, 54.51
1377867975, 54.51
1377867980, 54.51
1377867985, 54.51
1377867990, 54.51
1377867995, 54.51
1377868000, 54.51
1377868005, 54.51
1377868010, 54.51
1377868015, 54.51
1377868020, 54.51
1377868025, 54.51
1377868030, 54.51
1377868035, 54.51
1377868040, 54.51
1377868045, 54.51
1377868050, 54.51
1377868055, 54.51
1377868060, 54.51
1377868065, 54.51
1377868070, 54.51
1377868075, 54.48
1377868080, 54.51
1377868085, 54.51
1377868090, 54.51
1377868095, 54.51
1377868100, 54.51
1377868105, 54.51
1377868110, 54.51
1377868115, 54.51
1377868120, 54.51
1377868125, 54.51
1377868130, 54.51
1377868135, 54.51
1377868140, 54.51
1377868145, 54.51
1377868150, 54.51
1377868155, 54.51
1377868160, 54.51
1377868165, 54.51
1377868170, 54.51
1377868175, 54.51
1377868180, 54.51
1377868185, 54.51
1377868190, 54.51
1377868195, 54.51
1377868200, 54.51
1377868205, 54.48
1377868210, 54.51
1377868215, 54.51
1377868220, 54.51
1377868225, 54.51
1377868230, 54.51
1377868235, 54.51
1377868240, 54.51
1377868245, 54.51
1377868250, 54.48
1377868255, 54.51
1377868260, 54.51
1377868265, 54.51
1377868270, 54.51
1377868275, 54.51
1377868280, 54.51
1377868285, 54.51
1377868290, 54.48
1377868295, 54.51
1377868300, 54.48
1377868305, 54.51
1377868310, 54.51
1377868315, 54.51
1377868320, 54.51
1377868325, 54.48
1377868330, 54.48
1377868335, 54.51
1377868340, 54.51
1377868345, 54.48
1377868350, 54.51
1377868355, 54.51
1377868360, 54.51
1377868365, 54.51
1377868370, 54.48
1377868375, 54.51
1377868380, 54.51
1377868385, 54.48
1377868390, 54.51
1377868395, 54.51
1377868399, 54.48
1377868405, 54.51
1377868410, 54.51
1377868415, 54.51
1377868420, 54.51
1377868425, 54.51
1377868430, 54.48
1377868435, 54.51
1377868440, 54.51
1377868445, 54.48
1377868450, 54.51
1377868455, 54.48
1377868460, 54.51
1377868465, 54.51
1377868470, 54.51
1377868475, 54.48
1377868480, 54.51
1377868485, 54.48
1377868490, 54.51
1377868495, 54.51
1377868500, 54.51
1377868505, 54.48
1377868510, 54.51
1377868515, 54.51
1377868520, 54.51
1377868525, 54.51
1377868530, 54.51
1377868535, 54.51
1377868540, 54.51
1377868545, 54.51
1377868550, 54.51
1377868555, 54.48
1377868560, 54.51
1377868565, 54.51
1377868570, 54.51
1377868575, 54.51
1377868580, 54.51
1377868585, 54.51
1377868590, 54.51
1377868595, 54.51
1377868600, 54.51
1377868605, 54.51
1377868610, 54.51
1377868615, 54.51
1377868620, 54.48
1377868625, 54.48
1377868630, 54.51
1377868635, 54.51
1377868640, 54.48
1377868645, 54.51
1377868650, 54.51
1377868655, 54.51
1377868660, 54.51
1377868665, 54.51
1377868670, 54.51
1377868675, 54.51
1377868680, 54.51
1377868685, 54.51
1377868690, 54.51
1377868695, 54.51
1377868700, 54.51
1377868704, 54.51
1377868710, 54.51
1377868715, 54.48
1377868720, 54.51
1377868725, 54.51
1377868730, 54.51
1377868735, 54.51
1377868740, 54.48
1377868745, 54.51
1377868749, 54.51
1377868755, 54.51
1377868760, 54.51
1377868765, 54.51
1377868770, 54.51
1377868775, 54.51
1377868780, 54.51
1377868785, 54.51
1377868790, 54.48
1377868795, 54.51
1377868800, 54.51
1377868805, 54.48
1377868810, 54.51
1377868815, 54.51
1377868820, 54.51
1377868825, 54.51
1377868830, 54.51
1377868835, 54.48
1377868840, 54.51
1377868845, 54.51
1377868850, 54.51
1377868855, 54.51
1377868860, 54.51
1377868865, 54.51
1377868870, 54.51
1377868874, 54.51
1377868880, 54.51
1377868885, 54.51
1377868890, 54.51
1377868895, 54.51
1377868900, 54.51
1377868905, 54.51
1377868910, 54.51
1377868915, 54.48
1377868920, 54.51
1377868925, 54.51
1377868930, 54.51
1377868935, 54.51
1377868940, 54.51
1377868945, 54.51
1377868950, 54.48
1377868955, 54.51
1377868960, 54.51
1377868965, 54.51
1377868970, 54.51
1377868974, 54.51
1377868979, 54.51
1377868985, 54.51
1377868990, 54.51
1377868995, 54.51
1377869000, 54.51
1377869005, 54.51
1377869010, 54.51
1377869015, 54.51
1377869020, 54.51
1377869025, 54.51
1377869030, 54.51
1377869035, 54.51
1377869040, 54.51
1377869045, 54.51
1377869049, 54.51
1377869055, 54.51
1377869060, 54.51
1377869065, 54.51
1377869070, 54.51
1377869075, 54.51
1377869080, 54.51
1377869085, 54.51
1377869090, 54.51
1377869095, 54.48
1377869100, 54.51
1377869105, 54.51
1377869110, 54.51
1377869115, 54.51
1377869120, 54.51
1377869125, 54.51
1377869130, 54.48
1377869135, 54.51
1377869140, 54.51
1377869145, 54.51
1377869150, 54.51
1377869155, 54.51
1377869160, 54.51
1377869165, 54.51
1377869170, 54.51
1377869175, 54.51
1377869180, 54.51
1377869185, 54.51
1377869190, 54.51
1377869195, 54.51
1377869200, 54.51
1377869205, 54.51
1377869210, 54.51
1377869215, 54.51
1377869220, 54.51
1377869225, 54.51
1377869230, 54.48
1377869235, 54.51
1377869240, 54.51
1377869245, 54.51
1377869250, 54.51
1377869255, 54.51
1377869260, 54.51
1377869265, 54.51
1377869269, 54.51
1377869275, 54.51
1377869280, 54.51
1377869285, 54.54
1377869290, 54.51
1377869295, 54.51
1377869300, 54.51
1377869304, 54.51
1377869310, 54.51
1377869315, 54.54
1377869320, 54.51
1377869325, 54.51
1377869330, 54.51
1377869335, 54.54
1377869340, 54.54
1377869345, 54.54
1377869350, 54.54
1377869355, 54.51
1377869360, 54.54
1377869365, 54.54
1377869370, 54.54
1377869375, 54.54
1377869380, 54.51
1377869385, 54.54
1377869390, 54.51
1377869395, 54.54
1377869400, 54.54
1377869405, 54.54
1377869410, 54.54
1377869415, 54.51
1377869420, 54.54
1377869425, 54.54
1377869430, 54.54
1377869435, 54.54
1377869440, 54.54
1377869444, 54.54
1377869450, 54.54
1377869455, 54.54
1377869460, 54.54
1377869465, 54.54
1377869470, 54.54
1377869475, 54.58
1377869480, 54.54
1377869484, 54.54
1377869490, 54.58
1377869495, 54.54
1377869500, 54.54
1377869505, 54.58
1377869510, 54.54
1377869515, 54.58
1377869520, 54.54
1377869525, 54.54
1377869530, 54.54
1377869535, 54.54
1377869540, 54.58
1377869545, 54.54
1377869550, 54.54
1377869555, 54.54
1377869560, 54.54
1377869565, 54.58
1377869570, 54.58
1377869574, 54.54
1377869580, 54.54
1377869585, 54.58
1377869590, 54.58
1377869595, 54.58
1377869600, 54.54
1377869605, 54.58
1377869610, 54.58
1377869615, 54.58
1377869620, 54.58
1377869625, 54.58
1377869630, 54.58
1377869635, 54.54
1377869640, 54.54
1377869645, 54.58
1377869650, 54.54
1377869655, 54.58
1377869660, 54.58
1377869665, 54.58
1377869670, 54.58
1377869675, 54.58
1377869680, 54.58
1377869685, 54.58
1377869690, 54.54
1377869695, 54.58
1377869700, 54.58
1377869705, 54.58
1377869710, 54.58
1377869715, 54.58
1377869720, 54.58
1377869725, 54.58
1377869730, 54.58
1377869735, 54.58
1377869739, 54.58
1377869745, 54.54
1377869750, 54.58
1377869755, 54.58
1377869760, 54.58
1377869765, 54.58
1377869770, 54.54
1377869775, 54.58
1377869780, 54.58
1377869785, 54.54
1377869790, 54.58
1377869795, 54.58
1377869800, 54.58
1377869805, 54.58
1377869810, 54.58
1377869815, 54.58
1377869820, 54.54
1377869825, 54.58
1377869830, 54.58
1377869835, 54.58
1377869840, 54.58
1377869845, 54.58
1377869850, 54.54
1377869855, 54.58
1377869860, 54.58
1377869865, 54.58
1377869870, 54.58
1377869875, 54.58
1377869880, 54.58
1377869885, 54.58
1377869890, 54.58
1377869895, 54.58
1377869900, 54.54
1377869905, 54.58
1377869910, 54.58
1377869915, 54.58
1377869920, 54.58
1377869925, 54.58
1377869930, 54.58
1377869935, 54.54
1377869940, 54.54
1377869945, 54.54
1377869950, 54.54
1377869955, 54.58
1377869960, 54.58
1377869964, 54.58
1377869970, 54.58
1377869975, 54.54
1377869980, 54.58
1377869985, 54.54
1377869990, 54.58
1377869995, 54.58
1377870000, 54.54
1377870005, 54.58
1377870010, 54.58
1377870015, 54.58
1377870020, 54.54
1377870025, 54.58
1377870030, 54.58
1377870035, 54.54
1377870040, 54.54
1377870045, 54.58
1377870050, 54.58
1377870055, 54.58
1377870060, 54.54
1377870065, 54.58
1377870070, 54.58
1377870074, 54.54
1377870080, 54.54
1377870085, 54.58
1377870090, 54.54
1377870095, 54.54
1377870100, 54.54
1377870104, 54.54
1377870110, 54.54
1377870115, 54.54
1377870120, 54.54
1377870124, 54.54
1377870129, 54.54
1377870135, 54.54
1377870140, 54.51
1377870145, 54.54
1377870150, 54.54
1377870155, 54.54
1377870159, 54.54
1377870165, 54.54
1377870169, 54.54
1377870175, 54.54
1377870180, 54.58
1377870185, 54.54
1377870189, 54.54
1377870195, 54.54
1377870200, 54.58
1377870204, 54.54
1377870210, 54.54
1377870214, 54.54
1377870220, 54.54
1377870225, 54.51
1377870230, 54.54
1377870235, 54.58
1377870239, 54.54
1377870245, 54.54
1377870250, 54.54
1377870254, 54.54
1377870260, 54.54
1377870265, 54.54
1377870270, 54.54
1377870274, 54.54
1377870280, 54.54
1377870284, 54.54
1377870290, 54.54
1377870295, 54.54
1377870299, 54.54
1377870304, 54.54
1377870310, 54.54
1377870315, 54.54
1377870319, 54.54
1377870324, 54.58
1377870330, 54.54
1377870334, 54.58
1377870340, 54.54
1377870345, 54.54
1377870349, 54.54
1377870354, 54.54
1377870359, 54.54
1377870365, 54.58
1377870369, 54.58
1377870375, 54.58
1377870380, 54.54
1377870385, 54.58
1377870390, 54.54
1377870394, 54.58
1377870399, 54.54
1377870404, 54.58
1377870409, 54.58
1377870414, 54.54
1377870419, 54.58
1377870425, 54.54
1377870429, 54.54
1377870435, 54.54
1377870439, 54.58
1377870444, 54.58
1377870449, 54.54
1377870454, 54.54
1377870459, 54.54
1377870464, 54.54
1377870469, 54.54
1377870475, 54.54
1377870479, 54.54
1377870484, 54.54
1377870490, 54.58
1377870495, 54.54
1377870500, 54.54
1377870504, 54.54
1377870509, 54.54
1377870514, 54.54
1377870519, 54.54
1377870525, 54.54
1377870529, 54.54
1377870534, 54.51
1377870539, 54.54
1377870545, 54.54
1377870549, 54.54
1377870555, 54.54
1377870559, 54.54
1377870564, 54.54
1377870569, 54.54
1377870574, 54.54
1377870579, 54.54
1377870584, 54.54
1377870589, 54.51
1377870594, 54.54
1377870600, 54.54
1377870604, 54.51
1377870609, 54.51
1377870615, 54.51
1377870619, 54.54
1377870624, 54.51
1377870629, 54.51
1377870634, 54.54
1377870639, 54.54
1377870645, 54.51
1377870649, 54.54
1377870655, 54.51
1377870659, 54.51
1377870664, 54.51
1377870669, 54.54
1377870674, 54.51
1377870679, 54.51
1377870684, 54.51
1377870689, 54.51
1377870694, 54.51
1377870699, 54.51
1377870704, 54.51
1377870709, 54.54
1377870714, 54.51
1377870719, 54.54
1377870724, 54.51
1377870729, 54.54
1377870735, 54.51
1377870739, 54.51
1377870744, 54.51
1377870749, 54.51
1377870754, 54.51
1377870760, 54.51
1377870764, 54.51
1377870770, 54.51
1377870774, 54.51
1377870779, 54.51
1377870784, 54.51
1377870789, 54.51
1377870795, 54.51
1377870799, 54.51
1377870804, 54.51
1377870809, 54.51
1377870814, 54.51
1377870819, 54.51
1377870824, 54.51
1377870829, 54.54
1377870835, 54.51
1377870839, 54.51
1377870844, 54.51
1377870849, 54.54
1377870854, 54.51
1377870859, 54.51
1377870864, 54.51
1377870869, 54.51
1377870874, 54.51
1377870879, 54.51
1377870884, 54.51
1377870890, 54.51
1377870894, 54.51
1377870899, 54.51
1377870904, 54.51
1377870909, 54.51
1377870914, 54.51
1377870919, 54.54
1377870925, 54.51
1377870929, 54.51
1377870934, 54.51
1377870940, 54.51
1377870944, 54.51
1377870949, 54.51
1377870954, 54.51
1377870959, 54.51
1377870964, 54.51
1377870969, 54.51
1377870974, 54.51
1377870979, 54.51
1377870984, 54.51
1377870989, 54.51
1377870994, 54.51
1377870999, 54.51
1377871004, 54.51
1377871010, 54.51
1377871014, 54.51
1377871019, 54.51
1377871024, 54.51
1377871030, 54.51
1377871034, 54.51
1377871039, 54.51
1377871044, 54.54
1377871049, 54.51
1377871055, 54.51
1377871059, 54.51
1377871064, 54.51
1377871069, 54.51
1377871074, 54.51
1377871079, 54.51
1377871084, 54.54
1377871089, 54.51
1377871094, 54.51
1377871099, 54.54
1377871105, 54.51
1377871109, 54.54
1377871114, 54.51
1377871119, 54.54
1377871124, 54.54
1377871129, 54.51
1377871135, 54.54
1377871139, 54.54
1377871144, 54.54
1377871149, 54.54
1377871154, 54.54
1377871159, 54.54
1377871164, 54.54
1377871169, 54.51
1377871175, 54.54
1377871179, 54.51
1377871184, 54.54
1377871189, 54.54
1377871194, 54.54
1377871199, 54.54
1377871204, 54.54
1377871209, 54.51
1377871214, 54.54
1377871219, 54.54
1377871224, 54.51
1377871229, 54.54
1377871234, 54.54
1377871239, 54.54
1377871244, 54.54
1377871249, 54.54
1377871254, 54.54
1377871259, 54.58
1377871264, 54.58
1377871269, 54.54
1377871274, 54.54
1377871279, 54.54
1377871284, 54.54
1377871289, 54.54
1377871294, 54.54
1377871299, 54.54
1377871304, 54.54
1377871309, 54.58
1377871314, 54.54
1377871319, 54.58
1377871324, 54.54
1377871329, 54.58
1377871334, 54.54
1377871339, 54.58
1377871344, 54.58
1377871349, 54.58
1377871354, 54.58
1377871359, 54.58
1377871364, 54.58
1377871369, 54.58
1377871374, 54.58
1377871379, 54.54
1377871384, 54.58
1377871389, 54.58
1377871394, 54.58
1377871399, 54.58
1377871404, 54.58
1377871409, 54.58
1377871414, 54.58
1377871419, 54.58
1377871424, 54.58
1377871429, 54.58
1377871434, 54.58
1377871439, 54.58
1377871444, 54.58
1377871449, 54.58
1377871454, 54.58
1377871459, 54.58
1377871464, 54.58
1377871469, 54.58
1377871474, 54.58
1377871479, 54.61
1377871484, 54.58
1377871489, 54.58
1377871494, 54.58
1377871499, 54.61
1377871504, 54.58
1377871509, 54.58
1377871514, 54.58
1377871519, 54.58
1377871524, 54.58
1377871529, 54.58
1377871534, 54.61
1377871539, 54.58
1377871544, 54.61
1377871549, 54.61
1377871554, 54.61
1377871559, 54.61
1377871564, 54.58
1377871569, 54.61
1377871575, 54.61
1377871579, 54.61
1377871584, 54.61
1377871589, 54.61
1377871594, 54.61
1377871599, 54.61
1377871604, 54.64
1377871609, 54.61
1377871614, 54.61
1377871619, 54.61
1377871625, 54.61
1377871629, 54.61
1377871634, 54.61
1377871639, 54.61
1377871644, 54.58
1377871649, 54.61
1377871654, 54.61
1377871659, 54.61
1377871664, 54.61
1377871669, 54.64
1377871674, 54.64
1377871679, 54.64
1377871684, 54.61
1377871689, 54.61
1377871694, 54.61
1377871699, 54.61
1377871704, 54.61
1377871709, 54.64
1377871714, 54.61
1377871719, 54.61
1377871724, 54.64
1377871729, 54.64
1377871734, 54.61
1377871740, 54.61
1377871744, 54.64
1377871749, 54.61
1377871754, 54.64
1377871759, 54.64
1377871765, 54.61
1377871769, 54.64
1377871774, 54.61
1377871779, 54.61
1377871784, 54.61
1377871789, 54.61
1377871794, 54.64
1377871799, 54.61
1377871804, 54.61
1377871809, 54.64
1377871814, 54.64
1377871819, 54.61
1377871824, 54.61
1377871829, 54.61
1377871834, 54.61
1377871839, 54.61
1377871844, 54.64
1377871849, 54.64
1377871854, 54.61
1377871859, 54.61
1377871864, 54.64
1377871869, 54.61
1377871874, 54.64
1377871879, 54.64
1377871884, 54.64
1377871889, 54.64
1377871894, 54.64
1377871899, 54.64
1377871904, 54.64
1377871909, 54.61
1377871914, 54.64
1377871919, 54.64
1377871924, 54.64
1377871929, 54.64
1377871934, 54.64
1377871939, 54.64
1377871944, 54.64
1377871949, 54.64
1377871955, 54.64
1377871959, 54.64
1377871964, 54.64
1377871969, 54.64
1377871974, 54.64
1377871979, 54.64
1377871984, 54.64
1377871989, 54.64
1377871994, 54.64
1377871999, 54.64
1377872005, 54.64
1377872009, 54.64
1377872014, 54.64
1377872019, 54.64
1377872024, 54.64
1377872029, 54.64
1377872034, 54.64
1377872039, 54.64
1377872044, 54.67
1377872049, 54.64
1377872054, 54.64
1377872059, 54.64
1377872064, 54.64
1377872069, 54.64
1377872074, 54.64
1377872079, 54.67
1377872084, 54.67
1377872089, 54.67
1377872094, 54.64
1377872099, 54.64
1377872104, 54.64
1377872109, 54.67
1377872114, 54.67
1377872119, 54.67
1377872124, 54.64
1377872129, 54.67
1377872134, 54.67
1377872139, 54.64
1377872144, 54.64
1377872149, 54.67
1377872154, 54.67
1377872159, 54.67
1377872164, 54.67
1377872169, 54.67
1377872174, 54.67
1377872179, 54.67
1377872184, 54.67
1377872189, 54.67
1377872194, 54.64
1377872199, 54.67
1377872204, 54.67
1377872209, 54.67
1377872214, 54.67
1377872219, 54.67
1377872224, 54.67
1377872229, 54.67
1377872234, 54.67
1377872239, 54.67
1377872244, 54.67
1377872249, 54.70
1377872254, 54.67
1377872259, 54.67
1377872264, 54.70
1377872269, 54.70
1377872274, 54.70
1377872279, 54.70
1377872284, 54.67
1377872289, 54.70
1377872294, 54.70
1377872299, 54.70
1377872304, 54.70
1377872309, 54.70
1377872314, 54.70
1377872319, 54.70
1377872324, 54.70
1377872329, 54.70
1377872334, 54.67
1377872339, 54.70
1377872344, 54.70
1377872349, 54.70
1377872354, 54.70
1377872359, 54.70
1377872364, 54.70
1377872369, 54.70
1377872374, 54.70
1377872379, 54.70
1377872384, 54.70
1377872389, 54.70
1377872394, 54.70
1377872399, 54.70
1377872404, 54.70
1377872409, 54.70
1377872414, 54.70
1377872419, 54.70
1377872424, 54.73
1377872429, 54.70
1377872434, 54.70
1377872439, 54.73
1377872444, 54.70
1377872449, 54.70
1377872454, 54.70
1377872459, 54.70
1377872464, 54.70
1377872469, 54.70
1377872474, 54.73
1377872479, 54.70
1377872484, 54.70
1377872489, 54.70
1377872494, 54.70
1377872499, 54.70
1377872504, 54.70
1377872509, 54.70
1377872514, 54.70
1377872519, 54.70
1377872524, 54.70
1377872529, 54.70
1377872534, 54.70
1377872539, 54.70
1377872544, 54.70
1377872549, 54.73
1377872554, 54.70
1377872559, 54.70
1377872564, 54.70
1377872569, 54.70
1377872574, 54.70
1377872579, 54.70
1377872584, 54.70
1377872589, 54.70
1377872594, 54.70
1377872599, 54.70
1377872604, 54.70
1377872609, 54.70
1377872614, 54.70
1377872619, 54.70
1377872624, 54.70
1377872629, 54.70
1377872634, 54.70
1377872639, 54.73
1377872644, 54.70
1377872649, 54.70
1377872654, 54.70
1377872659, 54.70
1377872664, 54.70
1377872669, 54.70
1377872674, 54.73
1377872679, 54.70
1377872684, 54.70
1377872689, 54.70
1377872694, 54.70
1377872699, 54.70
1377872704, 54.70
1377872709, 54.70
1377872714, 54.70
1377872719, 54.70
1377872724, 54.70
1377872729, 54.70
1377872734, 54.70
1377872739, 54.70
1377872744, 54.70
1377872749, 54.70
1377872754, 54.70
1377872759, 54.70
1377872764, 54.73
1377872769, 54.70
1377872775, 54.70
1377872779, 54.70
1377872784, 54.73
1377872789, 54.70
1377872794, 54.70
1377872799, 54.70
1377872804, 54.70
1377872809, 54.70
1377872814, 54.70
1377872820, 54.70
1377872824, 54.70
1377872829, 54.70
1377872834, 54.70
1377872839, 54.70
1377872844, 54.70
1377872849, 54.70
1377872854, 54.70
1377872859, 54.73
1377872864, 54.73
1377872869, 54.73
1377872874, 54.70
1377872879, 54.70
1377872884, 54.73
1377872889, 54.70
1377872894, 54.70
1377872899, 54.73
1377872904, 54.73
1377872909, 54.70
1377872914, 54.73
1377872919, 54.73
1377872924, 54.73
1377872929, 54.73
1377872934, 54.73
1377872939, 54.70
1377872944, 54.73
1377872949, 54.73
1377872954, 54.73
1377872959, 54.73
1377872964, 54.73
1377872969, 54.73
1377872974, 54.70
1377872979, 54.73
1377872984, 54.73
1377872989, 54.73
1377872994, 54.73
1377872999, 54.73
1377873004, 54.73
1377873009, 54.73
1377873014, 54.70
1377873019, 54.73
1377873024, 54.73
1377873029, 54.73
1377873034, 54.73
1377873039, 54.73
1377873044, 54.70
1377873049, 54.73
1377873054, 54.73
1377873059, 54.70
1377873064, 54.73
1377873069, 54.73
1377873074, 54.73
1377873079, 54.73
1377873084, 54.73
1377873089, 54.70
1377873094, 54.73
1377873099, 54.73
1377873104, 54.73
1377873109, 54.73
1377873114, 54.70
1377873119, 54.73
1377873124, 54.73
1377873129, 54.73
1377873134, 54.73
1377873139, 54.73
1377873144, 54.73
1377873149, 54.73
1377873154, 54.73
1377873159, 54.76
1377873168, 54.73
1377873169, 54.73
1377873174, 54.73
1377873179, 54.73
1377873184, 54.73
1377873189, 54.73
1377873194, 54.73
1377873199, 54.76
1377873204, 54.73
1377873209, 54.73
1377873214, 54.73
1377873219, 54.73
1377873224, 54.73
1377873229, 54.73
1377873234, 54.73
1377873239, 54.73
1377873244, 54.73
1377873249, 54.76
1377873254, 54.73
1377873259, 54.76
1377873264, 54.73
1377873269, 54.73
1377873274, 54.73
1377873279, 54.73
1377873284, 54.73
1377873289, 54.73
1377873294, 54.76
1377873299, 54.76
1377873304, 54.76
1377873309, 54.73
1377873314, 54.76
1377873319, 54.73
1377873324, 54.76
1377873329, 54.73
1377873334, 54.76
1377873339, 54.76
1377873344, 54.73
1377873349, 54.76
1377873354, 54.76
1377873359, 54.76
1377873364, 54.76
1377873369, 54.76
1377873374, 54.76
1377873379, 54.76
1377873384, 54.76
1377873389, 54.76
1377873394, 54.76
1377873399, 54.73
1377873404, 54.76
1377873409, 54.76
1377873414, 54.76
1377873419, 54.76
1377873424, 54.76
1377873429, 54.76
1377873434, 54.76
1377873439, 54.76
1377873444, 54.76
1377873449, 54.76
1377873454, 54.76
1377873459, 54.76
1377873464, 54.76
1377873469, 54.76
1377873474, 54.76
1377873479, 54.76
1377873484, 54.76
1377873489, 54.76
1377873494, 54.76
1377873499, 54.76
1377873504, 54.76
1377873509, 54.76
1377873514, 54.76
1377873519, 54.76
1377873524, 54.76
1377873529, 54.80
1377873535, 54.76
1377873539, 54.76
1377873544, 54.80
1377873549, 54.80
1377873554, 54.80
1377873559, 54.80
1377873564, 54.80
1377873569, 54.80
1377873574, 54.80
1377873579, 54.76
1377873584, 54.80
1377873589, 54.80
1377873594, 54.80
1377873599, 54.80
1377873604, 54.80
1377873609, 54.80
1377873614, 54.80
1377873619, 54.80
1377873624, 54.80
1377873629, 54.83
1377873634, 54.80
1377873639, 54.80
1377873644, 54.80
1377873649, 54.83
1377873654, 54.83
1377873659, 54.80
1377873664, 54.83
1377873669, 54.83
1377873674, 54.83
1377873679, 54.80
1377873684, 54.83
1377873689, 54.83
1377873694, 54.80
1377873699, 54.83
1377873704, 54.83
1377873709, 54.83
1377873714, 54.83
1377873719, 54.83
1377873724, 54.80
1377873729, 54.83
1377873734, 54.83
1377873739, 54.80
1377873744, 54.83
1377873749, 54.83
1377873754, 54.83
1377873759, 54.83
1377873764, 54.83
1377873769, 54.83
1377873774, 54.83
1377873779, 54.83
1377873784, 54.83
1377873789, 54.83
1377873794, 54.80
1377873799, 54.83
1377873804, 54.83
1377873809, 54.83
1377873814, 54.83
1377873819, 54.80
1377873824, 54.80
1377873829, 54.83
1377873839, 54.83
1377873844, 54.83
1377873849, 54.83
1377873854, 54.83
1377873859, 54.83
1377873864, 54.83
1377873869, 54.83
1377873874, 54.83
1377873879, 54.83
1377873884, 54.83
1377873889, 54.83
1377873894, 54.83
1377873899, 54.83
1377873904, 54.80
1377873909, 54.83
1377873914, 54.83
1377873919, 54.83
1377873924, 54.83
1377873929, 54.83
1377873934, 54.83
1377873939, 54.80
1377873944, 54.83
1377873949, 54.83
1377873954, 54.83
1377873959, 54.83
1377873964, 54.83
1377873969, 54.83
1377873974, 54.83
1377873979, 54.83
1377873984, 54.83
1377873989, 54.83
1377873994, 54.83
1377873999, 54.83
1377874004, 54.83
1377874009, 54.83
1377874014, 54.83
1377874019, 54.83
1377874024, 54.83
1377874029, 54.83
1377874034, 54.83
1377874039, 54.83
1377874044, 54.83
1377874049, 54.83
1377874054, 54.83
1377874059, 54.83
1377874064, 54.83
1377874069, 54.83
1377874074, 54.83
1377874079, 54.83
1377874084, 54.86
1377874089, 54.83
1377874094, 54.83
1377874099, 54.86
1377874104, 54.83
1377874109, 54.86
1377874115, 54.86
1377874119, 54.83
1377874124, 54.86
1377874129, 54.86
1377874134, 54.86
1377874139, 54.83
1377874144, 54.83
1377874149, 54.83
1377874154, 54.86
1377874159, 54.86
1377874164, 54.86
1377874169, 54.83
1377874174, 54.86
1377874179, 54.86
1377874184, 54.83
1377874189, 54.86
1377874194, 54.83
1377874199, 54.83
1377874204, 54.86
1377874209, 54.86
1377874214, 54.86
1377874219, 54.86
1377874224, 54.86
1377874229, 54.86
1377874234, 54.86
1377874239, 54.86
1377874244, 54.89
1377874249, 54.86
1377874254, 54.86
1377874259, 54.89
1377874264, 54.86
1377874269, 54.86
1377874274, 54.89
1377874279, 54.86
1377874284, 54.86
1377874289, 54.86
1377874294, 54.86
1377874299, 54.86
1377874304, 54.86
1377874309, 54.89
1377874314, 54.89
1377874319, 54.86
1377874324, 54.86
1377874329, 54.86
1377874334, 54.86
1377874339, 54.86
1377874344, 54.86
1377874349, 54.86
1377874354, 54.86
1377874359, 54.86
1377874364, 54.89
1377874369, 54.86
1377874374, 54.89
1377874379, 54.86
1377874384, 54.86
1377874389, 54.89
1377874394, 54.89
1377874399, 54.86
1377874404, 54.86
1377874409, 54.83
1377874414, 54.86
1377874419, 54.86
1377874424, 54.86
1377874429, 54.86
1377874434, 54.86
1377874439, 54.86
1377874444, 54.86
1377874449, 54.86
1377874454, 54.83
1377874459, 54.86
1377874464, 54.86
1377874469, 54.83
1377874474, 54.83
1377874479, 54.86
1377874484, 54.83
1377874489, 54.83
1377874494, 54.83
1377874499, 54.86
1377874504, 54.86
1377874509, 54.83
1377874514, 54.83
1377874519, 54.83
1377874524, 54.86
1377874529, 54.83
1377874534, 54.83
1377874539, 54.86
1377874544, 54.83
1377874549, 54.86
1377874554, 54.83
1377874559, 54.83
1377874564, 54.83
1377874569, 54.83
1377874574, 54.83
1377874579, 54.83
1377874584, 54.83
1377874589, 54.83
1377874594, 54.83
1377874599, 54.83
1377874604, 54.83
1377874609, 54.83
1377874614, 54.83
1377874619, 54.83
1377874624, 54.83
1377874629, 54.83
1377874634, 54.83
1377874639, 54.83
1377874644, 54.83
1377874649, 54.83
1377874654, 54.83
1377874659, 54.83
1377874664, 54.86
1377874669, 54.86
1377874674, 54.83
1377874679, 54.86
1377874684, 54.83
1377874689, 54.83
1377874694, 54.83
1377874699, 54.83
1377874704, 54.83
1377874709, 54.83
1377874714, 54.83
1377874719, 54.86
1377874724, 54.86
1377874729, 54.83
1377874734, 54.86
1377874739, 54.83
1377874744, 54.86
1377874749, 54.83
1377874754, 54.83
1377874759, 54.83
1377874764, 54.83
1377874769, 54.83
1377874774, 54.83
1377874779, 54.83
1377874784, 54.83
1377874789, 54.83
1377874794, 54.83
1377874799, 54.83
1377874804, 54.83
1377874809, 54.83
1377874814, 54.83
1377874819, 54.83
1377874824, 54.83
1377874829, 54.83
1377874834, 54.83
1377874839, 54.83
1377874844, 54.83
1377874849, 54.83
1377874854, 54.83
1377874859, 54.83
1377874864, 54.83
1377874869, 54.86
1377874874, 54.83
1377874879, 54.83
1377874884, 54.83
1377874889, 54.83
1377874894, 54.83
1377874899, 54.83
1377874904, 54.83
1377874909, 54.83
1377874914, 54.83
1377874919, 54.83
1377874924, 54.83
1377874929, 54.83
1377874934, 54.83
1377874939, 54.83
1377874944, 54.83
1377874949, 54.86
1377874954, 54.83
1377874959, 54.83
1377874964, 54.83
1377874969, 54.83
1377874974, 54.83
1377874979, 54.83
1377874984, 54.83
1377874989, 54.83
1377874994, 54.83
1377874999, 54.83
1377875004, 54.83
1377875009, 54.83
1377875014, 54.83
1377875019, 54.83
1377875024, 54.83
1377875029, 54.86
1377875034, 54.83
1377875039, 54.83
1377875044, 54.83
1377875049, 54.83
1377875054, 54.83
1377875059, 54.83
1377875064, 54.83
1377875069, 54.83
1377875074, 54.83
1377875079, 54.83
1377875084, 54.83
1377875089, 54.83
1377875094, 54.83
1377875099, 54.80
1377875104, 54.83
1377875109, 54.83
1377875114, 54.83
1377875119, 54.83
1377875124, 54.83
1377875129, 54.83
1377875134, 54.83
1377875139, 54.83
1377875144, 54.83
1377875149, 54.83
1377875154, 54.83
1377875159, 54.83
1377875164, 54.83
1377875169, 54.83
1377875174, 54.83
1377875179, 54.83
1377875184, 54.83
1377875189, 54.83
1377875194, 54.83
1377875199, 54.83
1377875204, 54.83
1377875209, 54.83
1377875214, 54.83
1377875219, 54.83
1377875224, 54.80
1377875229, 54.83
1377875234, 54.80
1377875239, 54.83
1377875244, 54.83
1377875249, 54.83
1377875254, 54.83
1377875259, 54.83
1377875264, 54.83
1377875269, 54.83
1377875274, 54.83
1377875279, 54.83
1377875284, 54.83
1377875289, 54.83
1377875294, 54.83
1377875299, 54.83
1377875304, 54.83
1377875309, 54.83
1377875314, 54.83
1377875319, 54.83
1377875324, 54.80
1377875329, 54.83
1377875334, 54.83
1377875339, 54.83
1377875344, 54.83
1377875349, 54.83
1377875354, 54.83
1377875359, 54.83
1377875364, 54.83
1377875369, 54.83
1377875374, 54.83
1377875379, 54.83
1377875384, 54.80
1377875389, 54.83
1377875394, 54.83
1377875399, 54.83
1377875404, 54.83
1377875409, 54.86
1377875414, 54.83
1377875419, 54.83
1377875424, 54.83
1377875429, 54.83
1377875434, 54.83
1377875439, 54.83
1377875444, 54.83
1377875449, 54.83
1377875454, 54.83
1377875459, 54.83
1377875464, 54.83
1377875469, 54.83
1377875474, 54.83
1377875479, 54.83
1377875484, 54.83
1377875489, 54.83
1377875494, 54.83
1377875499, 54.83
1377875504, 54.83
1377875509, 54.86
1377875514, 54.83
1377875519, 54.83
1377875524, 54.83
1377875529, 54.83
1377875534, 54.83
1377875539, 54.83
1377875544, 54.83
1377875549, 54.83
1377875554, 54.83
1377875559, 54.83
1377875564, 54.83
1377875569, 54.83
1377875574, 54.83
1377875579, 54.86
1377875584, 54.83
1377875589, 54.86
1377875594, 54.83
1377875599, 54.83
1377875604, 54.83
1377875609, 54.83
1377875614, 54.86
1377875619, 54.83
1377875624, 54.83
1377875629, 54.83
1377875634, 54.83
1377875639, 54.83
1377875644, 54.83
1377875649, 54.86
1377875654, 54.83
1377875659, 54.83
1377875664, 54.86
1377875669, 54.86
1377875675, 54.86
1377875679, 54.86
1377875684, 54.83
1377875689, 54.86
1377875694, 54.86
1377875699, 54.83
1377875704, 54.86
1377875709, 54.86
1377875714, 54.86
1377875720, 54.86
1377875724, 54.83
1377875729, 54.86
1377875734, 54.86
1377875739, 54.86
1377875744, 54.83
1377875749, 54.83
1377875754, 54.86
1377875759, 54.86
1377875764, 54.86
1377875769, 54.86
1377875774, 54.86
1377875779, 54.86
1377875784, 54.86
1377875789, 54.86
1377875794, 54.86
1377875799, 54.86
1377875804, 54.86
1377875809, 54.86
1377875814, 54.86
1377875819, 54.86
1377875824, 54.86
1377875829, 54.86
1377875834, 54.86
1377875839, 54.86
1377875844, 54.86
1377875849, 54.86
1377875854, 54.86
1377875859, 54.86
1377875864, 54.86
1377875869, 54.86
1377875874, 54.83
1377875880, 54.86
1377875884, 54.86
1377875889, 54.86
1377875894, 54.86
1377875899, 54.86
1377875904, 54.86
1377875909, 54.86
1377875914, 54.86
1377875919, 54.86
1377875924, 54.86
1377875929, 54.86
1377875934, 54.86
1377875939, 54.86
1377875944, 54.83
1377875950, 54.83
1377875954, 54.86
1377875959, 54.86
1377875964, 54.83
1377875970, 54.86
1377875974, 54.86
1377875979, 54.86
1377875984, 54.86
1377875989, 54.86
1377875994, 54.83
1377875999, 54.86
1377876004, 54.86
1377876009, 54.86
1377876014, 54.86
1377876019, 54.86
1377876024, 54.86
1377876029, 54.86
1377876034, 54.86
1377876042, 54.86
1377876044, 54.86
1377876049, 54.86
1377876054, 54.86
1377876059, 54.86
1377876064, 54.89
1377876069, 54.86
1377876074, 54.86
1377876079, 54.86
1377876084, 54.86
1377876089, 54.86
1377876094, 54.89
1377876099, 54.86
1377876104, 54.86
1377876109, 54.86
1377876114, 54.86
1377876119, 54.89
1377876124, 54.89
1377876129, 54.86
1377876134, 54.89
1377876139, 54.86
1377876144, 54.86
1377876149, 54.89
1377876154, 54.86
1377876159, 54.86
1377876164, 54.89
1377876169, 54.89
1377876174, 54.89
1377876179, 54.86
1377876184, 54.89
1377876189, 54.89
1377876194, 54.89
1377876199, 54.89
1377876204, 54.89
1377876209, 54.89
1377876214, 54.89
1377876220, 54.89
1377876224, 54.89
1377876229, 54.89
1377876234, 54.89
1377876239, 54.89
1377876244, 54.89
1377876249, 54.89
1377876254, 54.89
1377876259, 54.89
1377876264, 54.89
1377876269, 54.89
1377876274, 54.89
1377876279, 54.89
1377876284, 54.89
1377876289, 54.89
1377876294, 54.89
1377876299, 54.89
1377876304, 54.89
1377876309, 54.89
1377876314, 54.89
1377876319, 54.89
1377876324, 54.89
1377876329, 54.92
1377876334, 54.89
1377876339, 54.89
1377876344, 54.89
1377876349, 54.89
1377876354, 54.92
1377876359, 54.89
1377876364, 54.89
1377876369, 54.92
1377876374, 54.92
1377876379, 54.92
1377876384, 54.92
1377876389, 54.92
1377876394, 54.92
1377876399, 54.89
1377876404, 54.89
1377876409, 54.92
1377876414, 54.92
1377876419, 54.89
1377876424, 54.92
1377876429, 54.92
1377876434, 54.92
1377876439, 54.92
1377876444, 54.92
1377876449, 54.92
1377876454, 54.89
1377876459, 54.92
1377876464, 54.92
1377876469, 54.92
1377876474, 54.92
1377876479, 54.95
1377876484, 54.92
1377876489, 54.92
1377876494, 54.92
1377876499, 54.92
1377876504, 54.92
1377876509, 54.95
1377876514, 54.92
1377876519, 54.92
1377876524, 54.92
1377876529, 54.95
1377876534, 54.95
1377876539, 54.92
1377876544, 54.95
1377876549, 54.95
1377876554, 54.95
1377876559, 54.92
1377876564, 54.92
1377876569, 54.92
1377876574, 54.95
1377876579, 54.92
1377876584, 54.95
1377876589, 54.92
1377876594, 54.95
1377876599, 54.95
1377876604, 54.92
1377876609, 54.95
1377876614, 54.95
1377876619, 54.92
1377876624, 54.95
1377876629, 54.95
1377876634, 54.92
1377876639, 54.95
1377876644, 54.95
1377876649, 54.95
1377876654, 54.95
1377876659, 54.95
1377876664, 54.92
1377876669, 54.95
1377876674, 54.95
1377876679, 54.95
1377876684, 54.92
1377876689, 54.95
1377876694, 54.95
1377876699, 54.95
1377876704, 54.95
1377876709, 54.95
1377876714, 54.95
1377876719, 54.95
1377876724, 54.95
1377876729, 54.95
1377876734, 54.95
1377876739, 54.95
1377876744, 54.95
1377876749, 54.95
1377876754, 54.95
1377876759, 54.95
1377876764, 54.95
1377876769, 54.98
1377876774, 54.98
1377876779, 54.95
1377876784, 54.95
1377876789, 54.98
1377876794, 54.95
1377876799, 54.95
1377876804, 54.95
1377876809, 54.95
1377876814, 54.95
1377876819, 54.95
1377876824, 54.95
1377876829, 54.95
1377876834, 54.98
1377876839, 54.98
1377876844, 54.95
1377876849, 54.95
1377876854, 54.95
1377876859, 54.95
1377876864, 54.98
1377876869, 54.98
1377876874, 54.98
1377876879, 54.98
1377876884, 54.95
1377876889, 54.95
1377876894, 54.95
1377876899, 54.95
1377876904, 54.98
1377876909, 54.98
1377876914, 54.95
1377876919, 54.98
1377876924, 54.98
1377876929, 54.95
1377876934, 54.95
1377876939, 54.98
1377876944, 54.98
1377876949, 54.98
1377876954, 54.98
1377876959, 54.98
1377876964, 54.98
1377876969, 54.98
1377876974, 54.98
1377876979, 54.98
1377876984, 54.98
1377876989, 54.95
1377876994, 54.98
1377876999, 54.98
1377877004, 54.95
1377877009, 54.95
1377877014, 54.98
1377877019, 54.98
1377877024, 54.98
1377877029, 54.98
1377877034, 54.95
1377877039, 54.95
1377877044, 54.98
1377877049, 54.98
1377877054, 54.98
1377877059, 54.98
1377877064, 54.98
1377877069, 54.98
1377877074, 54.95
1377877079, 54.98
1377877084, 54.98
1377877089, 54.98
1377877094, 54.98
1377877099, 54.95
1377877104, 54.98
1377877109, 54.98
1377877114, 54.98
1377877119, 54.95
1377877124, 54.95
1377877129, 54.95
1377877134, 54.98
1377877139, 54.98
1377877144, 54.98
1377877149, 54.98
1377877154, 54.98
1377877159, 54.98
1377877164, 54.95
1377877169, 54.98
1377877174, 54.95
1377877179, 54.98
1377877184, 54.98
1377877189, 54.95
1377877194, 54.98
1377877199, 54.98
1377877204, 54.95
1377877209, 54.98
1377877214, 54.95
1377877219, 54.95
1377877224, 54.98
1377877229, 54.98
1377877234, 54.98
1377877239, 54.98
1377877244, 54.98
1377877249, 54.98
1377877254, 54.98
1377877259, 55.01
1377877264, 54.98
1377877269, 54.95
1377877274, 54.98
1377877279, 54.98
1377877284, 54.98
1377877289, 54.98
1377877294, 54.95
1377877299, 54.98
1377877304, 54.98
1377877309, 54.95
1377877314, 54.98
1377877319, 54.98
1377877324, 54.98
1377877329, 54.98
1377877334, 54.98
1377877339, 54.95
1377877344, 54.95
1377877349, 54.95
1377877354, 54.98
1377877359, 54.98
1377877364, 54.98
1377877369, 54.98
1377877374, 54.98
1377877379, 54.98
1377877384, 54.98
1377877389, 54.98
1377877394, 54.98
1377877399, 54.98
1377877404, 54.98
1377877409, 54.98
1377877414, 54.98
1377877419, 54.98
1377877424, 54.95
1377877429, 54.98
1377877434, 54.98
1377877439, 54.98
1377877444, 54.98
1377877449, 54.98
1377877454, 54.98
1377877459, 54.98
1377877464, 54.98
1377877469, 54.98
1377877474, 54.98
1377877479, 54.95
1377877484, 54.95
1377877489, 54.98
1377877494, 54.98
1377877499, 54.98
1377877504, 54.98
1377877509, 54.98
1377877514, 54.98
1377877519, 54.98
1377877524, 54.98
1377877529, 54.98
1377877534, 54.98
1377877539, 54.98
1377877544, 54.98
1377877549, 54.98
1377877554, 54.98
1377877559, 54.98
1377877564, 54.95
1377877569, 54.98
1377877574, 54.98
1377877579, 54.95
1377877584, 54.95
1377877589, 54.98
1377877594, 54.98
1377877599, 54.98
1377877604, 54.98
1377877609, 54.98
1377877614, 54.98
1377877619, 54.98
1377877624, 54.98
1377877629, 54.98
1377877634, 54.98
1377877639, 54.95
1377877644, 54.95
1377877649, 54.98
1377877654, 54.98
1377877659, 54.98
1377877664, 54.95
1377877669, 54.98
1377877674, 54.98
1377877679, 54.95
1377877684, 54.95
1377877689, 54.98
1377877694, 54.98
1377877699, 54.98
1377877704, 54.95
1377877709, 54.98
1377877714, 54.98
1377877719, 54.98
1377877724, 54.98
1377877729, 54.98
1377877734, 54.98
1377877739, 54.98
1377877744, 54.98
1377877749, 54.95
1377877754, 54.98
1377877759, 54.98
1377877764, 54.98
1377877769, 54.98
1377877774, 54.98
1377877779, 54.98
1377877784, 54.95
1377877789, 54.98
1377877794, 54.98
1377877799, 54.95
1377877804, 54.98
1377877809, 54.98
1377877814, 54.95
1377877819, 54.98
1377877824, 54.98
1377877829, 54.95
1377877834, 54.95
1377877839, 54.95
1377877844, 54.95
1377877849, 54.95
1377877854, 54.95
1377877859, 54.98
1377877864, 54.98
1377877869, 54.98
1377877874, 54.98
1377877879, 54.95
1377877884, 54.98
1377877889, 54.98
1377877894, 54.95
1377877899, 54.95
1377877904, 54.98
1377877910, 54.98
1377877914, 54.95
1377877919, 54.95
1377877924, 54.95
1377877929, 54.98
1377877934, 54.95
1377877939, 54.98
1377877944, 54.98
1377877949, 54.98
1377877954, 54.98
1377877959, 54.98
1377877964, 54.98
1377877969, 54.98
1377877974, 54.98
1377877979, 54.98
1377877984, 54.98
1377877989, 54.98
1377877994, 54.98
1377877999, 54.95
1377878004, 54.98
1377878009, 54.98
1377878014, 54.98
1377878019, 54.98
1377878024, 54.98
1377878029, 54.98
1377878034, 54.98
1377878039, 54.98
1377878044, 54.95
1377878049, 54.98
1377878054, 54.98
1377878059, 55.01
1377878064, 54.98
1377878069, 54.98
1377878074, 54.98
1377878079, 54.98
1377878084, 55.01
1377878089, 54.98
1377878094, 55.01
1377878099, 54.98
1377878104, 55.01
1377878109, 54.98
1377878114, 54.98
1377878119, 54.98
1377878124, 54.98
1377878129, 54.98
1377878134, 54.98
1377878139, 54.98
1377878144, 54.98
1377878149, 54.98
1377878154, 55.01
1377878159, 54.98
1377878164, 55.01
1377878169, 54.98
1377878174, 55.01
1377878179, 55.01
1377878184, 54.98
1377878189, 54.98
1377878194, 54.98
1377878199, 54.98
1377878204, 54.98
1377878209, 54.98
1377878214, 54.98
1377878219, 54.98
1377878224, 54.98
1377878229, 54.98
1377878234, 54.98
1377878239, 54.98
1377878244, 54.98
1377878249, 54.98
1377878254, 54.98
1377878259, 54.98
1377878264, 54.98
1377878269, 54.98
1377878274, 54.98
1377878279, 54.98
1377878284, 54.98
1377878289, 54.98
1377878294, 54.98
1377878299, 54.98
1377878304, 54.98
1377878309, 54.95
1377878314, 54.98
1377878319, 54.98
1377878324, 54.98
1377878329, 54.98
1377878334, 54.98
1377878339, 55.01
1377878344, 54.98
1377878350, 54.95
1377878354, 54.98
1377878359, 54.98
1377878364, 54.98
1377878369, 55.01
1377878374, 54.98
1377878379, 54.95
1377878384, 55.01
1377878390, 54.98
1377878394, 54.98
1377878399, 54.98
1377878404, 54.98
1377878409, 54.98
1377878414, 54.98
1377878419, 54.95
1377878424, 54.98
1377878429, 54.98
1377878434, 54.98
1377878439, 54.98
1377878444, 54.98
1377878449, 54.98
1377878454, 54.98
1377878459, 54.98
1377878464, 54.98
1377878469, 54.98
1377878474, 54.98
1377878479, 54.98
1377878484, 54.98
1377878489, 54.98
1377878494, 54.98
1377878499, 54.98
1377878504, 54.98
1377878509, 55.01
1377878514, 54.98
1377878519, 54.98
1377878524, 54.98
1377878529, 54.98
1377878534, 54.98
1377878539, 54.98
1377878544, 54.98
1377878549, 54.98
1377878554, 54.98
1377878559, 54.95
1377878564, 54.98
1377878569, 54.98
1377878574, 55.01
1377878579, 54.98
1377878584, 54.98
1377878589, 54.98
1377878594, 54.98
1377878599, 55.01
1377878604, 54.98
1377878609, 55.01
1377878614, 54.98
1377878619, 54.98
1377878624, 54.98
1377878629, 54.98
1377878634, 55.01
1377878639, 55.01
1377878644, 54.98
1377878649, 54.98
1377878654, 54.98
1377878659, 55.01
1377878664, 54.98
1377878669, 55.01
1377878674, 54.98
1377878679, 55.01
1377878684, 55.01
1377878689, 54.98
1377878694, 54.98
1377878699, 55.01
1377878704, 55.01
1377878709, 55.01
1377878714, 55.01
1377878719, 54.98
1377878724, 55.01
1377878729, 55.01
1377878734, 54.98
1377878739, 54.98
1377878744, 54.98
1377878749, 55.01
1377878754, 55.01
1377878759, 54.98
1377878764, 54.98
1377878769, 55.01
1377878774, 55.01
1377878779, 54.98
1377878784, 55.01
1377878789, 55.01
1377878794, 54.98
1377878799, 54.98
1377878804, 55.01
1377878809, 54.98
1377878814, 54.98
1377878819, 55.01
1377878824, 54.98
1377878829, 54.98
1377878834, 55.01
1377878839, 54.98
1377878844, 55.01
1377878849, 55.01
1377878854, 54.98
1377878859, 54.98
1377878864, 54.98
1377878869, 55.01
1377878874, 54.98
1377878879, 55.01
1377878884, 54.98
1377878889, 54.98
1377878894, 55.01
1377878899, 54.98
1377878904, 54.98
1377878909, 54.98
1377878914, 54.98
1377878919, 55.01
1377878924, 54.98
1377878929, 54.98
1377878934, 54.98
1377878939, 54.98
1377878944, 54.98
1377878949, 54.98
1377878954, 54.98
1377878959, 54.98
1377878964, 54.98
1377878969, 54.98
1377878974, 54.98
1377878979, 54.98
1377878984, 54.98
1377878989, 54.98
1377878994, 54.98
1377878999, 55.01
1377879004, 54.98
1377879009, 54.98
1377879014, 54.98
1377879019, 54.98
1377879024, 54.98
1377879029, 54.98
1377879034, 54.98
1377879039, 54.98
1377879044, 54.98
1377879049, 54.98
1377879054, 54.98
1377879059, 54.98
1377879064, 55.01
1377879069, 54.98
1377879074, 54.98
1377879079, 54.98
1377879084, 54.98
1377879089, 54.98
1377879094, 54.98
1377879099, 54.98
1377879104, 54.98
1377879109, 54.98
1377879114, 54.98
1377879119, 54.98
1377879124, 54.98
1377879129, 54.98
1377879134, 54.98
1377879139, 54.98
1377879145, 54.95
1377879149, 54.98
1377879154, 55.01
1377879159, 54.98
1377879169, 54.98
1377879174, 54.98
1377879179, 54.98
1377879184, 54.98
1377879189, 54.95
1377879194, 55.01
1377879199, 54.98
1377879204, 54.98
1377879209, 54.95
1377879214, 54.95
1377879219, 54.98
1377879224, 54.98
1377879229, 54.98
1377879234, 54.98
1377879239, 54.95
1377879244, 54.98
1377879249, 55.01
1377879254, 54.98
1377879259, 54.95
1377879264, 54.98
1377879269, 54.98
1377879274, 54.98
1377879279, 54.98
1377879284, 54.98
1377879289, 54.98
1377879294, 54.98
1377879299, 54.98
1377879304, 54.98
1377879309, 54.95
1377879314, 54.98
1377879319, 54.95
1377879324, 54.95
1377879329, 54.95
1377879334, 54.95
1377879339, 54.95
1377879344, 54.95
1377879349, 54.95
1377879354, 54.95
1377879359, 54.95
1377879364, 54.98
1377879369, 54.98
1377879374, 54.95
1377879379, 54.98
1377879384, 54.98
1377879389, 54.95
1377879394, 54.95
1377879399, 54.98
1377879404, 54.98
1377879409, 54.95
1377879414, 54.95
1377879419, 54.95
1377879424, 54.95
1377879429, 54.98
1377879434, 54.98
1377879439, 54.98
1377879444, 54.95
1377879449, 54.98
1377879454, 54.95
1377879459, 54.95
1377879464, 54.98
1377879469, 54.95
1377879474, 54.98
1377879479, 54.95
1377879484, 54.95
1377879489, 54.98
1377879494, 54.98
1377879499, 54.95
1377879504, 54.98
1377879509, 54.95
1377879514, 54.98
1377879519, 54.98
1377879524, 54.95
1377879529, 54.95
1377879534, 54.95
1377879539, 54.95
1377879544, 54.95
1377879549, 54.95
1377879554, 54.95
1377879559, 54.95
1377879564, 54.95
1377879569, 54.95
1377879574, 54.95
1377879579, 54.98
1377879584, 54.95
1377879589, 54.95
1377879595, 54.98
1377879599, 54.95
1377879604, 54.98
1377879609, 54.98
1377879614, 54.98
1377879619, 54.98
1377879624, 54.98
1377879629, 54.95
1377879634, 54.95
1377879639, 54.98
1377879644, 54.95
1377879649, 54.98
1377879654, 54.98
1377879659, 54.98
1377879664, 54.98
1377879669, 54.98
1377879674, 54.98
1377879679, 54.95
1377879684, 54.98
1377879689, 54.98
1377879694, 54.95
1377879699, 54.98
1377879704, 54.98
1377879709, 54.98
1377879714, 54.95
1377879719, 54.98
1377879724, 54.98
1377879729, 54.98
1377879734, 54.98
1377879739, 54.98
1377879744, 54.98
1377879749, 54.98
1377879754, 54.98
1377879759, 54.98
1377879764, 54.98
1377879769, 54.98
1377879774, 54.98
1377879779, 54.98
1377879784, 54.98
1377879789, 54.98
1377879794, 54.98
1377879799, 54.98
1377879804, 54.98
1377879809, 54.98
1377879814, 54.95
1377879819, 54.98
1377879824, 54.98
1377879829, 54.95
1377879834, 54.98
1377879839, 54.98
1377879844, 54.95
1377879849, 54.98
1377879854, 54.95
1377879859, 54.98
1377879864, 54.95
1377879869, 54.98
1377879874, 54.95
1377879879, 54.95
1377879884, 54.98
1377879889, 54.98
1377879894, 54.98
1377879899, 54.98
1377879904, 54.98
1377879909, 54.98
1377879914, 54.98
1377879919, 54.98
1377879924, 54.98
1377879931, 54.98
1377879934, 54.98
1377879939, 54.98
1377879944, 54.98
1377879949, 54.98
1377879954, 54.98
1377879959, 54.98
1377879964, 54.95
1377879969, 54.98
1377879974, 54.98
1377879979, 54.98
1377879984, 54.98
1377879989, 54.98
1377879994, 54.98
1377879999, 54.98
1377880004, 54.98
1377880009, 54.95
1377880014, 54.95
1377880019, 54.98
1377880024, 54.98
1377880029, 54.95
1377880034, 54.95
1377880039, 54.95
1377880044, 54.98
1377880049, 54.95
1377880054, 54.95
1377880059, 54.95
1377880064, 54.95
1377880069, 54.95
1377880074, 54.95
1377880079, 54.95
1377880084, 54.95
1377880089, 54.95
1377880094, 54.95
1377880099, 54.95
1377880104, 54.95
1377880109, 54.95
1377880114, 54.98
1377880119, 54.95
1377880124, 54.95
1377880129, 54.95
1377880134, 54.95
1377880139, 54.95
1377880145, 54.95
1377880149, 54.95
1377880154, 54.95
1377880159, 54.95
1377880164, 54.92
1377880169, 54.95
1377880174, 54.95
1377880179, 54.95
1377880184, 54.95
1377880189, 54.95
1377880194, 54.95
1377880199, 54.95
1377880204, 54.95
1377880209, 54.95
1377880214, 54.95
1377880219, 54.95
1377880224, 54.95
1377880229, 54.95
1377880234, 54.92
1377880239, 54.92
1377880244, 54.95
1377880249, 54.95
1377880254, 54.92
1377880259, 54.95
1377880264, 54.92
1377880269, 54.95
1377880274, 54.95
1377880279, 54.92
1377880284, 54.95
1377880289, 54.95
1377880294, 54.95
1377880299, 54.95
1377880304, 54.92
1377880309, 54.92
1377880314, 54.95
1377880319, 54.95
1377880324, 54.95
1377880329, 54.95
1377880334, 54.95
1377880339, 54.95
1377880344, 54.95
1377880349, 54.95
1377880354, 54.92
1377880359, 54.92
1377880364, 54.92
1377880369, 54.95
1377880374, 54.95
1377880380, 54.92
1377880384, 54.92
1377880389, 54.95
1377880394, 54.95
1377880399, 54.95
1377880404, 54.92
1377880409, 54.95
1377880414, 54.92
1377880419, 54.95
1377880424, 54.95
1377880429, 54.95
1377880434, 54.95
1377880439, 54.95
1377880444, 54.95
1377880449, 54.95
1377880454, 54.95
1377880459, 54.95
1377880464, 54.95
1377880469, 54.95
1377880474, 54.95
1377880479, 54.95
1377880484, 54.95
1377880489, 54.95
1377880494, 54.95
1377880499, 54.92
1377880504, 54.95
1377880509, 54.95
1377880514, 54.92
1377880519, 54.95
1377880524, 54.95
1377880529, 54.95
1377880534, 54.95
1377880539, 54.95
1377880544, 54.95
1377880549, 54.95
1377880554, 54.95
1377880559, 54.95
1377880564, 54.92
1377880569, 54.95
1377880574, 54.95
1377880579, 54.95
1377880584, 54.95
1377880589, 54.95
1377880594, 54.95
1377880599, 54.95
1377880604, 54.95
1377880609, 54.95
1377880614, 54.95
1377880619, 54.95
1377880624, 54.95
1377880629, 54.95
1377880634, 54.95
1377880639, 54.95
1377880644, 54.95
1377880649, 54.95
1377880654, 54.95
1377880659, 54.92
1377880664, 54.95
1377880669, 54.95
1377880674, 54.95
1377880679, 54.95
1377880684, 54.95
1377880689, 54.95
1377880694, 54.95
1377880699, 54.95
1377880704, 54.95
1377880709, 54.95
1377880714, 54.95
1377880719, 54.95
1377880724, 54.95
1377880729, 54.95
1377880734, 54.95
1377880739, 54.92
1377880747, 54.95
1377880749, 54.95
1377880754, 54.95
1377880759, 54.95
1377880764, 54.95
1377880769, 54.95
1377880774, 54.95
1377880779, 54.95
1377880784, 54.95
1377880789, 54.95
1377880794, 54.95
1377880800, 54.95
1377880804, 54.95
1377880809, 54.95
1377880814, 54.95
1377880819, 54.95
1377880824, 54.92
1377880829, 54.95
1377880834, 54.95
1377880839, 54.95
1377880844, 54.95
1377880849, 54.95
1377880854, 54.95
1377880859, 54.95
1377880864, 54.95
1377880869, 54.95
1377880874, 54.95
1377880879, 54.95
1377880884, 54.95
1377880889, 54.95
1377880894, 54.95
1377880899, 54.95
1377880904, 54.95
1377880909, 54.95
1377880914, 54.95
1377880919, 54.95
1377880924, 54.95
1377880929, 54.95
1377880934, 54.95
1377880939, 54.95
1377880944, 54.98
1377880949, 54.95
1377880954, 54.95
1377880959, 54.95
1377880964, 54.95
1377880969, 54.95
1377880974, 54.95
1377880979, 54.95
1377880984, 54.95
1377880989, 54.95
1377880994, 54.95
1377880999, 54.95
1377881004, 54.95
1377881009, 54.95
1377881014, 54.95
1377881019, 54.95
1377881024, 54.95
1377881029, 54.95
1377881034, 54.95
1377881039, 54.95
1377881044, 54.95
1377881049, 54.95
1377881054, 54.95
1377881059, 54.95
1377881064, 54.95
1377881069, 54.95
1377881074, 54.95
1377881079, 54.95
1377881084, 54.95
1377881089, 54.95
1377881094, 54.95
1377881099, 54.95
1377881104, 54.95
1377881109, 54.95
1377881114, 54.95
1377881119, 54.95
1377881124, 54.95
1377881129, 54.95
1377881134, 54.95
1377881139, 54.95
1377881144, 54.95
1377881149, 54.95
1377881154, 54.95
1377881159, 54.95
1377881164, 54.95
1377881169, 54.95
1377881174, 54.95
1377881179, 54.95
1377881184, 54.95
1377881189, 54.95
1377881194, 54.95
1377881199, 54.95
1377881204, 54.95
1377881209, 54.95
1377881214, 54.95
1377881219, 54.95
1377881224, 54.95
1377881229, 54.95
1377881234, 54.95
1377881239, 54.95
1377881244, 54.95
1377881249, 54.95
1377881254, 54.95
1377881259, 54.95
1377881264, 54.95
1377881269, 54.95
1377881274, 54.98
1377881279, 54.95
1377881284, 54.95
1377881289, 54.95
1377881294, 54.95
1377881299, 54.95
1377881304, 54.95
1377881309, 54.95
1377881314, 54.95
1377881319, 54.95
1377881324, 54.95
1377881329, 54.95
1377881334, 54.95
1377881339, 54.95
1377881344, 54.95
1377881349, 54.95
1377881354, 54.95
1377881359, 54.95
1377881364, 54.95
1377881369, 54.95
1377881374, 54.95
1377881379, 54.95
1377881384, 54.95
1377881389, 54.95
1377881394, 54.95
1377881399, 54.95
1377881404, 54.95
1377881409, 54.95
1377881414, 54.95
1377881419, 54.95
1377881424, 54.95
1377881429, 54.95
1377881434, 54.95
1377881439, 54.95
1377881444, 54.95
1377881449, 54.95
1377881454, 54.92
1377881459, 54.95
1377881464, 54.95
1377881469, 54.95
1377881474, 54.95
1377881479, 54.95
1377881484, 54.95
1377881489, 54.95
1377881494, 54.95
1377881499, 54.95
1377881504, 54.95
1377881509, 54.95
1377881514, 54.95
1377881519, 54.95
1377881524, 54.95
1377881529, 54.95
1377881534, 54.95
1377881539, 54.95
1377881544, 54.95
1377881549, 54.92
1377881554, 54.92
1377881559, 54.95
1377881564, 54.95
1377881569, 54.95
1377881574, 54.92
1377881579, 54.95
1377881584, 54.95
1377881589, 54.95
1377881594, 54.95
1377881599, 54.95
1377881604, 54.92
1377881609, 54.95
1377881614, 54.95
1377881619, 54.92
1377881624, 54.95
1377881629, 54.95
1377881634, 54.95
1377881639, 54.95
1377881644, 54.95
1377881649, 54.95
1377881654, 54.92
1377881659, 54.95
1377881664, 54.92
1377881669, 54.89
1377881674, 54.92
1377881679, 54.92
1377881684, 54.92
1377881689, 54.92
1377881694, 54.92
1377881699, 54.92
1377881704, 54.92
1377881709, 54.92
1377881714, 54.92
1377881719, 54.92
1377881724, 54.92
1377881729, 54.92
1377881734, 54.92
1377881739, 54.92
1377881744, 54.92
1377881749, 54.92
1377881754, 54.92
1377881759, 54.92
1377881764, 54.89
1377881769, 54.92
1377881774, 54.89
1377881779, 54.92
1377881784, 54.92
1377881789, 54.89
1377881794, 54.92
1377881799, 54.92
1377881804, 54.92
1377881809, 54.89
1377881814, 54.92
1377881819, 54.89
1377881824, 54.89
1377881829, 54.89
1377881834, 54.92
1377881839, 54.92
1377881844, 54.89
1377881849, 54.92
1377881854, 54.92
1377881859, 54.89
1377881864, 54.89
1377881869, 54.89
1377881874, 54.89
1377881879, 54.92
1377881884, 54.89
1377881890, 54.89
1377881894, 54.89
1377881899, 54.92
1377881904, 54.89
1377881909, 54.89
1377881914, 54.89
1377881919, 54.89
1377881924, 54.89
1377881929, 54.89
1377881934, 54.89
1377881939, 54.92
1377881944, 54.89
1377881949, 54.89
1377881954, 54.89
1377881959, 54.89
1377881964, 54.89
1377881969, 54.89
1377881974, 54.86
1377881979, 54.89
1377881984, 54.89
1377881989, 54.89
1377881994, 54.89
1377881999, 54.89
1377882004, 54.89
1377882009, 54.89
1377882014, 54.89
1377882019, 54.89
1377882024, 54.89
1377882029, 54.89
1377882034, 54.89
1377882039, 54.89
1377882044, 54.89
1377882049, 54.89
1377882054, 54.89
1377882059, 54.89
1377882064, 54.86
1377882069, 54.89
1377882074, 54.89
1377882079, 54.86
1377882084, 54.89
1377882089, 54.86
1377882094, 54.86
1377882099, 54.89
1377882104, 54.89
1377882109, 54.86
1377882114, 54.89
1377882119, 54.86
1377882124, 54.89
1377882129, 54.86
1377882134, 54.86
1377882139, 54.86
1377882144, 54.86
1377882149, 54.86
1377882154, 54.86
1377882159, 54.86
1377882164, 54.86
1377882169, 54.89
1377882174, 54.89
1377882179, 54.86
1377882184, 54.86
1377882189, 54.86
1377882194, 54.86
1377882199, 54.83
1377882204, 54.83
1377882209, 54.86
1377882214, 54.86
1377882219, 54.86
1377882224, 54.86
1377882229, 54.86
1377882234, 54.86
1377882239, 54.86
1377882244, 54.86
1377882249, 54.86
1377882254, 54.86
1377882259, 54.86
1377882264, 54.83
1377882269, 54.86
1377882274, 54.86
1377882279, 54.86
1377882284, 54.83
1377882289, 54.83
1377882294, 54.83
1377882299, 54.83
1377882304, 54.83
1377882309, 54.83
1377882314, 54.83
1377882319, 54.83
1377882324, 54.86
1377882329, 54.83
1377882335, 54.83
1377882340, 54.86
1377882344, 54.83
1377882349, 54.83
1377882354, 54.83
1377882359, 54.83
1377882364, 54.83
1377882369, 54.83
1377882374, 54.83
1377882379, 54.83
1377882384, 54.83
1377882389, 54.83
1377882394, 54.83
1377882399, 54.83
1377882404, 54.83
1377882409, 54.83
1377882414, 54.83
1377882419, 54.83
1377882424, 54.83
1377882429, 54.83
1377882434, 54.83
1377882439, 54.83
1377882444, 54.83
1377882449, 54.83
1377882454, 54.83
1377882459, 54.83
1377882464, 54.83
1377882469, 54.83
1377882474, 54.83
1377882479, 54.80
1377882484, 54.80
1377882489, 54.80
1377882494, 54.83
1377882499, 54.80
1377882504, 54.80
1377882509, 54.80
1377882514, 54.83
1377882519, 54.83
1377882524, 54.80
1377882529, 54.80
1377882534, 54.80
1377882539, 54.80
1377882544, 54.80
1377882549, 54.80
1377882555, 54.76
1377882559, 54.80
1377882564, 54.80
1377882569, 54.80
1377882574, 54.80
1377882579, 54.80
1377882584, 54.76
1377882589, 54.80
1377882594, 54.76
1377882599, 54.80
1377882604, 54.76
1377882609, 54.80
1377882614, 54.80
1377882619, 54.76
1377882624, 54.76
1377882629, 54.76
1377882634, 54.80
1377882639, 54.76
1377882644, 54.76
1377882649, 54.76
1377882654, 54.76
1377882659, 54.76
1377882665, 54.76
1377882669, 54.76
1377882674, 54.76
1377882679, 54.76
1377882684, 54.76
1377882689, 54.76
1377882694, 54.76
1377882699, 54.76
1377882704, 54.76
1377882709, 54.76
1377882714, 54.76
1377882719, 54.76
1377882724, 54.76
1377882729, 54.76
1377882734, 54.76
1377882739, 54.76
1377882744, 54.76
1377882749, 54.76
1377882754, 54.76
1377882759, 54.73
1377882764, 54.76
1377882769, 54.76
1377882774, 54.73
1377882779, 54.76
1377882784, 54.73
1377882789, 54.73
1377882794, 54.73
1377882799, 54.73
1377882804, 54.73
1377882809, 54.73
1377882814, 54.73
1377882819, 54.73
1377882824, 54.73
1377882829, 54.73
1377882834, 54.73
1377882839, 54.73
1377882844, 54.70
1377882849, 54.70
1377882854, 54.73
1377882859, 54.73
1377882864, 54.70
1377882869, 54.70
1377882874, 54.70
1377882879, 54.73
1377882884, 54.73
1377882889, 54.70
1377882894, 54.73
1377882899, 54.70
1377882904, 54.73
1377882909, 54.70
1377882914, 54.70
1377882919, 54.70
1377882924, 54.70
1377882929, 54.70
1377882934, 54.70
1377882939, 54.70
1377882944, 54.70
1377882949, 54.70
1377882954, 54.67
1377882959, 54.70
1377882964, 54.70
1377882969, 54.70
1377882974, 54.70
1377882979, 54.70
1377882984, 54.70
1377882989, 54.70
1377882998, 54.70
1377882999, 54.70
1377883004, 54.70
1377883009, 54.70
1377883014, 54.70
1377883019, 54.70
1377883024, 54.70
1377883029, 54.70
1377883034, 54.70
1377883039, 54.70
1377883044, 54.70
1377883049, 54.70
1377883054, 54.67
1377883059, 54.70
1377883064, 54.70
1377883069, 54.70
1377883074, 54.70
1377883079, 54.67
1377883084, 54.70
1377883089, 54.70
1377883094, 54.67
1377883099, 54.67
1377883104, 54.67
1377883109, 54.67
1377883114, 54.67
1377883119, 54.70
1377883124, 54.67
1377883129, 54.70
1377883134, 54.70
1377883139, 54.67
1377883144, 54.67
1377883149, 54.67
1377883154, 54.67
1377883159, 54.67
1377883164, 54.67
1377883169, 54.64
1377883174, 54.67
1377883179, 54.67
1377883184, 54.67
1377883189, 54.67
1377883194, 54.67
1377883199, 54.67
1377883204, 54.67
1377883209, 54.64
1377883214, 54.70
1377883219, 54.67
1377883224, 54.67
1377883229, 54.67
1377883234, 54.67
1377883239, 54.67
1377883244, 54.67
1377883249, 54.67
1377883254, 54.67
1377883259, 54.67
1377883264, 54.67
1377883269, 54.67
1377883274, 54.67
1377883279, 54.67
1377883284, 54.64
1377883289, 54.67
1377883294, 54.67
1377883299, 54.64
1377883304, 54.64
1377883309, 54.64
1377883314, 54.64
1377883319, 54.67
1377883324, 54.64
1377883329, 54.64
1377883334, 54.67
1377883339, 54.64
1377883344, 54.64
1377883349, 54.64
1377883354, 54.64
1377883359, 54.67
1377883364, 54.64
1377883369, 54.64
1377883374, 54.64
1377883379, 54.64
1377883384, 54.67
1377883389, 54.64
1377883394, 54.64
1377883399, 54.64
1377883404, 54.64
1377883409, 54.64
1377883414, 54.67
1377883419, 54.64
1377883424, 54.64
1377883429, 54.64
1377883434, 54.64
1377883439, 54.64
1377883444, 54.64
1377883449, 54.64
1377883454, 54.64
1377883459, 54.64
1377883464, 54.64
1377883469, 54.64
1377883474, 54.64
1377883479, 54.64
1377883484, 54.64
1377883489, 54.64
1377883494, 54.67
1377883499, 54.67
1377883504, 54.64
1377883509, 54.64
1377883514, 54.64
1377883519, 54.64
1377883524, 54.67
1377883529, 54.67
1377883534, 54.67
1377883539, 54.64
1377883544, 54.67
1377883549, 54.67
1377883554, 54.67
1377883559, 54.67
1377883564, 54.67
1377883569, 54.64
1377883574, 54.67
1377883579, 54.67
1377883584, 54.64
1377883589, 54.64
1377883594, 54.67
1377883599, 54.64
1377883604, 54.64
1377883609, 54.67
1377883614, 54.67
1377883619, 54.67
1377883624, 54.64
1377883629, 54.67
1377883634, 54.67
1377883639, 54.67
1377883644, 54.64
1377883649, 54.64
1377883654, 54.64
1377883659, 54.67
1377883664, 54.67
1377883669, 54.67
1377883674, 54.67
1377883679, 54.67
1377883684, 54.67
1377883689, 54.67
1377883694, 54.67
1377883699, 54.67
1377883704, 54.67
1377883709, 54.67
1377883714, 54.67
1377883719, 54.67
1377883724, 54.67
1377883729, 54.67
1377883734, 54.67
1377883741, 54.67
1377883744, 54.64
1377883749, 54.67
1377883754, 54.67
1377883759, 54.67
1377883764, 54.64
1377883769, 54.67
1377883774, 54.67
1377883779, 54.64
1377883784, 54.67
1377883789, 54.64
1377883794, 54.67
1377883799, 54.67
1377883804, 54.67
1377883809, 54.70
1377883814, 54.67
1377883819, 54.67
1377883824, 54.67
1377883829, 54.67
1377883834, 54.67
1377883839, 54.67
1377883844, 54.67
1377883849, 54.67
1377883854, 54.67
1377883859, 54.67
1377883864, 54.67
1377883869, 54.67
1377883874, 54.67
1377883879, 54.70
1377883884, 54.67
1377883889, 54.67
1377883894, 54.67
1377883899, 54.67
1377883904, 54.67
1377883909, 54.67
1377883914, 54.67
1377883919, 54.67
1377883924, 54.67
1377883929, 54.70
1377883934, 54.67
1377883939, 54.67
1377883944, 54.67
1377883949, 54.67
1377883954, 54.67
1377883959, 54.67
1377883964, 54.67
1377883969, 54.67
1377883974, 54.67
1377883979, 54.64
1377883984, 54.64
1377883989, 54.67
1377883994, 54.67
1377883999, 54.70
1377884004, 54.64
1377884009, 54.67
1377884014, 54.67
1377884019, 54.64
1377884024, 54.67
1377884029, 54.67
1377884034, 54.67
1377884039, 54.64
1377884044, 54.67
1377884049, 54.67
1377884054, 54.67
1377884059, 54.64
1377884064, 54.67
1377884069, 54.64
1377884074, 54.67
1377884079, 54.67
1377884084, 54.67
1377884089, 54.64
1377884094, 54.67
1377884099, 54.67
1377884104, 54.67
1377884109, 54.67
1377884114, 54.67
1377884119, 54.64
1377884124, 54.67
1377884129, 54.64
1377884134, 54.67
1377884139, 54.64
1377884144, 54.64
1377884149, 54.67
1377884154, 54.67
1377884159, 54.67
1377884164, 54.64
1377884169, 54.64
1377884174, 54.64
1377884179, 54.67
1377884184, 54.67
1377884189, 54.67
1377884194, 54.64
1377884199, 54.64
1377884204, 54.67
1377884209, 54.64
1377884214, 54.64
1377884219, 54.64
1377884224, 54.64
1377884229, 54.64
1377884234, 54.64
1377884239, 54.64
1377884244, 54.64
1377884249, 54.64
1377884254, 54.64
1377884259, 54.64
1377884264, 54.64
1377884269, 54.64
1377884274, 54.64
1377884279, 54.64
1377884284, 54.64
1377884290, 54.64
1377884294, 54.64
1377884299, 54.64
1377884304, 54.64
1377884309, 54.64
1377884314, 54.64
1377884319, 54.64
1377884324, 54.64
1377884329, 54.64
1377884334, 54.64
1377884339, 54.64
1377884344, 54.64
1377884349, 54.64
1377884354, 54.64
1377884359, 54.64
1377884364, 54.64
1377884369, 54.64
1377884374, 54.64
1377884379, 54.64
1377884384, 54.64
1377884389, 54.64
1377884394, 54.64
1377884399, 54.64
1377884404, 54.64
1377884409, 54.64
1377884414, 54.64
1377884419, 54.64
1377884424, 54.64
1377884429, 54.64
1377884434, 54.64
1377884439, 54.64
1377884444, 54.64
1377884450, 54.64
1377884454, 54.64
1377884459, 54.64
1377884464, 54.64
1377884469, 54.64
1377884474, 54.61
1377884479, 54.64
1377884484, 54.64
1377884489, 54.64
1377884494, 54.64
1377884499, 54.61
1377884504, 54.64
1377884509, 54.64
1377884516, 54.61
1377884519, 54.61
1377884524, 54.64
1377884529, 54.61
1377884534, 54.61
1377884539, 54.64
1377884544, 54.61
1377884549, 54.61
1377884554, 54.64
1377884559, 54.61
1377884564, 54.64
1377884569, 54.61
1377884574, 54.61
1377884579, 54.58
1377884584, 54.61
1377884589, 54.61
1377884594, 54.61
1377884599, 54.61
1377884604, 54.61
1377884609, 54.61
1377884614, 54.61
1377884619, 54.61
1377884624, 54.58
1377884629, 54.61
1377884634, 54.61
1377884639, 54.61
1377884644, 54.61
1377884649, 54.61
1377884654, 54.61
1377884659, 54.58
1377884664, 54.58
1377884669, 54.58
1377884674, 54.58
1377884679, 54.58
1377884684, 54.58
1377884689, 54.58
1377884694, 54.58
1377884699, 54.58
1377884704, 54.58
1377884709, 54.58
1377884714, 54.58
1377884719, 54.58
1377884724, 54.58
1377884729, 54.58
1377884734, 54.58
1377884739, 54.58
1377884744, 54.58
1377884749, 54.58
1377884754, 54.58
1377884759, 54.58
1377884764, 54.54
1377884769, 54.58
1377884774, 54.58
1377884779, 54.58
1377884784, 54.58
1377884789, 54.58
1377884794, 54.58
1377884799, 54.58
1377884804, 54.58
1377884809, 54.58
1377884814, 54.58
1377884819, 54.58
1377884824, 54.54
1377884829, 54.58
1377884834, 54.58
1377884839, 54.58
1377884844, 54.58
1377884849, 54.58
1377884854, 54.58
1377884859, 54.58
1377884864, 54.58
1377884869, 54.54
1377884874, 54.54
1377884879, 54.54
1377884884, 54.54
1377884889, 54.54
1377884894, 54.58
1377884899, 54.58
1377884904, 54.58
1377884909, 54.58
1377884914, 54.58
1377884919, 54.54
1377884924, 54.54
1377884929, 54.58
1377884934, 54.54
1377884939, 54.54
1377884944, 54.58
1377884949, 54.54
1377884954, 54.58
1377884959, 54.58
1377884964, 54.54
1377884969, 54.58
1377884974, 54.54
1377884979, 54.58
1377884984, 54.58
1377884989, 54.58
1377884994, 54.54
1377884999, 54.54
1377885004, 54.58
1377885009, 54.58
1377885014, 54.58
1377885019, 54.54
1377885024, 54.54
1377885029, 54.54
1377885034, 54.54
1377885039, 54.54
1377885044, 54.51
1377885049, 54.54
1377885054, 54.54
1377885059, 54.54
1377885064, 54.58
1377885069, 54.54
1377885074, 54.54
1377885079, 54.54
1377885084, 54.58
1377885089, 54.54
1377885094, 54.54
1377885099, 54.54
1377885104, 54.54
1377885109, 54.51
1377885114, 54.54
1377885119, 54.54
1377885124, 54.54
1377885129, 54.54
1377885134, 54.54
1377885139, 54.54
1377885144, 54.54
1377885149, 54.54
1377885154, 54.54
1377885159, 54.54
1377885164, 54.51
1377885169, 54.54
1377885174, 54.51
1377885179, 54.54
1377885184, 54.54
1377885189, 54.54
1377885194, 54.51
1377885199, 54.54
1377885204, 54.54
1377885209, 54.54
1377885214, 54.54
1377885219, 54.51
1377885224, 54.54
1377885229, 54.54
1377885234, 54.54
1377885239, 54.54
1377885244, 54.54
1377885249, 54.51
1377885254, 54.51
1377885259, 54.54
1377885264, 54.51
1377885269, 54.51
1377885274, 54.54
1377885279, 54.54
1377885284, 54.51
1377885289, 54.54
1377885294, 54.51
1377885299, 54.51
1377885304, 54.54
1377885309, 54.51
1377885314, 54.51
1377885319, 54.51
1377885324, 54.54
1377885329, 54.54
1377885334, 54.54
1377885339, 54.51
1377885344, 54.51
1377885349, 54.51
1377885354, 54.54
1377885359, 54.51
1377885364, 54.54
1377885369, 54.54
1377885374, 54.54
1377885379, 54.54
1377885384, 54.51
1377885389, 54.51
1377885394, 54.51
1377885399, 54.51
1377885404, 54.51
1377885409, 54.51
1377885414, 54.54
1377885419, 54.54
1377885424, 54.51
1377885429, 54.51
1377885434, 54.51
1377885439, 54.54
1377885444, 54.51
1377885449, 54.51
1377885454, 54.54
1377885459, 54.54
1377885464, 54.54
1377885469, 54.51
1377885474, 54.51
1377885479, 54.51
1377885484, 54.54
1377885489, 54.51
1377885494, 54.51
1377885499, 54.51
1377885504, 54.51
1377885509, 54.51
1377885514, 54.51
1377885520, 54.51
1377885524, 54.51
1377885529, 54.51
1377885534, 54.51
1377885539, 54.51
1377885544, 54.51
1377885549, 54.51
1377885554, 54.51
1377885559, 54.51
1377885564, 54.51
1377885569, 54.51
1377885574, 54.51
1377885579, 54.51
1377885584, 54.51
1377885589, 54.51
1377885594, 54.51
1377885599, 54.51
1377885604, 54.51
1377885609, 54.51
1377885614, 54.51
1377885619, 54.51
1377885624, 54.51
1377885629, 54.51
1377885634, 54.51
1377885639, 54.51
1377885644, 54.51
1377885649, 54.51
1377885654, 54.51
1377885659, 54.51
1377885664, 54.51
1377885669, 54.51
1377885674, 54.51
1377885679, 54.48
1377885684, 54.51
1377885689, 54.51
1377885694, 54.48
1377885699, 54.51
1377885704, 54.51
1377885709, 54.48
1377885714, 54.51
1377885719, 54.51
1377885724, 54.48
1377885729, 54.51
1377885734, 54.51
1377885739, 54.51
1377885744, 54.48
1377885749, 54.51
1377885754, 54.51
1377885759, 54.51
1377885764, 54.51
1377885769, 54.48
1377885774, 54.51
1377885779, 54.51
1377885784, 54.51
1377885789, 54.51
1377885794, 54.51
1377885799, 54.51
1377885804, 54.51
1377885809, 54.48
1377885814, 54.48
1377885819, 54.48
1377885824, 54.51
1377885829, 54.48
1377885834, 54.48
1377885839, 54.51
1377885844, 54.51
1377885849, 54.51
1377885854, 54.51
1377885859, 54.48
1377885864, 54.51
1377885869, 54.51
1377885874, 54.51
1377885879, 54.51
1377885884, 54.48
1377885889, 54.48
1377885894, 54.51
1377885899, 54.51
1377885904, 54.51
1377885909, 54.48
1377885914, 54.51
1377885919, 54.48
1377885924, 54.48
1377885929, 54.51
1377885934, 54.48
1377885939, 54.48
1377885944, 54.51
1377885949, 54.48
1377885954, 54.51
1377885959, 54.48
1377885964, 54.51
1377885969, 54.51
1377885974, 54.48
1377885979, 54.48
1377885984, 54.51
1377885989, 54.48
1377885994, 54.48
1377885999, 54.48
1377886004, 54.51
1377886009, 54.48
1377886014, 54.48
1377886019, 54.45
1377886024, 54.48
1377886029, 54.48
1377886034, 54.48
1377886039, 54.51
1377886044, 54.45
1377886049, 54.48
1377886054, 54.48
1377886059, 54.48
1377886064, 54.48
1377886069, 54.48
1377886074, 54.45
1377886079, 54.48
1377886084, 54.45
1377886089, 54.48
1377886094, 54.45
1377886099, 54.48
1377886104, 54.48
1377886109, 54.48
1377886114, 54.45
1377886119, 54.48
1377886124, 54.45
1377886129, 54.45
1377886134, 54.45
1377886139, 54.45
1377886144, 54.45
1377886149, 54.45
1377886154, 54.48
1377886159, 54.45
1377886164, 54.45
1377886169, 54.45
1377886174, 54.45
1377886179, 54.45
1377886184, 54.45
1377886189, 54.45
1377886194, 54.45
1377886199, 54.45
1377886204, 54.45
1377886209, 54.45
1377886214, 54.45
1377886219, 54.45
1377886224, 54.45
1377886229, 54.45
1377886234, 54.45
1377886239, 54.45
1377886244, 54.45
1377886249, 54.45
1377886254, 54.45
1377886259, 54.45
1377886264, 54.45
1377886269, 54.45
1377886274, 54.45
1377886279, 54.45
1377886284, 54.45
1377886289, 54.45
1377886294, 54.45
1377886299, 54.45
1377886304, 54.45
1377886309, 54.45
1377886314, 54.45
1377886319, 54.45
1377886324, 54.45
1377886329, 54.45
1377886334, 54.45
1377886339, 54.45
1377886344, 54.45
1377886349, 54.45
1377886354, 54.45
1377886359, 54.45
1377886364, 54.45
1377886369, 54.45
1377886374, 54.45
1377886379, 54.45
1377886385, 54.45
1377886389, 54.45
1377886394, 54.45
1377886399, 54.45
1377886404, 54.45
1377886409, 54.45
1377886414, 54.45
1377886419, 54.45
1377886424, 54.45
1377886429, 54.45
1377886434, 54.45
1377886439, 54.45
1377886444, 54.45
1377886449, 54.42
1377886454, 54.45
1377886459, 54.45
1377886464, 54.45
1377886469, 54.45
1377886474, 54.45
1377886479, 54.45
1377886484, 54.45
1377886489, 54.45
1377886494, 54.45
1377886499, 54.45
1377886504, 54.45
1377886509, 54.45
1377886514, 54.45
1377886519, 54.45
1377886524, 54.45
1377886529, 54.45
1377886534, 54.42
1377886539, 54.45
1377886544, 54.45
1377886549, 54.45
1377886554, 54.45
1377886559, 54.45
1377886564, 54.45
1377886569, 54.45
1377886574, 54.45
1377886579, 54.45
1377886584, 54.45
1377886589, 54.45
1377886594, 54.45
1377886599, 54.45
1377886604, 54.45
1377886609, 54.42
1377886614, 54.42
1377886619, 54.45
1377886624, 54.42
1377886629, 54.45
1377886634, 54.42
1377886639, 54.45
1377886644, 54.42
1377886649, 54.45
1377886654, 54.42
1377886659, 54.45
1377886664, 54.42
1377886669, 54.42
1377886674, 54.45
1377886679, 54.42
1377886684, 54.42
1377886689, 54.42
1377886694, 54.45
1377886699, 54.45
1377886704, 54.42
1377886709, 54.42
1377886714, 54.45
1377886719, 54.45
1377886724, 54.45
1377886729, 54.42
1377886734, 54.42
1377886742, 54.42
1377886744, 54.42
1377886749, 54.42
1377886754, 54.45
1377886759, 54.39
1377886764, 54.42
1377886769, 54.42
1377886774, 54.42
1377886779, 54.42
1377886784, 54.42
1377886789, 54.42
1377886794, 54.42
1377886799, 54.42
1377886804, 54.42
1377886809, 54.42
1377886814, 54.42
1377886819, 54.42
1377886824, 54.42
1377886829, 54.42
1377886834, 54.42
1377886839, 54.42
1377886844, 54.42
1377886849, 54.42
1377886854, 54.42
1377886859, 54.42
1377886864, 54.42
1377886869, 54.39
1377886874, 54.42
1377886879, 54.45
1377886884, 54.42
1377886889, 54.45
1377886894, 54.45
1377886899, 54.42
1377886904, 54.45
1377886909, 54.42
1377886914, 54.42
1377886919, 54.42
1377886924, 54.42
1377886929, 54.42
1377886934, 54.45
1377886939, 54.42
1377886944, 54.45
1377886949, 54.42
1377886954, 54.42
1377886959, 54.45
1377886964, 54.42
1377886969, 54.42
1377886974, 54.42
1377886979, 54.45
1377886984, 54.42
1377886989, 54.42
1377886994, 54.42
1377886999, 54.42
1377887004, 54.45
1377887009, 54.45
1377887014, 54.42
1377887019, 54.42
1377887024, 54.42
1377887029, 54.42
1377887034, 54.42
1377887039, 54.42
1377887044, 54.42
1377887049, 54.45
1377887054, 54.39
1377887059, 54.42
1377887064, 54.42
1377887069, 54.45
1377887074, 54.42
1377887079, 54.42
1377887084, 54.42
1377887089, 54.42
1377887094, 54.42
1377887099, 54.45
1377887104, 54.42
1377887109, 54.42
1377887114, 54.39
1377887119, 54.42
1377887124, 54.42
1377887129, 54.39
1377887134, 54.42
1377887139, 54.42
1377887144, 54.42
1377887149, 54.42
1377887154, 54.42
1377887159, 54.42
1377887164, 54.42
1377887169, 54.42
1377887174, 54.42
1377887179, 54.42
1377887184, 54.42
1377887189, 54.39
1377887194, 54.42
1377887199, 54.42
1377887204, 54.42
1377887209, 54.42
1377887214, 54.42
1377887219, 54.42
1377887224, 54.45
1377887229, 54.42
1377887234, 54.42
1377887239, 54.42
1377887244, 54.39
1377887249, 54.42
1377887254, 54.42
1377887259, 54.39
1377887264, 54.42
1377887269, 54.42
1377887274, 54.42
1377887279, 54.42
1377887284, 54.39
1377887289, 54.39
1377887294, 54.39
1377887299, 54.39
1377887304, 54.42
1377887310, 54.42
1377887314, 54.42
1377887319, 54.39
1377887324, 54.42
1377887329, 54.42
1377887334, 54.39
1377887339, 54.42
1377887344, 54.42
1377887349, 54.42
1377887354, 54.42
1377887359, 54.39
1377887364, 54.39
1377887369, 54.42
1377887374, 54.42
1377887379, 54.39
1377887384, 54.39
1377887389, 54.39
1377887394, 54.39
1377887399, 54.42
1377887404, 54.39
1377887409, 54.39
1377887414, 54.39
1377887419, 54.39
1377887424, 54.39
1377887429, 54.39
1377887434, 54.39
1377887439, 54.42
1377887445, 54.39
1377887449, 54.39
1377887454, 54.42
1377887459, 54.39
1377887464, 54.39
1377887469, 54.39
1377887474, 54.39
1377887479, 54.42
1377887484, 54.39
1377887489, 54.39
1377887494, 54.39
1377887499, 54.39
1377887504, 54.39
1377887509, 54.39
1377887514, 54.39
1377887519, 54.39
1377887524, 54.39
1377887529, 54.39
1377887534, 54.39
1377887539, 54.39
1377887544, 54.39
1377887549, 54.39
1377887554, 54.39
1377887559, 54.39
1377887564, 54.36
1377887569, 54.39
1377887574, 54.39
1377887579, 54.39
1377887584, 54.39
1377887589, 54.39
1377887594, 54.39
1377887599, 54.39
1377887604, 54.39
1377887609, 54.39
1377887614, 54.39
1377887619, 54.39
1377887624, 54.39
1377887629, 54.39
1377887634, 54.39
1377887639, 54.39
1377887644, 54.39
1377887649, 54.39
1377887654, 54.39
1377887659, 54.39
1377887664, 54.39
1377887669, 54.39
1377887674, 54.39
1377887679, 54.39
1377887684, 54.39
1377887689, 54.39
1377887694, 54.39
1377887699, 54.39
1377887704, 54.39
1377887709, 54.39
1377887714, 54.39
1377887719, 54.39
1377887724, 54.39
1377887729, 54.39
1377887734, 54.39
1377887739, 54.39
1377887744, 54.39
1377887749, 54.39
1377887754, 54.39
1377887759, 54.39
1377887764, 54.39
1377887769, 54.39
1377887774, 54.39
1377887779, 54.39
1377887784, 54.39
1377887789, 54.39
1377887794, 54.39
1377887799, 54.39
1377887804, 54.39
1377887809, 54.39
1377887814, 54.39
1377887819, 54.36
1377887824, 54.39
1377887829, 54.39
1377887834, 54.39
1377887839, 54.39
1377887844, 54.39
1377887849, 54.39
1377887854, 54.39
1377887859, 54.39
1377887864, 54.39
1377887869, 54.39
1377887874, 54.39
1377887879, 54.39
1377887884, 54.36
1377887889, 54.39
1377887894, 54.39
1377887899, 54.39
1377887904, 54.39
1377887909, 54.39
1377887914, 54.39
1377887919, 54.39
1377887924, 54.36
1377887929, 54.39
1377887934, 54.39
1377887939, 54.39
1377887944, 54.39
1377887949, 54.36
1377887954, 54.36
1377887959, 54.36
1377887964, 54.36
1377887969, 54.39
1377887974, 54.39
1377887979, 54.39
1377887984, 54.39
1377887989, 54.36
1377887994, 54.36
1377887999, 54.39
1377888004, 54.36
1377888009, 54.36
1377888014, 54.36
1377888019, 54.36
1377888024, 54.39
1377888029, 54.36
1377888034, 54.36
1377888039, 54.39
1377888044, 54.36
1377888049, 54.36
1377888054, 54.39
1377888059, 54.36
1377888064, 54.36
1377888069, 54.36
1377888074, 54.39
1377888079, 54.39
1377888084, 54.36
1377888089, 54.32
1377888094, 54.36
1377888099, 54.36
1377888104, 54.39
1377888109, 54.36
1377888114, 54.36
1377888119, 54.36
1377888124, 54.36
1377888129, 54.36
1377888134, 54.32
1377888139, 54.36
1377888144, 54.36
1377888149, 54.36
1377888154, 54.32
1377888159, 54.36
1377888164, 54.32
1377888169, 54.32
1377888174, 54.36
1377888183, 54.36
1377888184, 54.36
1377888189, 54.36
1377888194, 54.36
1377888199, 54.32
1377888204, 54.36
1377888209, 54.36
1377888214, 54.32
1377888219, 54.32
1377888224, 54.32
1377888229, 54.36
1377888234, 54.32
1377888239, 54.32
1377888244, 54.32
1377888249, 54.32
1377888254, 54.36
1377888259, 54.32
1377888264, 54.32
1377888269, 54.32
1377888274, 54.32
1377888279, 54.32
1377888284, 54.36
1377888289, 54.32
1377888294, 54.32
1377888299, 54.32
1377888304, 54.32
1377888309, 54.32
1377888314, 54.32
1377888319, 54.36
1377888324, 54.32
1377888329, 54.32
1377888334, 54.32
1377888339, 54.36
1377888344, 54.32
1377888349, 54.32
1377888354, 54.32
1377888359, 54.32
1377888364, 54.32
1377888369, 54.32
1377888374, 54.32
1377888379, 54.32
1377888384, 54.32
1377888389, 54.32
1377888394, 54.32
1377888399, 54.32
1377888404, 54.32
1377888409, 54.32
1377888414, 54.32
1377888419, 54.32
1377888424, 54.32
1377888429, 54.32
1377888434, 54.32
1377888439, 54.29
1377888444, 54.32
1377888449, 54.32
1377888454, 54.29
1377888459, 54.32
1377888464, 54.32
1377888469, 54.32
1377888474, 54.29
1377888479, 54.32
1377888484, 54.32
1377888489, 54.32
1377888494, 54.32
1377888499, 54.32
1377888504, 54.32
1377888509, 54.32
1377888514, 54.32
1377888519, 54.32
1377888524, 54.29
1377888529, 54.32
1377888534, 54.29
1377888539, 54.29
1377888544, 54.29
1377888549, 54.32
1377888554, 54.32
1377888559, 54.32
1377888564, 54.29
1377888569, 54.32
1377888574, 54.32
1377888579, 54.29
1377888584, 54.29
1377888589, 54.32
1377888594, 54.29
1377888599, 54.29
1377888604, 54.29
1377888609, 54.29
1377888614, 54.32
1377888619, 54.32
1377888624, 54.29
1377888629, 54.29
1377888634, 54.29
1377888639, 54.29
1377888644, 54.29
1377888649, 54.29
1377888654, 54.29
1377888659, 54.29
1377888664, 54.29
1377888669, 54.29
1377888674, 54.29
1377888679, 54.29
1377888684, 54.26
1377888689, 54.29
1377888694, 54.26
1377888699, 54.26
1377888704, 54.29
1377888709, 54.29
1377888714, 54.29
1377888719, 54.29
1377888724, 54.29
1377888729, 54.26
1377888734, 54.29
1377888739, 54.29
1377888744, 54.29
1377888749, 54.26
1377888754, 54.29
1377888759, 54.29
1377888764, 54.29
1377888769, 54.26
1377888774, 54.26
1377888779, 54.29
1377888784, 54.26
1377888789, 54.26
1377888794, 54.26
1377888799, 54.26
1377888804, 54.26
1377888809, 54.26
1377888814, 54.26
1377888819, 54.26
1377888824, 54.26
1377888829, 54.26
1377888834, 54.26
1377888839, 54.26
1377888844, 54.26
1377888849, 54.29
1377888854, 54.26
1377888859, 54.26
1377888864, 54.26
1377888869, 54.26
1377888874, 54.26
1377888879, 54.26
1377888884, 54.26
1377888889, 54.26
1377888894, 54.26
1377888899, 54.26
1377888904, 54.26
1377888909, 54.26
1377888914, 54.26
1377888919, 54.26
1377888924, 54.26
1377888929, 54.26
1377888934, 54.26
1377888939, 54.26
1377888944, 54.26
1377888949, 54.26
1377888954, 54.26
1377888959, 54.26
1377888964, 54.26
1377888969, 54.26
1377888974, 54.26
1377888979, 54.26
1377888984, 54.29
1377888989, 54.26
1377888994, 54.26
1377888999, 54.26
1377889004, 54.26
1377889009, 54.26
1377889014, 54.26
1377889019, 54.26
1377889024, 54.26
1377889029, 54.26
1377889034, 54.26
1377889039, 54.26
1377889044, 54.26
1377889049, 54.26
1377889054, 54.26
1377889059, 54.26
1377889064, 54.26
1377889069, 54.26
1377889074, 54.26
1377889079, 54.23
1377889084, 54.26
1377889089, 54.26
1377889094, 54.26
1377889099, 54.26
1377889104, 54.26
1377889109, 54.26
1377889114, 54.26
1377889119, 54.26
1377889124, 54.26
1377889129, 54.26
1377889134, 54.26
1377889139, 54.26
1377889144, 54.26
1377889149, 54.26
1377889154, 54.26
1377889159, 54.26
1377889165, 54.26
1377889169, 54.23
1377889174, 54.26
1377889179, 54.23
1377889184, 54.26
1377889189, 54.26
1377889194, 54.26
1377889199, 54.26
1377889204, 54.23
1377889209, 54.26
1377889214, 54.26
1377889219, 54.26
1377889224, 54.26
1377889229, 54.26
1377889234, 54.23
1377889239, 54.26
1377889244, 54.26
1377889249, 54.26
1377889254, 54.26
1377889259, 54.26
1377889264, 54.26
1377889269, 54.23
1377889274, 54.26
1377889279, 54.26
1377889284, 54.26
1377889289, 54.26
1377889294, 54.26
1377889299, 54.26
1377889304, 54.26
1377889309, 54.26
1377889314, 54.23
1377889319, 54.26
1377889324, 54.26
1377889329, 54.26
1377889334, 54.26
1377889339, 54.26
1377889344, 54.26
1377889349, 54.26
1377889354, 54.26
1377889359, 54.26
1377889364, 54.26
1377889369, 54.26
1377889374, 54.26
1377889379, 54.26
1377889384, 54.26
1377889389, 54.26
1377889394, 54.26
1377889399, 54.26
1377889404, 54.26
1377889409, 54.23
1377889414, 54.26
1377889419, 54.26
1377889424, 54.23
1377889429, 54.23
1377889434, 54.23
1377889439, 54.26
1377889444, 54.26
1377889449, 54.26
1377889454, 54.26
1377889459, 54.26
1377889464, 54.26
1377889469, 54.26
1377889474, 54.26
1377889479, 54.26
1377889484, 54.26
1377889489, 54.26
1377889494, 54.26
1377889499, 54.26
1377889504, 54.26
1377889509, 54.26
1377889514, 54.26
1377889519, 54.23
1377889524, 54.26
1377889529, 54.26
1377889534, 54.26
1377889539, 54.23
1377889544, 54.26
1377889549, 54.23
1377889554, 54.26
1377889559, 54.26
1377889564, 54.26
1377889569, 54.26
1377889574, 54.26
1377889579, 54.26
1377889584, 54.26
1377889589, 54.26
1377889594, 54.26
1377889599, 54.26
1377889604, 54.26
1377889609, 54.26
1377889614, 54.26
1377889619, 54.26
1377889624, 54.26
1377889629, 54.26
1377889634, 54.26
1377889639, 54.26
1377889644, 54.26
1377889649, 54.26
1377889654, 54.26
1377889659, 54.26
1377889664, 54.26
1377889669, 54.26
1377889674, 54.26
1377889679, 54.26
1377889684, 54.26
1377889689, 54.26
1377889694, 54.26
1377889699, 54.26
1377889704, 54.26
1377889709, 54.26
1377889714, 54.26
1377889719, 54.26
1377889724, 54.26
1377889729, 54.26
1377889734, 54.26
1377889739, 54.26
1377889744, 54.26
1377889749, 54.29
1377889754, 54.26
1377889759, 54.26
1377889764, 54.26
1377889769, 54.26
1377889774, 54.26
1377889779, 54.26
1377889784, 54.26
1377889789, 54.26
1377889794, 54.26
1377889799, 54.26
1377889804, 54.26
1377889809, 54.29
1377889815, 54.26
1377889819, 54.29
1377889824, 54.29
1377889829, 54.26
1377889834, 54.26
1377889839, 54.26
1377889844, 54.26
1377889849, 54.26
1377889854, 54.26
1377889859, 54.26
1377889864, 54.26
1377889869, 54.26
1377889874, 54.26
1377889879, 54.26
1377889884, 54.26
1377889889, 54.26
1377889894, 54.26
1377889899, 54.26
1377889904, 54.26
1377889909, 54.26
1377889914, 54.26
1377889919, 54.26
1377889924, 54.26
1377889929, 54.26
1377889934, 54.26
1377889939, 54.26
1377889944, 54.26
1377889949, 54.26
1377889954, 54.26
1377889959, 54.26
1377889964, 54.26
1377889969, 54.29
1377889974, 54.26
1377889979, 54.26
1377889984, 54.26
1377889989, 54.26
1377889994, 54.26
1377889999, 54.26
1377890004, 54.26
1377890009, 54.26
1377890014, 54.29
1377890019, 54.26
1377890024, 54.26
1377890029, 54.26
1377890034, 54.26
1377890039, 54.26
1377890044, 54.26
1377890049, 54.29
1377890054, 54.29
1377890059, 54.26
1377890064, 54.29
1377890069, 54.26
1377890074, 54.29
1377890079, 54.26
1377890084, 54.26
1377890089, 54.29
1377890094, 54.29
1377890099, 54.26
1377890104, 54.29
1377890109, 54.26
1377890114, 54.29
1377890119, 54.26
1377890124, 54.29
1377890129, 54.29
1377890134, 54.29
1377890139, 54.26
1377890144, 54.26
1377890149, 54.26
1377890154, 54.26
1377890159, 54.26
1377890164, 54.29
1377890169, 54.26
1377890174, 54.29
1377890179, 54.29
1377890184, 54.26
1377890189, 54.29
1377890194, 54.26
1377890199, 54.29
1377890204, 54.29
1377890209, 54.26
1377890214, 54.26
1377890219, 54.29
1377890224, 54.29
1377890229, 54.26
1377890234, 54.26
1377890239, 54.26
1377890244, 54.26
1377890249, 54.26
1377890254, 54.29
1377890259, 54.26
1377890264, 54.29
1377890269, 54.26
1377890274, 54.26
1377890279, 54.26
1377890284, 54.26
1377890289, 54.26
1377890294, 54.29
1377890299, 54.29
1377890304, 54.26
1377890309, 54.26
1377890314, 54.29
1377890319, 54.29
1377890324, 54.26
1377890329, 54.29
1377890334, 54.26
1377890339, 54.29
1377890344, 54.29
1377890349, 54.29
1377890354, 54.29
1377890359, 54.29
1377890364, 54.29
1377890369, 54.29
1377890374, 54.26
1377890379, 54.29
1377890384, 54.26
1377890389, 54.29
1377890394, 54.26
1377890399, 54.26
1377890404, 54.26
1377890409, 54.29
1377890414, 54.29
1377890419, 54.29
1377890424, 54.29
1377890430, 54.26
1377890434, 54.26
1377890439, 54.26
1377890444, 54.29
1377890449, 54.29
1377890454, 54.29
1377890459, 54.26
1377890464, 54.29
1377890469, 54.29
1377890474, 54.29
1377890479, 54.29
1377890484, 54.29
1377890489, 54.26
1377890494, 54.29
1377890499, 54.29
1377890504, 54.29
1377890509, 54.29
1377890514, 54.29
1377890519, 54.26
1377890524, 54.26
1377890529, 54.26
1377890534, 54.29
1377890539, 54.29
1377890544, 54.26
1377890549, 54.29
1377890554, 54.29
1377890559, 54.26
1377890564, 54.29
1377890569, 54.26
1377890574, 54.26
1377890579, 54.26
1377890584, 54.26
1377890589, 54.29
1377890594, 54.29
1377890599, 54.26
1377890604, 54.29
1377890609, 54.26
1377890614, 54.26
1377890619, 54.26
1377890624, 54.26
1377890629, 54.26
1377890634, 54.26
1377890639, 54.26
1377890644, 54.29
1377890649, 54.26
1377890654, 54.26
1377890659, 54.26
1377890664, 54.26
1377890669, 54.29
1377890674, 54.26
1377890679, 54.29
1377890684, 54.29
1377890689, 54.29
1377890694, 54.29
1377890699, 54.29
1377890704, 54.29
1377890709, 54.29
1377890714, 54.29
1377890719, 54.29
1377890724, 54.29
1377890729, 54.26
1377890734, 54.26
1377890739, 54.26
1377890744, 54.26
1377890749, 54.29
1377890754, 54.26
1377890759, 54.26
1377890764, 54.26
1377890769, 54.26
1377890774, 54.26
1377890779, 54.26
1377890784, 54.26
1377890789, 54.26
1377890794, 54.29
1377890799, 54.26
1377890804, 54.26
1377890809, 54.26
1377890814, 54.23
1377890819, 54.26
1377890824, 54.26
1377890829, 54.26
1377890834, 54.26
1377890839, 54.26
1377890844, 54.26
1377890849, 54.26
1377890854, 54.26
1377890859, 54.26
1377890864, 54.26
1377890869, 54.26
1377890874, 54.26
1377890879, 54.26
1377890884, 54.26
1377890889, 54.26
1377890894, 54.26
1377890899, 54.26
1377890904, 54.26
1377890909, 54.26
1377890914, 54.26
1377890919, 54.26
1377890924, 54.26
1377890929, 54.26
1377890934, 54.26
1377890939, 54.26
1377890944, 54.23
1377890949, 54.26
1377890954, 54.26
1377890959, 54.26
1377890964, 54.26
1377890969, 54.23
1377890974, 54.26
1377890979, 54.23
1377890984, 54.23
1377890989, 54.23
1377890994, 54.23
1377890999, 54.26
1377891004, 54.23
1377891009, 54.23
1377891014, 54.23
1377891019, 54.23
1377891024, 54.23
1377891029, 54.26
1377891034, 54.23
1377891039, 54.23
1377891044, 54.23
1377891049, 54.26
1377891054, 54.20
1377891059, 54.20
1377891064, 54.23
1377891069, 54.20
1377891074, 54.20
1377891079, 54.20
1377891084, 54.20
1377891089, 54.20
1377891094, 54.20
1377891099, 54.20
1377891104, 54.20
1377891109, 54.20
1377891114, 54.20
1377891119, 54.20
1377891124, 54.20
1377891129, 54.20
1377891134, 54.20
1377891139, 54.20
1377891144, 54.20
1377891149, 54.20
1377891154, 54.20
1377891159, 54.20
1377891164, 54.20
1377891169, 54.20
1377891174, 54.20
1377891179, 54.17
1377891185, 54.20
1377891189, 54.20
1377891194, 54.20
1377891199, 54.20
1377891204, 54.20
1377891209, 54.20
1377891214, 54.17
1377891219, 54.20
1377891224, 54.20
1377891229, 54.20
1377891234, 54.20
1377891239, 54.17
1377891244, 54.20
1377891249, 54.20
1377891254, 54.17
1377891259, 54.20
1377891264, 54.20
1377891269, 54.20
1377891274, 54.17
1377891279, 54.20
1377891284, 54.20
1377891289, 54.17
1377891294, 54.20
1377891299, 54.20
1377891304, 54.17
1377891309, 54.17
1377891314, 54.17
1377891319, 54.20
1377891324, 54.17
1377891329, 54.20
1377891334, 54.17
1377891339, 54.17
1377891344, 54.17
1377891349, 54.20
1377891354, 54.20
1377891359, 54.20
1377891364, 54.20
1377891369, 54.20
1377891374, 54.17
1377891379, 54.20
1377891384, 54.17
1377891389, 54.17
1377891394, 54.17
1377891399, 54.17
1377891404, 54.17
1377891409, 54.17
1377891414, 54.17
1377891419, 54.14
1377891424, 54.17
1377891429, 54.17
1377891434, 54.17
1377891439, 54.17
1377891444, 54.17
1377891449, 54.17
1377891454, 54.20
1377891459, 54.17
1377891464, 54.17
1377891469, 54.17
1377891474, 54.17
1377891479, 54.17
1377891484, 54.17
1377891489, 54.17
1377891494, 54.14
1377891499, 54.17
1377891504, 54.14
1377891509, 54.14
1377891514, 54.14
1377891519, 54.17
1377891524, 54.17
1377891529, 54.14
1377891534, 54.14
1377891539, 54.14
1377891544, 54.14
1377891549, 54.14
1377891554, 54.17
1377891559, 54.14
1377891564, 54.14
1377891569, 54.14
1377891574, 54.14
1377891579, 54.14
1377891584, 54.14
1377891589, 54.14
1377891594, 54.14
1377891599, 54.14
1377891604, 54.14
1377891609, 54.14
1377891614, 54.14
1377891619, 54.14
1377891624, 54.14
1377891629, 54.14
1377891634, 54.14
1377891639, 54.14
1377891644, 54.14
1377891649, 54.14
1377891654, 54.14
1377891659, 54.14
1377891664, 54.14
1377891669, 54.14
1377891674, 54.14
1377891679, 54.14
1377891684, 54.14
1377891689, 54.14
1377891694, 54.14
1377891699, 54.14
1377891704, 54.14
1377891709, 54.14
1377891714, 54.14
1377891719, 54.14
1377891724, 54.14
1377891729, 54.14
1377891734, 54.14
1377891739, 54.14
1377891744, 54.14
1377891749, 54.14
1377891754, 54.10
1377891759, 54.14
1377891764, 54.10
1377891769, 54.14
1377891774, 54.14
1377891779, 54.10
1377891784, 54.14
1377891789, 54.14
1377891794, 54.14
1377891799, 54.14
1377891804, 54.10
1377891809, 54.14
1377891814, 54.14
1377891819, 54.14
1377891824, 54.14
1377891829, 54.10
1377891834, 54.14
1377891839, 54.10
1377891844, 54.10
1377891849, 54.14
1377891854, 54.14
1377891859, 54.10
1377891864, 54.10
1377891869, 54.10
1377891874, 54.10
1377891879, 54.14
1377891884, 54.10
1377891889, 54.10
1377891894, 54.14
1377891899, 54.14
1377891904, 54.10
1377891909, 54.10
1377891914, 54.10
1377891919, 54.10
1377891924, 54.10
1377891929, 54.10
1377891934, 54.10
1377891940, 54.14
1377891944, 54.14
1377891949, 54.10
1377891954, 54.10
1377891959, 54.14
1377891964, 54.10
1377891969, 54.10
1377891974, 54.10
1377891979, 54.10
1377891984, 54.10
1377891989, 54.10
1377891994, 54.10
1377891999, 54.10
1377892004, 54.10
1377892009, 54.10
1377892014, 54.14
1377892019, 54.10
1377892024, 54.10
1377892029, 54.10
1377892034, 54.10
1377892039, 54.10
1377892044, 54.10
1377892049, 54.10
1377892054, 54.10
1377892059, 54.10
1377892064, 54.10
1377892069, 54.07
1377892074, 54.10
1377892079, 54.10
1377892084, 54.14
1377892089, 54.10
1377892094, 54.10
1377892099, 54.10
1377892104, 54.10
1377892109, 54.07
1377892114, 54.10
1377892119, 54.07
1377892124, 54.07
1377892129, 54.10
1377892134, 54.10
1377892139, 54.10
1377892144, 54.10
1377892149, 54.10
1377892154, 54.10
1377892159, 54.10
1377892164, 54.07
1377892169, 54.07
1377892174, 54.10
1377892179, 54.07
1377892184, 54.07
1377892189, 54.10
1377892194, 54.07
1377892199, 54.10
1377892204, 54.10
1377892209, 54.07
1377892214, 54.07
1377892219, 54.10
1377892224, 54.10
1377892229, 54.07
1377892234, 54.07
1377892239, 54.07
1377892244, 54.07
1377892249, 54.07
1377892254, 54.07
1377892259, 54.07
1377892264, 54.07
1377892269, 54.10
1377892274, 54.07
1377892279, 54.07
1377892284, 54.07
1377892289, 54.07
1377892294, 54.07
1377892299, 54.07
1377892304, 54.07
1377892309, 54.07
1377892314, 54.10
1377892319, 54.07
1377892324, 54.07
1377892329, 54.07
1377892334, 54.07
1377892339, 54.07
1377892344, 54.10
1377892349, 54.07
1377892354, 54.07
1377892359, 54.07
1377892364, 54.07
1377892369, 54.07
1377892374, 54.07
1377892379, 54.07
1377892384, 54.07
1377892389, 54.07
1377892394, 54.07
1377892399, 54.07
1377892404, 54.07
1377892409, 54.07
1377892414, 54.07
1377892419, 54.07
1377892424, 54.07
1377892429, 54.07
1377892434, 54.07
1377892439, 54.07
1377892444, 54.07
1377892449, 54.07
1377892454, 54.04
1377892459, 54.07
1377892464, 54.07
1377892469, 54.07
1377892474, 54.07
1377892479, 54.07
1377892484, 54.07
1377892489, 54.07
1377892494, 54.07
1377892499, 54.07
1377892504, 54.07
1377892509, 54.07
1377892514, 54.04
1377892519, 54.07
1377892524, 54.07
1377892529, 54.07
1377892534, 54.07
1377892539, 54.07
1377892544, 54.07
1377892549, 54.07
1377892554, 54.07
1377892559, 54.07
1377892564, 54.04
1377892569, 54.07
1377892574, 54.07
1377892579, 54.04
1377892584, 54.07
1377892589, 54.07
1377892594, 54.07
1377892599, 54.07
1377892604, 54.04
1377892609, 54.07
1377892614, 54.04
1377892619, 54.04
1377892624, 54.04
1377892629, 54.04
1377892634, 54.04
1377892639, 54.04
1377892644, 54.04
1377892649, 54.07
1377892654, 54.07
1377892659, 54.04
1377892664, 54.04
1377892669, 54.04
1377892674, 54.04
1377892679, 54.04
1377892684, 54.04
1377892689, 54.04
1377892694, 54.04
1377892699, 54.04
1377892704, 54.04
1377892709, 54.04
1377892714, 54.04
1377892719, 54.04
1377892724, 54.04
1377892729, 54.04
1377892734, 54.01
1377892739, 54.04
1377892744, 54.01
1377892749, 54.01
1377892754, 54.04
1377892759, 54.01
1377892764, 54.04
1377892769, 54.04
1377892774, 54.01
1377892779, 54.01
1377892784, 54.04
1377892789, 54.04
1377892794, 54.01
1377892799, 54.04
1377892804, 54.04
1377892809, 54.01
1377892814, 54.01
1377892819, 54.04
1377892824, 54.01
1377892829, 54.01
1377892834, 54.04
1377892839, 54.01
1377892844, 54.01
1377892849, 54.01
1377892854, 54.01
1377892859, 54.04
1377892864, 54.01
1377892869, 54.01
1377892874, 54.04
1377892879, 54.01
1377892884, 54.01
1377892889, 54.01
1377892894, 54.04
1377892899, 54.04
1377892904, 54.04
1377892909, 54.01
1377892914, 54.01
1377892919, 54.04
1377892924, 54.01
1377892929, 54.04
1377892934, 54.01
1377892939, 54.01
1377892944, 54.01
1377892949, 54.04
1377892954, 54.01
1377892959, 54.01
1377892964, 54.01
1377892969, 54.01
1377892974, 54.01
1377892979, 54.01
1377892984, 54.01
1377892989, 54.01
1377892994, 54.01
1377892999, 54.01
1377893004, 54.01
1377893009, 54.01
1377893014, 54.01
1377893019, 54.01
1377893024, 54.01
1377893029, 54.01
1377893034, 54.01
1377893039, 54.01
1377893044, 54.01
1377893049, 54.01
1377893054, 54.01
1377893059, 54.01
1377893064, 54.01
1377893069, 54.01
1377893074, 54.01
1377893079, 54.01
1377893084, 54.01
1377893089, 54.01
1377893094, 54.01
1377893099, 54.01
1377893104, 54.01
1377893109, 54.01
1377893114, 54.01
1377893119, 54.01
1377893124, 53.98
1377893129, 54.01
1377893134, 54.01
1377893139, 53.98
1377893144, 53.98
1377893149, 53.98
1377893154, 54.01
1377893159, 54.01
1377893164, 54.01
1377893169, 53.98
1377893174, 54.01
1377893179, 53.98
1377893184, 53.98
1377893189, 54.01
1377893194, 54.01
1377893199, 53.98
1377893204, 53.98
1377893209, 53.98
1377893214, 54.01
1377893219, 54.01
1377893224, 54.01
1377893229, 54.01
1377893234, 54.01
1377893239, 53.98
1377893244, 54.01
1377893249, 54.01
1377893254, 53.98
1377893259, 53.98
1377893264, 54.01
1377893269, 53.98
1377893274, 54.01
1377893279, 54.01
1377893284, 54.01
1377893289, 53.98
1377893294, 53.98
1377893299, 53.98
1377893304, 53.98
1377893309, 54.01
1377893314, 53.98
1377893319, 54.01
1377893324, 53.98
1377893329, 53.98
1377893334, 54.01
1377893339, 53.98
1377893344, 53.98
1377893349, 53.98
1377893354, 53.98
1377893359, 53.98
1377893364, 53.98
1377893369, 53.98
1377893374, 53.98
1377893379, 54.01
1377893384, 54.01
1377893389, 54.01
1377893394, 53.98
1377893399, 53.98
1377893404, 53.98
1377893409, 53.98
1377893414, 54.01
1377893419, 54.01
1377893424, 54.01
1377893429, 54.01
1377893434, 53.98
1377893439, 53.98
1377893444, 53.98
1377893449, 54.01
1377893454, 54.01
1377893459, 54.01
1377893464, 53.98
1377893469, 54.01
1377893474, 53.98
1377893479, 53.98
1377893484, 54.01
1377893489, 54.01
1377893494, 53.98
1377893499, 53.98
1377893504, 53.98
1377893509, 53.95
1377893514, 53.98
1377893519, 53.98
1377893524, 53.98
1377893529, 54.01
1377893534, 53.98
1377893539, 53.98
1377893544, 53.98
1377893549, 53.98
1377893554, 53.98
1377893559, 53.98
1377893564, 53.98
1377893569, 53.98
1377893574, 53.98
1377893579, 53.98
1377893584, 53.98
1377893589, 53.98
1377893594, 53.98
1377893599, 53.98
1377893604, 53.98
1377893609, 53.98
1377893614, 53.98
1377893619, 53.95
1377893624, 53.95
1377893629, 53.95
1377893634, 53.98
1377893639, 53.95
1377893644, 53.95
1377893649, 53.98
1377893654, 53.98
1377893659, 53.98
1377893664, 53.98
1377893669, 53.95
1377893674, 53.98
1377893679, 53.95
1377893684, 53.95
1377893689, 53.98
1377893694, 53.98
1377893699, 53.98
1377893704, 53.98
1377893709, 53.98
1377893714, 53.98
1377893719, 53.98
1377893724, 53.95
1377893729, 53.98
1377893734, 53.95
1377893739, 53.95
1377893744, 53.95
1377893749, 53.98
1377893754, 53.95
1377893759, 53.98
1377893764, 53.95
1377893769, 53.98
1377893774, 53.95
1377893779, 53.98
1377893784, 53.98
1377893789, 53.98
1377893794, 53.98
1377893799, 53.98
1377893804, 53.95
1377893809, 53.95
1377893814, 53.98
1377893819, 53.98
1377893824, 53.95
1377893829, 53.98
1377893834, 53.98
1377893839, 53.95
1377893844, 53.98
1377893849, 53.98
1377893854, 53.95
1377893859, 53.98
1377893864, 53.95
1377893869, 53.98
1377893874, 53.95
1377893879, 53.95
1377893884, 53.98
1377893889, 53.98
1377893894, 53.98
1377893899, 53.95
1377893904, 53.95
1377893909, 53.95
1377893914, 53.98
1377893919, 53.95
1377893924, 53.95
1377893929, 53.98
1377893934, 53.98
1377893939, 53.95
1377893944, 53.95
1377893949, 53.95
1377893954, 53.98
1377893959, 53.95
1377893964, 53.98
1377893969, 53.98
1377893974, 53.95
1377893979, 53.98
1377893984, 53.98
1377893989, 53.95
1377893994, 53.95
1377893999, 53.95
1377894004, 53.95
1377894009, 53.95
1377894014, 53.95
1377894019, 53.95
1377894024, 53.95
1377894029, 53.95
1377894034, 53.95
1377894039, 53.98
1377894044, 53.95
1377894049, 53.95
1377894054, 53.95
1377894059, 53.95
1377894064, 53.95
1377894069, 53.95
1377894074, 53.98
1377894079, 53.95
1377894084, 53.95
1377894089, 53.95
1377894094, 53.95
1377894099, 53.95
1377894104, 53.95
1377894109, 53.95
1377894114, 53.95
1377894119, 53.95
1377894124, 53.95
1377894129, 53.95
1377894134, 53.95
1377894139, 53.95
1377894144, 53.95
1377894149, 53.95
1377894154, 53.95
1377894159, 53.95
1377894165, 53.95
1377894169, 53.95
1377894174, 53.95
1377894179, 53.95
1377894184, 53.95
1377894189, 53.95
1377894194, 53.95
1377894199, 53.95
1377894204, 53.95
1377894209, 53.95
1377894214, 53.92
1377894219, 53.95
1377894224, 53.95
1377894229, 53.95
1377894234, 53.95
1377894239, 53.95
1377894244, 53.92
1377894249, 53.95
1377894254, 53.95
1377894259, 53.95
1377894264, 53.95
1377894269, 53.95
1377894274, 53.95
1377894279, 53.95
1377894284, 53.95
1377894289, 53.95
1377894294, 53.95
1377894299, 53.95
1377894304, 53.92
1377894309, 53.95
1377894314, 53.95
1377894319, 53.95
1377894324, 53.92
1377894329, 53.95
1377894334, 53.95
1377894339, 53.92
1377894344, 53.95
1377894349, 53.95
1377894354, 53.92
1377894359, 53.95
1377894364, 53.95
1377894369, 53.95
1377894374, 53.95
1377894379, 53.92
1377894384, 53.95
1377894389, 53.95
1377894394, 53.92
1377894399, 53.92
1377894404, 53.95
1377894409, 53.95
1377894414, 53.92
1377894419, 53.92
1377894424, 53.92
1377894429, 53.95
1377894434, 53.95
1377894439, 53.95
1377894444, 53.92
1377894449, 53.95
1377894454, 53.92
1377894459, 53.92
1377894464, 53.95
1377894469, 53.95
1377894474, 53.92
1377894479, 53.92
1377894484, 53.92
1377894489, 53.92
1377894494, 53.92
1377894499, 53.92
1377894504, 53.92
1377894509, 53.95
1377894514, 53.95
1377894519, 53.92
1377894524, 53.92
1377894529, 53.92
1377894534, 53.92
1377894539, 53.92
1377894544, 53.92
1377894549, 53.92
1377894554, 53.92
1377894559, 53.92
1377894564, 53.92
1377894569, 53.92
1377894574, 53.92
1377894579, 53.92
1377894584, 53.92
1377894589, 53.92
1377894594, 53.92
1377894599, 53.92
1377894604, 53.92
1377894609, 53.88
1377894614, 53.92
1377894619, 53.92
1377894624, 53.92
1377894629, 53.92
1377894634, 53.92
1377894639, 53.92
1377894644, 53.92
1377894649, 53.88
1377894654, 53.88
1377894659, 53.92
1377894664, 53.92
1377894669, 53.92
1377894674, 53.92
1377894679, 53.92
1377894684, 53.88
1377894689, 53.92
1377894694, 53.88
1377894699, 53.88
1377894704, 53.92
1377894709, 53.88
1377894714, 53.88
1377894719, 53.88
1377894724, 53.88
1377894729, 53.88
1377894734, 53.88
1377894739, 53.88
1377894744, 53.88
1377894749, 53.88
1377894754, 53.92
1377894759, 53.88
1377894764, 53.88
1377894769, 53.88
1377894774, 53.88
1377894779, 53.88
1377894784, 53.88
1377894789, 53.88
1377894794, 53.88
1377894799, 53.88
1377894804, 53.88
1377894809, 53.88
1377894814, 53.88
1377894819, 53.88
1377894824, 53.88
1377894829, 53.88
1377894834, 53.88
1377894839, 53.88
1377894844, 53.88
1377894849, 53.88
1377894854, 53.88
1377894859, 53.88
1377894864, 53.88
1377894869, 53.88
1377894874, 53.88
1377894879, 53.88
1377894884, 53.85
1377894889, 53.88
1377894894, 53.88
1377894899, 53.88
1377894904, 53.88
1377894909, 53.88
1377894914, 53.88
1377894919, 53.88
1377894924, 53.88
1377894929, 53.88
1377894934, 53.88
1377894939, 53.88
1377894944, 53.88
1377894949, 53.88
1377894954, 53.88
1377894959, 53.88
1377894964, 53.88
1377894969, 53.88
1377894974, 53.88
1377894979, 53.88
1377894984, 53.88
1377894989, 53.88
1377894994, 53.88
1377894999, 53.88
1377895004, 53.88
1377895009, 53.88
1377895014, 53.88
1377895019, 53.88
1377895024, 53.85
1377895029, 53.88
1377895034, 53.88
1377895039, 53.88
1377895044, 53.88
1377895049, 53.88
1377895054, 53.88
1377895059, 53.85
1377895064, 53.88
1377895069, 53.88
1377895074, 53.88
1377895079, 53.88
1377895084, 53.88
1377895089, 53.88
1377895094, 53.85
1377895099, 53.88
1377895104, 53.85
1377895109, 53.88
1377895114, 53.88
1377895119, 53.88
1377895124, 53.88
1377895129, 53.88
1377895134, 53.88
1377895139, 53.88
1377895144, 53.88
1377895149, 53.88
1377895154, 53.88
1377895159, 53.88
1377895164, 53.88
1377895169, 53.88
1377895174, 53.88
1377895179, 53.88
1377895184, 53.88
1377895189, 53.88
1377895194, 53.88
1377895199, 53.88
1377895204, 53.88
1377895209, 53.88
1377895214, 53.88
1377895219, 53.88
1377895224, 53.88
1377895229, 53.88
1377895234, 53.88
1377895239, 53.88
1377895244, 53.88
1377895249, 53.88
1377895254, 53.88
1377895259, 53.88
1377895264, 53.88
1377895269, 53.88
1377895274, 53.88
1377895279, 53.88
1377895284, 53.88
1377895289, 53.88
1377895294, 53.88
1377895299, 53.88
1377895304, 53.88
1377895309, 53.92
1377895314, 53.88
1377895319, 53.88
1377895324, 53.88
1377895329, 53.88
1377895334, 53.88
1377895339, 53.88
1377895344, 53.88
1377895349, 53.88
1377895354, 53.88
1377895359, 53.88
1377895364, 53.88
1377895369, 53.88
1377895374, 53.92
1377895379, 53.88
1377895384, 53.88
1377895389, 53.88
1377895394, 53.88
1377895399, 53.88
1377895404, 53.88
1377895409, 53.88
1377895414, 53.88
1377895419, 53.88
1377895424, 53.88
1377895429, 53.88
1377895434, 53.88
1377895439, 53.88
1377895444, 53.92
1377895449, 53.88
1377895454, 53.88
1377895459, 53.92
1377895464, 53.88
1377895469, 53.92
1377895474, 53.92
1377895479, 53.88
1377895484, 53.88
1377895489, 53.92
1377895494, 53.88
1377895499, 53.88
1377895504, 53.88
1377895509, 53.92
1377895514, 53.88
1377895519, 53.92
1377895524, 53.88
1377895529, 53.92
1377895534, 53.88
1377895539, 53.88
1377895544, 53.92
1377895549, 53.88
1377895554, 53.88
1377895559, 53.88
1377895564, 53.92
1377895569, 53.92
1377895574, 53.92
1377895579, 53.88
1377895584, 53.88
1377895589, 53.92
1377895594, 53.92
1377895599, 53.92
1377895604, 53.88
1377895609, 53.92
1377895614, 53.92
1377895619, 53.92
1377895624, 53.92
1377895629, 53.88
1377895634, 53.92
1377895639, 53.92
1377895644, 53.92
1377895649, 53.88
1377895654, 53.92
1377895659, 53.88
1377895664, 53.88
1377895669, 53.88
1377895674, 53.92
1377895679, 53.92
1377895684, 53.92
1377895689, 53.92
1377895694, 53.92
1377895699, 53.92
1377895704, 53.92
1377895710, 53.92
1377895714, 53.92
1377895719, 53.88
1377895724, 53.92
1377895729, 53.92
1377895734, 53.92
1377895739, 53.92
1377895744, 53.92
1377895749, 53.92
1377895754, 53.88
1377895759, 53.92
1377895764, 53.92
1377895769, 53.92
1377895774, 53.92
1377895779, 53.92
1377895784, 53.88
1377895789, 53.92
1377895794, 53.92
1377895799, 53.88
1377895804, 53.88
1377895809, 53.92
1377895814, 53.88
1377895819, 53.88
1377895824, 53.88
1377895829, 53.92
1377895834, 53.88
1377895839, 53.88
1377895844, 53.88
1377895849, 53.88
1377895854, 53.88
1377895859, 53.88
1377895864, 53.88
1377895869, 53.88
1377895874, 53.88
1377895879, 53.88
1377895884, 53.88
1377895889, 53.88
1377895894, 53.88
1377895899, 53.88
1377895904, 53.88
1377895909, 53.88
1377895914, 53.88
1377895919, 53.88
1377895924, 53.88
1377895929, 53.88
1377895934, 53.88
1377895939, 53.88
1377895944, 53.88
1377895949, 53.88
1377895954, 53.88
1377895959, 53.88
1377895964, 53.88
1377895969, 53.88
1377895974, 53.85
1377895979, 53.88
1377895984, 53.88
1377895989, 53.85
1377895994, 53.88
1377895999, 53.88
1377896004, 53.85
1377896009, 53.88
1377896014, 53.88
1377896019, 53.85
1377896024, 53.88
1377896029, 53.88
1377896034, 53.85
1377896039, 53.88
1377896044, 53.88
1377896049, 53.88
1377896054, 53.88
1377896059, 53.85
1377896064, 53.88
1377896069, 53.88
1377896074, 53.85
1377896079, 53.88
1377896084, 53.88
1377896089, 53.85
1377896094, 53.85
1377896099, 53.85
1377896104, 53.88
1377896109, 53.85
1377896114, 53.85
1377896119, 53.85
1377896124, 53.85
1377896128, 53.85
1377896134, 53.85
1377896139, 53.88
1377896144, 53.85
1377896149, 53.88
1377896153, 53.85
1377896159, 53.85
1377896164, 53.85
1377896169, 53.85
1377896174, 53.85
1377896179, 53.85
1377896183, 53.85
1377896189, 53.82
1377896194, 53.85
1377896199, 53.82
1377896204, 53.85
1377896209, 53.85
1377896214, 53.82
1377896219, 53.82
1377896224, 53.82
1377896229, 53.82
1377896234, 53.85
1377896239, 53.85
1377896244, 53.82
1377896249, 53.85
1377896254, 53.82
1377896259, 53.82
1377896263, 53.82
1377896269, 53.85
1377896274, 53.85
1377896279, 53.82
1377896284, 53.82
1377896289, 53.82
1377896293, 53.82
1377896299, 53.82
1377896304, 53.85
1377896309, 53.82
1377896314, 53.82
1377896318, 53.82
1377896324, 53.82
1377896329, 53.82
1377896334, 53.82
1377896339, 53.82
1377896343, 53.82
1377896349, 53.82
1377896354, 53.82
1377896359, 53.82
1377896364, 53.82
1377896368, 53.82
1377896374, 53.82
1377896379, 53.82
1377896383, 53.82
1377896388, 53.82
1377896394, 53.82
1377896399, 53.82
1377896404, 53.82
1377896408, 53.82
1377896414, 53.82
1377896419, 53.82
1377896423, 53.82
1377896428, 53.85
1377896433, 53.82
1377896438, 53.82
1377896443, 53.82
1377896449, 53.82
1377896454, 53.82
1377896459, 53.82
1377896463, 53.82
1377896468, 53.82
1377896473, 53.82
1377896479, 53.82
1377896483, 53.82
1377896488, 53.82
1377896494, 53.82
1377896499, 53.82
1377896504, 53.82
1377896508, 53.82
1377896513, 53.82
1377896518, 53.82
1377896523, 53.79
1377896529, 53.82
1377896533, 53.79
1377896538, 53.82
1377896543, 53.82
1377896548, 53.82
1377896553, 53.82
1377896558, 53.82
1377896563, 53.82
1377896568, 53.82
1377896573, 53.82
1377896578, 53.82
1377896584, 53.79
1377896589, 53.79
1377896593, 53.82
1377896598, 53.82
1377896604, 53.82
1377896608, 53.82
1377896613, 53.79
1377896618, 53.79
1377896623, 53.79
1377896629, 53.79
1377896633, 53.82
1377896638, 53.79
1377896643, 53.82
1377896648, 53.82
1377896653, 53.79
1377896658, 53.79
1377896663, 53.79
1377896668, 53.79
1377896673, 53.79
1377896679, 53.79
1377896683, 53.79
1377896688, 53.79
1377896693, 53.82
1377896698, 53.79
1377896703, 53.79
1377896708, 53.79
1377896713, 53.79
1377896719, 53.79
1377896723, 53.79
1377896728, 53.79
1377896733, 53.76
1377896738, 53.79
1377896743, 53.79
1377896748, 53.79
1377896754, 53.79
1377896758, 53.79
1377896763, 53.79
1377896768, 53.79
1377896773, 53.79
1377896778, 53.79
1377896783, 53.76
1377896788, 53.79
1377896793, 53.76
1377896798, 53.79
1377896803, 53.76
1377896808, 53.79
1377896813, 53.76
1377896818, 53.79
1377896823, 53.79
1377896828, 53.76
1377896834, 53.79
1377896838, 53.76
1377896843, 53.76
1377896848, 53.79
1377896853, 53.79
1377896858, 53.79
1377896863, 53.76
1377896868, 53.79
1377896873, 53.76
1377896878, 53.79
1377896883, 53.79
1377896888, 53.79
1377896894, 53.76
1377896898, 53.76
1377896903, 53.76
1377896908, 53.79
1377896913, 53.76
1377896918, 53.79
1377896923, 53.79
1377896929, 53.79
1377896933, 53.76
1377896938, 53.79
1377896943, 53.76
1377896948, 53.76
1377896953, 53.76
1377896958, 53.76
1377896963, 53.76
1377896968, 53.79
1377896973, 53.76
1377896978, 53.76
1377896983, 53.76
1377896988, 53.76
1377896993, 53.79
1377896998, 53.76
1377897003, 53.76
1377897008, 53.76
1377897013, 53.79
1377897018, 53.76
1377897023, 53.79
1377897028, 53.76
1377897033, 53.76
1377897038, 53.76
1377897043, 53.79
1377897048, 53.76
1377897053, 53.76
1377897059, 53.76
1377897063, 53.76
1377897068, 53.76
1377897073, 53.79
1377897078, 53.76
1377897083, 53.76
1377897088, 53.76
1377897093, 53.76
1377897098, 53.76
1377897103, 53.76
1377897108, 53.76
1377897113, 53.76
1377897119, 53.76
1377897123, 53.76
1377897128, 53.79
1377897133, 53.76
1377897138, 53.76
1377897143, 53.79
1377897148, 53.76
1377897153, 53.82
1377897158, 53.76
1377897163, 53.79
1377897168, 53.76
1377897173, 53.76
1377897178, 53.79
1377897183, 53.76
1377897188, 53.79
1377897193, 53.76
1377897198, 53.79
1377897203, 53.76
1377897208, 53.79
1377897213, 53.76
1377897218, 53.79
1377897223, 53.79
1377897228, 53.82
1377897233, 53.79
1377897238, 53.79
1377897243, 53.79
1377897248, 53.79
1377897253, 53.79
1377897258, 53.79
1377897263, 53.76
1377897268, 53.76
1377897273, 53.79
1377897278, 53.79
1377897283, 53.82
1377897288, 53.79
1377897293, 53.79
1377897298, 53.79
1377897303, 53.76
1377897308, 53.79
1377897315, 53.79
1377897318, 53.79
1377897323, 53.79
1377897328, 53.79
1377897333, 53.76
1377897338, 53.76
1377897343, 53.79
1377897348, 53.79
1377897353, 53.76
1377897358, 53.79
1377897363, 53.76
1377897368, 53.79
1377897373, 53.79
1377897378, 53.79
1377897383, 53.79
1377897388, 53.76
1377897393, 53.79
1377897398, 53.79
1377897403, 53.79
1377897408, 53.76
1377897413, 53.79
1377897418, 53.79
1377897423, 53.79
1377897428, 53.76
1377897433, 53.79
1377897438, 53.76
1377897443, 53.79
1377897448, 53.79
1377897453, 53.76
1377897458, 53.76
1377897463, 53.76
1377897468, 53.76
1377897473, 53.79
1377897478, 53.76
1377897483, 53.79
1377897488, 53.79
1377897493, 53.76
1377897498, 53.79
1377897503, 53.76
1377897508, 53.76
1377897513, 53.76
1377897518, 53.76
1377897523, 53.76
1377897528, 53.76
1377897533, 53.79
1377897538, 53.76
1377897543, 53.76
1377897548, 53.76
1377897553, 53.76
1377897558, 53.76
1377897563, 53.76
1377897568, 53.76
1377897573, 53.76
1377897578, 53.76
1377897583, 53.76
1377897588, 53.76
1377897593, 53.76
1377897598, 53.76
1377897603, 53.76
1377897608, 53.76
1377897613, 53.76
1377897618, 53.76
1377897623, 53.76
1377897628, 53.76
1377897633, 53.76
1377897638, 53.76
1377897643, 53.76
1377897648, 53.76
1377897653, 53.76
1377897658, 53.76
1377897663, 53.76
1377897668, 53.76
1377897674, 53.76
1377897678, 53.76
1377897683, 53.76
1377897688, 53.76
1377897693, 53.76
1377897698, 53.76
1377897703, 53.76
1377897708, 53.76
1377897713, 53.76
1377897718, 53.76
1377897723, 53.76
1377897728, 53.76
1377897733, 53.76
1377897738, 53.73
1377897743, 53.76
1377897748, 53.76
1377897753, 53.76
1377897758, 53.76
1377897763, 53.76
1377897768, 53.76
1377897773, 53.76
1377897778, 53.76
1377897783, 53.76
1377897788, 53.76
1377897793, 53.76
1377897798, 53.76
1377897803, 53.76
1377897808, 53.76
1377897813, 53.76
1377897818, 53.76
1377897823, 53.76
1377897828, 53.76
1377897835, 53.76
1377897838, 53.76
1377897843, 53.76
1377897848, 53.76
1377897853, 53.76
1377897858, 53.76
1377897863, 53.76
1377897868, 53.76
1377897873, 53.76
1377897880, 53.76
1377897883, 53.76
1377897888, 53.76
1377897893, 53.76
1377897898, 53.76
1377897903, 53.76
1377897908, 53.76
1377897913, 53.76
1377897918, 53.76
1377897923, 53.76
1377897928, 53.76
1377897933, 53.76
1377897938, 53.76
1377897943, 53.76
1377897948, 53.76
1377897953, 53.76
1377897958, 53.76
1377897963, 53.73
1377897968, 53.73
1377897973, 53.76
1377897979, 53.76
1377897983, 53.76
1377897988, 53.76
1377897994, 53.76
1377897998, 53.76
1377898004, 53.76
1377898008, 53.73
1377898013, 53.73
1377898018, 53.73
1377898023, 53.73
1377898028, 53.76
1377898033, 53.76
1377898038, 53.73
1377898043, 53.73
1377898048, 53.73
1377898054, 53.76
1377898058, 53.76
1377898063, 53.76
1377898068, 53.76
1377898073, 53.76
1377898078, 53.76
1377898083, 53.73
1377898088, 53.73
1377898093, 53.76
1377898098, 53.73
1377898103, 53.76
1377898108, 53.73
1377898113, 53.73
1377898118, 53.76
1377898123, 53.73
1377898128, 53.73
1377898133, 53.76
1377898138, 53.73
1377898143, 53.73
1377898148, 53.73
1377898153, 53.73
1377898158, 53.73
1377898163, 53.73
1377898168, 53.73
1377898173, 53.76
1377898178, 53.73
1377898183, 53.73
1377898188, 53.73
1377898193, 53.76
1377898198, 53.73
1377898203, 53.76
1377898208, 53.73
1377898213, 53.73
1377898218, 53.73
1377898223, 53.73
1377898228, 53.76
1377898233, 53.73
1377898238, 53.73
1377898243, 53.73
1377898248, 53.76
1377898253, 53.73
1377898258, 53.73
1377898263, 53.73
1377898268, 53.73
1377898273, 53.73
1377898278, 53.73
1377898283, 53.73
1377898288, 53.73
1377898293, 53.70
1377898298, 53.73
1377898303, 53.73
1377898308, 53.73
1377898313, 53.73
1377898318, 53.70
1377898323, 53.73
1377898328, 53.73
1377898333, 53.73
1377898338, 53.76
1377898343, 53.73
1377898348, 53.73
1377898353, 53.73
1377898358, 53.70
1377898363, 53.73
1377898368, 53.70
1377898373, 53.73
1377898378, 53.73
1377898383, 53.73
1377898388, 53.73
1377898393, 53.70
1377898398, 53.70
1377898403, 53.73
1377898408, 53.73
1377898413, 53.73
1377898418, 53.70
1377898423, 53.73
1377898428, 53.70
1377898433, 53.73
1377898438, 53.70
1377898443, 53.73
1377898448, 53.73
1377898453, 53.70
1377898458, 53.70
1377898463, 53.73
1377898468, 53.70
1377898473, 53.73
1377898478, 53.70
1377898483, 53.73
1377898488, 53.70
1377898493, 53.73
1377898498, 53.73
1377898503, 53.70
1377898508, 53.73
1377898513, 53.73
1377898518, 53.70
1377898523, 53.73
1377898528, 53.70
1377898533, 53.70
1377898538, 53.70
1377898543, 53.70
1377898548, 53.70
1377898553, 53.70
1377898558, 53.70
1377898563, 53.70
1377898568, 53.73
1377898573, 53.70
1377898578, 53.70
1377898583, 53.70
1377898588, 53.70
1377898593, 53.70
1377898598, 53.73
1377898603, 53.73
1377898608, 53.70
1377898613, 53.70
1377898618, 53.73
1377898623, 53.70
1377898628, 53.73
1377898633, 53.73
1377898638, 53.70
1377898643, 53.70
1377898648, 53.73
1377898653, 53.70
1377898658, 53.70
1377898663, 53.70
1377898668, 53.70
1377898673, 53.70
1377898678, 53.70
1377898683, 53.70
1377898688, 53.70
1377898693, 53.70
1377898698, 53.70
1377898703, 53.70
1377898708, 53.70
1377898713, 53.70
1377898718, 53.70
1377898723, 53.73
1377898729, 53.70
1377898733, 53.70
1377898738, 53.70
1377898743, 53.73
1377898748, 53.70
1377898753, 53.70
1377898758, 53.73
1377898763, 53.70
1377898768, 53.70
1377898773, 53.70
1377898778, 53.70
1377898783, 53.70
1377898788, 53.70
1377898793, 53.70
1377898798, 53.73
1377898803, 53.70
1377898808, 53.70
1377898813, 53.70
1377898818, 53.70
1377898823, 53.70
1377898828, 53.70
1377898833, 53.70
1377898838, 53.70
1377898843, 53.70
1377898848, 53.70
1377898853, 53.70
1377898858, 53.70
1377898863, 53.70
1377898868, 53.70
1377898873, 53.70
1377898878, 53.70
1377898883, 53.70
1377898888, 53.70
1377898893, 53.70
1377898898, 53.70
1377898903, 53.70
1377898908, 53.70
1377898913, 53.70
1377898918, 53.70
1377898923, 53.70
1377898928, 53.70
1377898933, 53.70
1377898938, 53.70
1377898943, 53.70
1377898948, 53.70
1377898953, 53.70
1377898958, 53.70
1377898963, 53.70
1377898968, 53.70
1377898973, 53.70
1377898978, 53.66
1377898983, 53.70
1377898988, 53.70
1377898993, 53.66
1377898998, 53.70
1377899003, 53.70
1377899008, 53.66
1377899013, 53.66
1377899018, 53.70
1377899024, 53.70
1377899028, 53.66
1377899033, 53.66
1377899038, 53.66
1377899043, 53.66
1377899048, 53.66
1377899053, 53.66
1377899058, 53.66
1377899063, 53.66
1377899068, 53.66
1377899073, 53.66
1377899078, 53.66
1377899083, 53.66
1377899088, 53.66
1377899093, 53.66
1377899098, 53.66
1377899103, 53.66
1377899108, 53.66
1377899113, 53.66
1377899118, 53.63
1377899123, 53.63
1377899128, 53.66
1377899133, 53.66
1377899138, 53.66
1377899143, 53.63
1377899148, 53.63
1377899153, 53.63
1377899158, 53.63
1377899163, 53.63
1377899168, 53.63
1377899173, 53.63
1377899178, 53.63
1377899183, 53.63
1377899188, 53.63
1377899193, 53.63
1377899198, 53.63
1377899203, 53.63
1377899208, 53.63
1377899213, 53.63
1377899218, 53.63
1377899223, 53.63
1377899228, 53.63
1377899233, 53.63
1377899238, 53.63
1377899243, 53.60
1377899248, 53.63
1377899253, 53.63
1377899258, 53.63
1377899263, 53.63
1377899268, 53.60
1377899273, 53.63
1377899278, 53.63
1377899283, 53.63
1377899288, 53.60
1377899293, 53.60
1377899298, 53.63
1377899303, 53.60
1377899308, 53.60
1377899313, 53.60
1377899318, 53.60
1377899323, 53.60
1377899328, 53.60
1377899333, 53.60
1377899338, 53.60
1377899343, 53.60
1377899348, 53.60
1377899353, 53.60
1377899358, 53.60
1377899363, 53.60
1377899368, 53.60
1377899373, 53.60
1377899378, 53.60
1377899383, 53.60
1377899388, 53.57
1377899393, 53.60
1377899398, 53.57
1377899403, 53.60
1377899408, 53.57
1377899413, 53.57
1377899418, 53.57
1377899423, 53.57
1377899428, 53.57
1377899433, 53.57
1377899438, 53.57
1377899443, 53.57
1377899448, 53.57
1377899453, 53.57
1377899458, 53.57
1377899463, 53.57
1377899468, 53.57
1377899473, 53.57
1377899478, 53.57
1377899483, 53.57
1377899488, 53.57
1377899493, 53.57
1377899498, 53.57
1377899503, 53.57
1377899508, 53.57
1377899513, 53.57
1377899518, 53.57
1377899523, 53.57
1377899528, 53.57
1377899533, 53.57
1377899538, 53.57
1377899543, 53.57
1377899548, 53.57
1377899553, 53.57
1377899558, 53.57
1377899563, 53.57
1377899568, 53.57
1377899573, 53.57
1377899578, 53.57
1377899583, 53.57
1377899588, 53.57
1377899593, 53.57
1377899598, 53.57
1377899603, 53.54
1377899608, 53.57
1377899613, 53.57
1377899618, 53.57
1377899623, 53.57
1377899628, 53.57
1377899633, 53.57
1377899638, 53.57
1377899643, 53.57
1377899648, 53.57
1377899653, 53.57
1377899658, 53.54
1377899663, 53.57
1377899668, 53.54
1377899673, 53.57
1377899678, 53.57
1377899683, 53.57
1377899688, 53.57
1377899693, 53.57
1377899698, 53.54
1377899703, 53.54
1377899708, 53.54
1377899713, 53.57
1377899718, 53.57
1377899723, 53.54
1377899728, 53.54
1377899733, 53.57
1377899738, 53.57
1377899743, 53.54
1377899748, 53.54
1377899753, 53.54
1377899758, 53.57
1377899763, 53.54
1377899768, 53.57
1377899773, 53.54
1377899778, 53.54
1377899783, 53.54
1377899788, 53.57
1377899793, 53.54
1377899798, 53.54
1377899803, 53.54
1377899808, 53.54
1377899813, 53.54
1377899818, 53.54
1377899823, 53.54
1377899828, 53.54
1377899833, 53.54
1377899838, 53.54
1377899843, 53.54
1377899848, 53.54
1377899853, 53.54
1377899858, 53.54
1377899863, 53.57
1377899868, 53.54
1377899873, 53.57
1377899878, 53.54
1377899883, 53.54
1377899888, 53.54
1377899893, 53.54
1377899898, 53.54
1377899903, 53.54
1377899908, 53.51
1377899913, 53.54
1377899918, 53.51
1377899923, 53.54
1377899928, 53.54
1377899933, 53.54
1377899938, 53.54
1377899943, 53.51
1377899948, 53.51
1377899953, 53.51
1377899958, 53.51
1377899963, 53.54
1377899968, 53.51
1377899974, 53.51
1377899978, 53.51
1377899983, 53.51
1377899988, 53.54
1377899993, 53.51
1377899998, 53.51
1377900003, 53.51
1377900008, 53.54
1377900013, 53.51
1377900018, 53.51
1377900023, 53.51
1377900028, 53.51
1377900033, 53.51
1377900038, 53.51
1377900043, 53.51
1377900049, 53.51
1377900053, 53.51
1377900058, 53.51
1377900063, 53.51
1377900068, 53.51
1377900073, 53.51
1377900078, 53.51
1377900083, 53.51
1377900088, 53.51
1377900093, 53.51
1377900098, 53.51
1377900103, 53.51
1377900108, 53.51
1377900113, 53.51
1377900118, 53.51
1377900123, 53.51
1377900128, 53.51
1377900133, 53.51
1377900138, 53.51
1377900143, 53.51
1377900148, 53.51
1377900153, 53.51
1377900158, 53.51
1377900163, 53.51
1377900168, 53.47
1377900173, 53.51
1377900178, 53.51
1377900183, 53.51
1377900188, 53.47
1377900193, 53.51
1377900198, 53.47
1377900203, 53.51
1377900208, 53.51
1377900213, 53.47
1377900218, 53.51
1377900223, 53.47
1377900228, 53.51
1377900233, 53.47
1377900238, 53.47
1377900243, 53.51
1377900248, 53.51
1377900253, 53.51
1377900258, 53.51
1377900263, 53.47
1377900268, 53.51
1377900273, 53.51
1377900278, 53.51
1377900283, 53.47
1377900288, 53.51
1377900293, 53.51
1377900298, 53.47
1377900303, 53.51
1377900308, 53.47
1377900313, 53.47
1377900318, 53.47
1377900323, 53.51
1377900328, 53.47
1377900333, 53.47
1377900338, 53.47
1377900343, 53.47
1377900348, 53.51
1377900353, 53.47
1377900358, 53.51
1377900363, 53.47
1377900368, 53.47
1377900373, 53.47
1377900378, 53.47
1377900383, 53.47
1377900388, 53.47
1377900393, 53.47
1377900398, 53.51
1377900403, 53.47
1377900408, 53.47
1377900413, 53.47
1377900418, 53.47
1377900423, 53.47
1377900428, 53.47
1377900433, 53.47
1377900438, 53.44
1377900443, 53.47
1377900448, 53.47
1377900453, 53.47
1377900458, 53.47
1377900463, 53.47
1377900470, 53.47
1377900473, 53.47
1377900478, 53.51
1377900483, 53.44
1377900488, 53.47
1377900493, 53.47
1377900498, 53.47
1377900503, 53.47
1377900508, 53.47
1377900513, 53.44
1377900518, 53.47
1377900523, 53.47
1377900528, 53.44
1377900533, 53.47
1377900538, 53.47
1377900543, 53.44
1377900548, 53.44
1377900553, 53.47
1377900558, 53.44
1377900563, 53.47
1377900568, 53.47
1377900573, 53.47
1377900578, 53.47
1377900583, 53.44
1377900588, 53.47
1377900593, 53.47
1377900598, 53.47
1377900603, 53.44
1377900608, 53.44
1377900613, 53.44
1377900618, 53.44
1377900623, 53.44
1377900628, 53.47
1377900634, 53.47
1377900638, 53.44
1377900643, 53.44
1377900648, 53.47
1377900653, 53.47
1377900658, 53.44
1377900663, 53.44
1377900668, 53.44
1377900675, 53.47
1377900678, 53.44
1377900683, 53.47
1377900688, 53.44
1377900693, 53.47
1377900698, 53.44
1377900703, 53.47
1377900708, 53.44
1377900713, 53.47
1377900718, 53.44
1377900723, 53.47
1377900728, 53.44
1377900733, 53.44
1377900738, 53.44
1377900743, 53.44
1377900748, 53.44
1377900753, 53.44
1377900758, 53.47
1377900763, 53.44
1377900768, 53.44
1377900773, 53.44
1377900778, 53.47
1377900783, 53.44
1377900788, 53.44
1377900793, 53.44
1377900798, 53.47
1377900803, 53.44
1377900808, 53.44
1377900813, 53.47
1377900818, 53.44
1377900823, 53.44
1377900828, 53.44
1377900833, 53.44
1377900838, 53.44
1377900843, 53.44
1377900848, 53.44
1377900853, 53.44
1377900858, 53.44
1377900863, 53.44
1377900868, 53.44
1377900873, 53.44
1377900878, 53.44
1377900883, 53.44
1377900888, 53.44
1377900893, 53.44
1377900898, 53.44
1377900903, 53.44
1377900908, 53.44
1377900913, 53.44
1377900918, 53.44
1377900924, 53.44
1377900928, 53.44
1377900933, 53.44
1377900938, 53.44
1377900943, 53.44
1377900948, 53.44
1377900953, 53.44
1377900958, 53.44
1377900963, 53.44
1377900968, 53.44
1377900973, 53.44
1377900978, 53.44
1377900983, 53.44
1377900988, 53.44
1377900993, 53.44
1377900998, 53.44
1377901003, 53.44
1377901008, 53.41
1377901013, 53.44
1377901018, 53.44
1377901023, 53.44
1377901028, 53.44
1377901033, 53.44
1377901038, 53.44
1377901043, 53.44
1377901048, 53.41
1377901053, 53.44
1377901058, 53.44
1377901063, 53.44
1377901068, 53.44
1377901073, 53.44
1377901078, 53.44
1377901083, 53.44
1377901088, 53.44
1377901093, 53.44
1377901098, 53.44
1377901103, 53.44
1377901108, 53.44
1377901113, 53.44
1377901118, 53.44
1377901123, 53.44
1377901128, 53.44
1377901133, 53.44
1377901138, 53.44
1377901143, 53.44
1377901148, 53.44
1377901153, 53.44
1377901158, 53.44
1377901163, 53.44
1377901168, 53.44
1377901173, 53.44
1377901178, 53.44
1377901183, 53.44
1377901188, 53.44
1377901193, 53.44
1377901198, 53.44
1377901203, 53.44
1377901208, 53.44
1377901214, 53.41
1377901218, 53.41
1377901223, 53.44
1377901228, 53.44
1377901233, 53.44
1377901238, 53.44
1377901243, 53.44
1377901248, 53.41
1377901253, 53.44
1377901258, 53.41
1377901263, 53.44
1377901268, 53.44
1377901273, 53.44
1377901278, 53.44
1377901283, 53.44
1377901288, 53.44
1377901293, 53.44
1377901298, 53.44
1377901303, 53.44
1377901308, 53.44
1377901313, 53.41
1377901318, 53.44
1377901323, 53.44
1377901328, 53.41
1377901333, 53.41
1377901338, 53.44
1377901343, 53.41
1377901348, 53.44
1377901353, 53.44
1377901358, 53.44
1377901363, 53.44
1377901368, 53.44
1377901373, 53.44
1377901378, 53.44
1377901383, 53.44
1377901391, 53.44
1377901393, 53.44
1377901398, 53.41
1377901403, 53.44
1377901408, 53.44
1377901413, 53.44
1377901418, 53.44
1377901423, 53.44
1377901428, 53.44
1377901433, 53.44
1377901438, 53.44
1377901443, 53.44
1377901448, 53.44
1377901453, 53.44
1377901458, 53.44
1377901463, 53.44
1377901468, 53.44
1377901473, 53.44
1377901478, 53.44
1377901483, 53.44
1377901488, 53.44
1377901493, 53.44
1377901498, 53.44
1377901503, 53.44
1377901508, 53.44
1377901513, 53.44
1377901518, 53.44
1377901523, 53.44
1377901528, 53.44
1377901533, 53.44
1377901538, 53.44
1377901543, 53.44
1377901548, 53.44
1377901553, 53.44
1377901558, 53.44
1377901563, 53.44
1377901568, 53.44
1377901573, 53.44
1377901578, 53.44
1377901583, 53.44
1377901588, 53.44
1377901593, 53.44
1377901598, 53.44
1377901603, 53.44
1377901608, 53.44
1377901613, 53.44
1377901618, 53.44
1377901623, 53.44
1377901628, 53.44
1377901633, 53.44
1377901638, 53.44
1377901643, 53.44
1377901648, 53.44
1377901653, 53.44
1377901658, 53.44
1377901663, 53.44
1377901668, 53.44
1377901673, 53.44
1377901678, 53.44
1377901683, 53.44
1377901688, 53.44
1377901693, 53.41
1377901698, 53.44
1377901703, 53.44
1377901708, 53.44
1377901713, 53.44
1377901718, 53.44
1377901723, 53.44
1377901728, 53.44
1377901733, 53.44
1377901738, 53.41
1377901743, 53.44
1377901748, 53.44
1377901753, 53.41
1377901758, 53.41
1377901763, 53.44
1377901768, 53.44
1377901773, 53.41
1377901778, 53.44
1377901783, 53.41
1377901788, 53.44
1377901793, 53.41
1377901798, 53.41
1377901803, 53.44
1377901808, 53.44
1377901813, 53.44
1377901818, 53.41
1377901823, 53.41
1377901830, 53.41
1377901833, 53.41
1377901838, 53.41
1377901843, 53.41
1377901848, 53.41
1377901853, 53.44
1377901858, 53.44
1377901863, 53.44
1377901868, 53.44
1377901873, 53.41
1377901878, 53.41
1377901883, 53.44
1377901888, 53.44
1377901893, 53.41
1377901898, 53.41
1377901903, 53.41
1377901908, 53.41
1377901913, 53.41
1377901918, 53.41
1377901923, 53.41
1377901928, 53.41
1377901933, 53.41
1377901938, 53.41
1377901944, 53.41
1377901948, 53.41
1377901953, 53.38
1377901958, 53.41
1377901963, 53.41
1377901968, 53.41
1377901973, 53.41
1377901978, 53.41
1377901983, 53.41
1377901988, 53.41
1377901993, 53.38
1377901998, 53.41
1377902003, 53.38
1377902008, 53.41
1377902013, 53.38
1377902018, 53.41
1377902023, 53.38
1377902028, 53.41
1377902033, 53.41
1377902038, 53.38
1377902043, 53.41
1377902048, 53.38
1377902053, 53.41
1377902058, 53.41
1377902063, 53.41
1377902068, 53.41
1377902073, 53.41
1377902078, 53.38
1377902083, 53.38
1377902088, 53.41
1377902093, 53.41
1377902098, 53.38
1377902103, 53.38
1377902108, 53.38
1377902113, 53.41
1377902118, 53.38
1377902123, 53.38
1377902128, 53.38
1377902133, 53.38
1377902138, 53.38
1377902143, 53.38
1377902150, 53.38
1377902153, 53.38
1377902158, 53.38
1377902163, 53.38
1377902168, 53.38
1377902173, 53.38
1377902178, 53.38
1377902183, 53.38
1377902188, 53.38
1377902193, 53.38
1377902198, 53.38
1377902203, 53.38
1377902208, 53.38
1377902213, 53.38
1377902218, 53.38
1377902223, 53.38
1377902228, 53.38
1377902233, 53.38
1377902238, 53.38
1377902244, 53.35
1377902248, 53.38
1377902253, 53.38
1377902258, 53.38
1377902264, 53.38
1377902268, 53.38
1377902273, 53.38
1377902278, 53.38
1377902283, 53.38
1377902288, 53.38
1377902293, 53.38
1377902298, 53.38
1377902303, 53.38
1377902308, 53.38
1377902313, 53.38
1377902318, 53.38
1377902323, 53.38
1377902328, 53.38
1377902333, 53.38
1377902338, 53.38
1377902343, 53.38
1377902348, 53.38
1377902353, 53.38
1377902358, 53.38
1377902363, 53.38
1377902368, 53.38
1377902373, 53.38
1377902378, 53.38
1377902383, 53.35
1377902388, 53.38
1377902393, 53.38
1377902398, 53.38
1377902403, 53.38
1377902408, 53.38
1377902413, 53.38
1377902418, 53.38
1377902423, 53.38
1377902428, 53.38
1377902433, 53.38
1377902438, 53.38
1377902443, 53.38
1377902448, 53.38
1377902453, 53.38
1377902458, 53.38
1377902463, 53.38
1377902468, 53.38
1377902473, 53.38
1377902478, 53.38
1377902483, 53.38
1377902488, 53.38
1377902493, 53.38
1377902498, 53.38
1377902503, 53.38
1377902508, 53.38
1377902513, 53.38
1377902518, 53.38
1377902523, 53.38
1377902528, 53.38
1377902533, 53.38
1377902538, 53.38
1377902544, 53.38
1377902548, 53.38
1377902553, 53.38
1377902558, 53.38
1377902563, 53.38
1377902568, 53.38
1377902573, 53.35
1377902578, 53.38
1377902583, 53.38
1377902588, 53.38
1377902593, 53.38
1377902598, 53.38
1377902603, 53.38
1377902608, 53.38
1377902613, 53.38
1377902618, 53.38
1377902623, 53.38
1377902628, 53.38
1377902633, 53.38
1377902638, 53.35
1377902643, 53.38
1377902648, 53.38
1377902653, 53.38
1377902658, 53.38
1377902663, 53.38
1377902668, 53.38
1377902673, 53.38
1377902678, 53.38
1377902683, 53.38
1377902688, 53.38
1377902693, 53.38
1377902698, 53.38
1377902703, 53.38
1377902708, 53.38
1377902713, 53.38
1377902718, 53.38
1377902723, 53.38
1377902728, 53.38
1377902733, 53.38
1377902738, 53.38
1377902743, 53.38
1377902748, 53.38
1377902753, 53.35
1377902758, 53.38
1377902763, 53.38
1377902768, 53.38
1377902773, 53.38
1377902778, 53.38
1377902783, 53.38
1377902788, 53.38
1377902793, 53.38
1377902798, 53.38
1377902803, 53.38
1377902808, 53.38
1377902813, 53.38
1377902818, 53.38
1377902824, 53.38
1377902828, 53.38
1377902833, 53.38
1377902838, 53.38
1377902843, 53.38
1377902848, 53.38
1377902853, 53.38
1377902858, 53.38
1377902863, 53.38
1377902868, 53.38
1377902873, 53.38
1377902878, 53.35
1377902883, 53.38
1377902888, 53.38
1377902893, 53.38
1377902898, 53.38
1377902903, 53.35
1377902908, 53.35
1377902913, 53.35
1377902920, 53.35
1377902923, 53.38
1377902928, 53.38
1377902933, 53.35
1377902938, 53.38
1377902943, 53.38
1377902948, 53.38
1377902953, 53.35
1377902958, 53.38
1377902963, 53.35
1377902968, 53.35
1377902973, 53.35
1377902978, 53.35
1377902983, 53.35
1377902988, 53.35
1377902993, 53.38
1377902998, 53.35
1377903003, 53.38
1377903008, 53.38
1377903013, 53.35
1377903018, 53.35
1377903023, 53.35
1377903028, 53.35
1377903033, 53.35
1377903038, 53.38
1377903043, 53.35
1377903048, 53.35
1377903053, 53.35
1377903058, 53.35
1377903063, 53.35
1377903068, 53.38
1377903073, 53.35
1377903078, 53.35
1377903083, 53.35
1377903088, 53.35
1377903093, 53.35
1377903098, 53.35
1377903103, 53.35
1377903108, 53.35
1377903113, 53.35
1377903118, 53.35
1377903123, 53.35
1377903128, 53.32
1377903133, 53.35
1377903138, 53.35
1377903143, 53.35
1377903148, 53.32
1377903153, 53.35
1377903158, 53.35
1377903163, 53.35
1377903168, 53.32
1377903173, 53.35
1377903178, 53.35
1377903183, 53.32
1377903188, 53.35
1377903193, 53.32
1377903198, 53.35
1377903203, 53.32
1377903208, 53.35
1377903213, 53.35
1377903218, 53.32
1377903223, 53.35
1377903228, 53.35
1377903233, 53.35
1377903238, 53.35
1377903243, 53.35
1377903248, 53.32
1377903253, 53.32
1377903258, 53.35
1377903263, 53.35
1377903268, 53.32
1377903273, 53.35
1377903278, 53.35
1377903284, 53.32
1377903288, 53.32
1377903293, 53.32
1377903298, 53.32
1377903303, 53.32
1377903308, 53.32
1377903313, 53.32
1377903318, 53.32
1377903323, 53.32
1377903328, 53.35
1377903333, 53.32
1377903338, 53.32
1377903343, 53.32
1377903348, 53.32
1377903353, 53.32
1377903358, 53.32
1377903363, 53.32
1377903368, 53.32
1377903373, 53.35
1377903378, 53.32
1377903383, 53.32
1377903388, 53.32
1377903393, 53.32
1377903398, 53.32
1377903403, 53.32
1377903408, 53.32
1377903413, 53.32
1377903418, 53.32
1377903423, 53.32
1377903428, 53.32
1377903433, 53.32
1377903438, 53.32
1377903443, 53.32
1377903448, 53.32
1377903453, 53.32
1377903458, 53.32
1377903463, 53.32
1377903468, 53.32
1377903473, 53.32
1377903478, 53.32
1377903483, 53.32
1377903488, 53.32
1377903493, 53.32
1377903498, 53.32
1377903503, 53.32
1377903508, 53.28
1377903513, 53.32
1377903518, 53.32
1377903523, 53.32
1377903528, 53.32
1377903533, 53.32
1377903538, 53.32
1377903543, 53.32
1377903548, 53.28
1377903553, 53.32
1377903558, 53.32
1377903563, 53.32
1377903568, 53.32
1377903573, 53.32
1377903578, 53.32
1377903583, 53.32
1377903588, 53.32
1377903593, 53.28
1377903598, 53.32
1377903603, 53.32
1377903608, 53.28
1377903613, 53.32
1377903618, 53.32
1377903623, 53.32
1377903628, 53.32
1377903633, 53.32
1377903638, 53.32
1377903643, 53.32
1377903648, 53.32
1377903654, 53.32
1377903658, 53.28
1377903663, 53.28
1377903668, 53.32
1377903673, 53.32
1377903678, 53.32
1377903683, 53.32
1377903688, 53.32
1377903693, 53.32
1377903698, 53.32
1377903703, 53.28
1377903708, 53.32
1377903713, 53.28
1377903718, 53.32
1377903723, 53.32
1377903728, 53.32
1377903733, 53.32
1377903738, 53.32
1377903743, 53.28
1377903748, 53.32
1377903753, 53.32
1377903758, 53.32
1377903763, 53.32
1377903768, 53.32
1377903773, 53.28
1377903778, 53.28
1377903783, 53.32
1377903788, 53.32
1377903793, 53.28
1377903798, 53.28
1377903803, 53.32
1377903808, 53.32
1377903813, 53.32
1377903818, 53.32
1377903823, 53.32
1377903828, 53.32
1377903833, 53.32
1377903838, 53.32
1377903843, 53.32
1377903848, 53.32
1377903853, 53.32
1377903858, 53.32
1377903863, 53.32
1377903868, 53.28
1377903873, 53.32
1377903878, 53.32
1377903883, 53.32
1377903888, 53.32
1377903893, 53.32
1377903898, 53.32
1377903903, 53.32
1377903908, 53.32
1377903913, 53.32
1377903918, 53.32
1377903923, 53.32
1377903928, 53.32
1377903933, 53.32
1377903938, 53.32
1377903943, 53.32
1377903948, 53.32
1377903953, 53.32
1377903958, 53.32
1377903963, 53.32
1377903968, 53.32
1377903973, 53.32
1377903978, 53.32
1377903983, 53.32
1377903988, 53.32
1377903993, 53.32
1377903998, 53.32
1377904003, 53.32
1377904008, 53.32
1377904013, 53.32
1377904018, 53.32
1377904023, 53.32
1377904028, 53.32
1377904033, 53.32
1377904038, 53.32
1377904043, 53.35
1377904048, 53.32
1377904053, 53.32
1377904058, 53.32
1377904063, 53.32
1377904068, 53.32
1377904073, 53.32
1377904078, 53.32
1377904083, 53.32
1377904088, 53.32
1377904093, 53.32
1377904098, 53.32
1377904103, 53.32
1377904108, 53.32
1377904113, 53.32
1377904118, 53.32
1377904123, 53.32
1377904128, 53.32
1377904133, 53.32
1377904138, 53.32
1377904143, 53.32
1377904148, 53.32
1377904153, 53.32
1377904158, 53.32
1377904163, 53.32
1377904168, 53.32
1377904173, 53.32
1377904178, 53.32
1377904183, 53.32
1377904188, 53.32
1377904193, 53.32
1377904198, 53.32
1377904203, 53.32
1377904208, 53.32
1377904213, 53.32
1377904218, 53.32
1377904223, 53.32
1377904228, 53.32
1377904233, 53.32
1377904238, 53.32
1377904243, 53.32
1377904248, 53.35
1377904253, 53.32
1377904258, 53.32
1377904263, 53.32
1377904268, 53.32
1377904273, 53.32
1377904278, 53.32
1377904283, 53.32
1377904288, 53.32
1377904293, 53.32
1377904298, 53.32
1377904303, 53.35
1377904308, 53.32
1377904313, 53.32
1377904318, 53.32
1377904323, 53.32
1377904328, 53.32
1377904333, 53.35
1377904338, 53.32
1377904343, 53.32
1377904348, 53.32
1377904353, 53.32
1377904358, 53.32
1377904363, 53.32
1377904368, 53.32
1377904374, 53.32
1377904378, 53.35
1377904383, 53.32
1377904388, 53.32
1377904393, 53.35
1377904398, 53.32
1377904403, 53.32
1377904408, 53.32
1377904413, 53.32
1377904418, 53.32
1377904423, 53.35
1377904428, 53.32
1377904433, 53.32
1377904438, 53.35
1377904443, 53.32
1377904448, 53.32
1377904453, 53.32
1377904459, 53.32
1377904463, 53.32
1377904468, 53.35
1377904473, 53.32
1377904478, 53.32
1377904483, 53.32
1377904488, 53.32
1377904493, 53.32
1377904498, 53.32
1377904503, 53.32
1377904508, 53.35
1377904513, 53.35
1377904518, 53.35
1377904523, 53.35
1377904528, 53.32
1377904533, 53.32
1377904538, 53.35
1377904543, 53.35
1377904548, 53.32
1377904553, 53.32
1377904558, 53.32
1377904563, 53.35
1377904568, 53.32
1377904573, 53.35
1377904578, 53.35
1377904583, 53.32
1377904588, 53.32
1377904593, 53.35
1377904598, 53.32
1377904603, 53.35
1377904608, 53.35
1377904613, 53.35
1377904618, 53.32
1377904623, 53.32
1377904628, 53.35
1377904633, 53.35
1377904638, 53.32
1377904643, 53.32
1377904648, 53.35
1377904653, 53.35
1377904658, 53.32
1377904663, 53.35
1377904668, 53.35
1377904673, 53.35
1377904678, 53.35
1377904683, 53.35
1377904688, 53.35
1377904693, 53.35
1377904698, 53.35
1377904703, 53.35
1377904708, 53.35
1377904713, 53.35
1377904718, 53.35
1377904723, 53.35
1377904728, 53.35
1377904733, 53.35
1377904738, 53.35
1377904743, 53.35
1377904748, 53.35
1377904753, 53.35
1377904758, 53.32
1377904763, 53.35
1377904768, 53.35
1377904773, 53.35
1377904778, 53.35
1377904783, 53.35
1377904788, 53.35
1377904793, 53.35
1377904798, 53.35
1377904803, 53.35
1377904808, 53.35
1377904813, 53.35
1377904818, 53.35
1377904823, 53.38
1377904828, 53.35
1377904833, 53.35
1377904838, 53.35
1377904843, 53.35
1377904848, 53.35
1377904853, 53.35
1377904858, 53.35
1377904863, 53.35
1377904868, 53.38
1377904873, 53.38
1377904878, 53.32
1377904883, 53.35
1377904888, 53.35
1377904893, 53.35
1377904898, 53.35
1377904903, 53.35
1377904908, 53.35
1377904913, 53.32
1377904918, 53.35
1377904923, 53.35
1377904928, 53.32
1377904933, 53.35
1377904938, 53.35
1377904943, 53.35
1377904948, 53.38
1377904953, 53.35
1377904958, 53.35
1377904963, 53.35
1377904968, 53.38
1377904973, 53.35
1377904978, 53.35
1377904983, 53.35
1377904988, 53.32
1377904993, 53.35
1377904998, 53.35
1377905003, 53.38
1377905008, 53.35
1377905013, 53.38
1377905018, 53.35
1377905023, 53.38
1377905028, 53.35
1377905033, 53.38
1377905038, 53.35
1377905043, 53.38
1377905048, 53.38
1377905053, 53.38
1377905058, 53.35
1377905063, 53.35
1377905068, 53.35
1377905073, 53.38
1377905078, 53.38
1377905083, 53.38
1377905088, 53.38
1377905093, 53.38
1377905102, 53.35
1377905103, 53.35
1377905108, 53.35
1377905113, 53.38
1377905118, 53.38
1377905123, 53.38
1377905128, 53.38
1377905133, 53.35
1377905138, 53.35
1377905143, 53.38
1377905148, 53.38
1377905153, 53.38
1377905158, 53.38
1377905163, 53.35
1377905168, 53.38
1377905173, 53.35
1377905178, 53.38
1377905183, 53.35
1377905188, 53.35
1377905193, 53.38
1377905198, 53.38
1377905203, 53.38
1377905208, 53.38
1377905213, 53.38
1377905218, 53.38
1377905223, 53.38
1377905228, 53.35
1377905233, 53.38
1377905238, 53.35
1377905243, 53.38
1377905248, 53.38
1377905253, 53.35
1377905258, 53.38
1377905263, 53.38
1377905268, 53.35
1377905273, 53.38
1377905278, 53.35
1377905283, 53.38
1377905288, 53.38
1377905293, 53.38
1377905298, 53.35
1377905303, 53.38
1377905308, 53.35
1377905313, 53.38
1377905318, 53.38
1377905323, 53.38
1377905328, 53.35
1377905333, 53.35
1377905338, 53.38
1377905343, 53.38
1377905348, 53.38
1377905353, 53.38
1377905358, 53.38
1377905363, 53.38
1377905368, 53.35
1377905373, 53.38
1377905378, 53.38
1377905383, 53.35
1377905388, 53.38
1377905393, 53.35
1377905398, 53.38
1377905403, 53.38
1377905408, 53.38
1377905413, 53.38
1377905418, 53.38
1377905423, 53.38
1377905428, 53.38
1377905433, 53.38
1377905438, 53.38
1377905443, 53.38
1377905448, 53.38
1377905453, 53.38
1377905458, 53.35
1377905463, 53.35
1377905468, 53.38
1377905473, 53.38
1377905478, 53.38
1377905483, 53.38
1377905488, 53.35
1377905493, 53.35
1377905498, 53.38
1377905503, 53.35
1377905508, 53.38
1377905513, 53.35
1377905518, 53.35
1377905523, 53.35
1377905528, 53.38
1377905533, 53.35
1377905538, 53.35
1377905543, 53.38
1377905548, 53.35
1377905553, 53.35
1377905558, 53.35
1377905563, 53.35
1377905568, 53.35
1377905573, 53.35
1377905578, 53.38
1377905583, 53.35
1377905588, 53.35
1377905593, 53.35
1377905598, 53.35
1377905603, 53.35
1377905608, 53.35
1377905613, 53.35
1377905618, 53.35
1377905623, 53.35
1377905628, 53.35
1377905633, 53.32
1377905638, 53.35
1377905643, 53.35
1377905648, 53.35
1377905653, 53.35
1377905658, 53.32
1377905663, 53.38
1377905668, 53.35
1377905673, 53.35
1377905678, 53.35
1377905683, 53.35
1377905688, 53.35
1377905693, 53.35
1377905698, 53.35
1377905703, 53.32
1377905708, 53.35
1377905713, 53.32
1377905718, 53.35
1377905723, 53.32
1377905728, 53.35
1377905733, 53.32
1377905738, 53.35
1377905743, 53.32
1377905748, 53.35
1377905753, 53.32
1377905758, 53.32
1377905763, 53.35
1377905768, 53.35
1377905773, 53.32
1377905778, 53.35
1377905784, 53.32
1377905788, 53.32
1377905793, 53.32
1377905798, 53.32
1377905803, 53.32
1377905808, 53.32
1377905813, 53.32
1377905818, 53.32
1377905823, 53.35
1377905829, 53.32
1377905833, 53.32
1377905838, 53.32
1377905843, 53.32
1377905848, 53.32
1377905853, 53.32
1377905858, 53.35
1377905863, 53.32
1377905868, 53.32
1377905873, 53.32
1377905878, 53.32
1377905883, 53.32
1377905888, 53.32
1377905893, 53.32
1377905898, 53.32
1377905903, 53.32
1377905908, 53.32
1377905913, 53.32
1377905918, 53.32
1377905923, 53.32
1377905928, 53.32
1377905933, 53.32
1377905938, 53.32
1377905943, 53.32
1377905948, 53.32
1377905953, 53.32
1377905958, 53.32
1377905963, 53.32
1377905968, 53.32
1377905973, 53.32
1377905978, 53.32
1377905983, 53.32
1377905988, 53.32
1377905993, 53.32
1377905998, 53.32
1377906003, 53.32
1377906008, 53.32
1377906013, 53.32
1377906018, 53.32
1377906023, 53.32
1377906028, 53.32
1377906033, 53.32
1377906038, 53.32
1377906043, 53.32
1377906048, 53.32
1377906053, 53.32
1377906058, 53.32
1377906063, 53.32
1377906068, 53.32
1377906073, 53.32
1377906078, 53.32
1377906083, 53.32
1377906088, 53.32
1377906093, 53.32
1377906098, 53.28
1377906103, 53.32
1377906108, 53.32
1377906113, 53.28
1377906118, 53.32
1377906123, 53.32
1377906128, 53.32
1377906133, 53.32
1377906138, 53.28
1377906143, 53.28
1377906148, 53.28
1377906153, 53.28
1377906158, 53.32
1377906163, 53.28
1377906168, 53.28
1377906173, 53.28
1377906178, 53.28
1377906183, 53.32
1377906188, 53.28
1377906193, 53.28
1377906198, 53.25
1377906203, 53.28
1377906208, 53.25
1377906213, 53.32
1377906218, 53.28
1377906223, 53.28
1377906229, 53.28
1377906233, 53.25
1377906238, 53.28
1377906243, 53.25
1377906248, 53.28
1377906253, 53.28
1377906258, 53.25
1377906263, 53.25
1377906268, 53.25
1377906273, 53.28
1377906278, 53.28
1377906283, 53.25
1377906288, 53.28
1377906293, 53.25
1377906298, 53.25
1377906303, 53.25
1377906308, 53.28
1377906313, 53.25
1377906318, 53.25
1377906323, 53.25
1377906328, 53.25
1377906333, 53.25
1377906338, 53.25
1377906343, 53.25
1377906348, 53.25
1377906353, 53.25
1377906358, 53.25
1377906363, 53.25
1377906368, 53.25
1377906373, 53.25
1377906378, 53.25
1377906383, 53.25
1377906388, 53.25
1377906393, 53.25
1377906398, 53.25
1377906403, 53.25
1377906408, 53.25
1377906413, 53.25
1377906418, 53.25
1377906423, 53.25
1377906428, 53.25
1377906433, 53.25
1377906438, 53.25
1377906443, 53.25
1377906448, 53.25
1377906453, 53.25
1377906458, 53.25
1377906463, 53.25
1377906468, 53.25
1377906473, 53.25
1377906478, 53.25
1377906483, 53.25
1377906488, 53.22
1377906493, 53.25
1377906498, 53.25
1377906503, 53.25
1377906508, 53.22
1377906513, 53.22
1377906518, 53.25
1377906523, 53.25
1377906528, 53.25
1377906533, 53.22
1377906538, 53.25
1377906543, 53.25
1377906548, 53.22
1377906553, 53.22
1377906558, 53.22
1377906563, 53.25
1377906568, 53.22
1377906573, 53.22
1377906578, 53.22
1377906583, 53.25
1377906588, 53.25
1377906593, 53.25
1377906598, 53.25
1377906603, 53.25
1377906608, 53.22
1377906613, 53.25
1377906618, 53.22
1377906623, 53.25
1377906628, 53.22
1377906633, 53.25
1377906638, 53.22
1377906643, 53.22
1377906648, 53.22
1377906653, 53.25
1377906658, 53.22
1377906663, 53.25
1377906668, 53.22
1377906673, 53.22
1377906678, 53.22
1377906683, 53.25
1377906688, 53.22
1377906693, 53.22
1377906698, 53.22
1377906703, 53.22
1377906708, 53.22
1377906713, 53.22
1377906718, 53.25
1377906723, 53.25
1377906728, 53.22
1377906733, 53.25
1377906738, 53.22
1377906743, 53.25
1377906748, 53.22
1377906753, 53.22
1377906758, 53.22
1377906763, 53.25
1377906768, 53.25
1377906773, 53.25
1377906778, 53.25
1377906783, 53.22
1377906788, 53.22
1377906793, 53.25
1377906798, 53.22
1377906803, 53.25
1377906808, 53.22
1377906813, 53.22
1377906818, 53.22
1377906824, 53.25
1377906828, 53.22
1377906833, 53.22
1377906838, 53.22
1377906843, 53.22
1377906848, 53.22
1377906853, 53.22
1377906858, 53.22
1377906863, 53.22
1377906868, 53.25
1377906873, 53.22
1377906878, 53.22
1377906883, 53.25
1377906888, 53.19
1377906893, 53.22
1377906898, 53.22
1377906903, 53.22
1377906908, 53.25
1377906913, 53.25
1377906918, 53.22
1377906923, 53.22
1377906928, 53.22
1377906933, 53.22
1377906938, 53.22
1377906943, 53.25
1377906948, 53.22
1377906953, 53.22
1377906958, 53.22
1377906963, 53.22
1377906968, 53.22
1377906973, 53.22
1377906978, 53.22
1377906983, 53.25
1377906988, 53.22
1377906993, 53.22
1377906998, 53.25
1377907003, 53.22
1377907008, 53.22
1377907013, 53.22
1377907018, 53.25
1377907023, 53.22
1377907028, 53.25
1377907033, 53.22
1377907038, 53.22
1377907043, 53.22
1377907048, 53.22
1377907053, 53.22
1377907058, 53.22
1377907063, 53.25
1377907068, 53.25
1377907073, 53.25
1377907078, 53.22
1377907083, 53.22
1377907088, 53.25
1377907093, 53.22
1377907098, 53.25
1377907103, 53.22
1377907108, 53.22
1377907113, 53.22
1377907118, 53.22
1377907123, 53.25
1377907128, 53.25
1377907133, 53.22
1377907138, 53.25
1377907143, 53.22
1377907148, 53.22
1377907153, 53.22
1377907158, 53.22
1377907163, 53.22
1377907168, 53.22
1377907173, 53.22
1377907178, 53.25
1377907183, 53.22
1377907188, 53.25
1377907193, 53.25
1377907198, 53.25
1377907203, 53.25
1377907208, 53.22
1377907213, 53.25
1377907218, 53.25
1377907223, 53.25
1377907228, 53.22
1377907233, 53.22
1377907238, 53.25
1377907243, 53.25
1377907248, 53.25
1377907253, 53.22
1377907258, 53.25
1377907263, 53.25
1377907268, 53.25
1377907273, 53.25
1377907278, 53.22
1377907283, 53.22
1377907288, 53.25
1377907293, 53.25
1377907298, 53.25
1377907303, 53.22
1377907308, 53.25
1377907313, 53.25
1377907318, 53.25
1377907323, 53.25
1377907328, 53.22
1377907333, 53.25
1377907338, 53.25
1377907343, 53.25
1377907348, 53.25
1377907353, 53.25
1377907358, 53.25
1377907363, 53.25
1377907368, 53.25
1377907373, 53.22
1377907378, 53.22
1377907383, 53.25
1377907388, 53.25
1377907393, 53.25
1377907398, 53.25
1377907403, 53.25
1377907408, 53.22
1377907413, 53.22
1377907418, 53.25
1377907423, 53.25
1377907428, 53.25
1377907433, 53.25
1377907438, 53.25
1377907443, 53.22
1377907448, 53.22
1377907453, 53.25
1377907458, 53.22
1377907463, 53.25
1377907468, 53.25
1377907473, 53.25
1377907478, 53.25
1377907483, 53.25
1377907488, 53.22
1377907493, 53.25
1377907498, 53.25
1377907503, 53.25
1377907508, 53.22
1377907513, 53.25
1377907518, 53.25
1377907523, 53.25
1377907528, 53.25
1377907533, 53.25
1377907538, 53.25
1377907543, 53.22
1377907548, 53.22
1377907553, 53.25
1377907558, 53.25
1377907563, 53.22
1377907568, 53.25
1377907573, 53.25
1377907578, 53.22
1377907583, 53.25
1377907588, 53.25
1377907593, 53.25
1377907598, 53.25
1377907603, 53.25
1377907608, 53.25
1377907613, 53.25
1377907618, 53.22
1377907623, 53.22
1377907628, 53.22
1377907633, 53.22
1377907638, 53.22
1377907643, 53.22
1377907648, 53.22
1377907653, 53.22
1377907658, 53.22
1377907663, 53.25
1377907668, 53.25
1377907673, 53.25
1377907678, 53.22
1377907683, 53.25
1377907688, 53.22
1377907693, 53.22
1377907698, 53.22
1377907703, 53.22
1377907708, 53.22
1377907713, 53.25
1377907718, 53.22
1377907723, 53.22
1377907728, 53.22
1377907733, 53.22
1377907738, 53.22
1377907743, 53.22
1377907748, 53.19
1377907753, 53.22
1377907758, 53.19
1377907763, 53.22
1377907768, 53.22
1377907773, 53.22
1377907778, 53.22
1377907783, 53.19
1377907788, 53.22
1377907793, 53.19
1377907798, 53.19
1377907803, 53.22
1377907808, 53.22
1377907813, 53.19
1377907818, 53.19
1377907823, 53.22
1377907828, 53.22
1377907833, 53.22
1377907838, 53.19
1377907843, 53.22
1377907848, 53.22
1377907853, 53.19
1377907858, 53.22
1377907863, 53.22
1377907868, 53.19
1377907873, 53.19
1377907878, 53.22
1377907883, 53.19
1377907888, 53.19
1377907893, 53.22
1377907898, 53.19
1377907903, 53.19
1377907908, 53.19
1377907913, 53.19
1377907918, 53.19
1377907923, 53.19
1377907928, 53.19
1377907933, 53.19
1377907938, 53.19
1377907943, 53.19
1377907948, 53.19
1377907953, 53.19
1377907958, 53.19
1377907963, 53.19
1377907968, 53.19
1377907973, 53.19
1377907978, 53.19
1377907983, 53.19
1377907988, 53.19
1377907993, 53.19
1377907998, 53.19
1377908003, 53.19
1377908008, 53.19
1377908013, 53.19
1377908018, 53.19
1377908023, 53.19
1377908028, 53.19
1377908033, 53.19
1377908038, 53.19
1377908043, 53.19
1377908048, 53.19
1377908053, 53.19
1377908058, 53.19
1377908063, 53.19
1377908068, 53.19
1377908073, 53.19
1377908078, 53.19
1377908083, 53.19
1377908088, 53.19
1377908093, 53.19
1377908098, 53.19
1377908103, 53.19
1377908108, 53.19
1377908113, 53.19
1377908118, 53.19
1377908123, 53.19
1377908128, 53.19
1377908133, 53.19
1377908138, 53.19
1377908143, 53.19
1377908148, 53.19
1377908153, 53.19
1377908158, 53.19
1377908163, 53.19
1377908168, 53.19
1377908173, 53.19
1377908178, 53.16
1377908183, 53.19
1377908188, 53.19
1377908193, 53.19
1377908198, 53.19
1377908203, 53.19
1377908208, 53.19
1377908213, 53.19
1377908218, 53.19
1377908223, 53.19
1377908228, 53.19
1377908233, 53.19
1377908238, 53.19
1377908243, 53.19
1377908248, 53.19
1377908253, 53.19
1377908258, 53.19
1377908263, 53.19
1377908268, 53.19
1377908273, 53.19
1377908278, 53.19
1377908283, 53.19
1377908288, 53.19
1377908293, 53.19
1377908298, 53.19
1377908303, 53.19
1377908308, 53.19
1377908313, 53.19
1377908318, 53.19
1377908323, 53.19
1377908328, 53.19
1377908333, 53.19
1377908338, 53.19
1377908343, 53.19
1377908348, 53.19
1377908353, 53.19
1377908358, 53.19
1377908363, 53.19
1377908368, 53.19
1377908373, 53.19
1377908378, 53.19
1377908383, 53.16
1377908388, 53.19
1377908393, 53.19
1377908398, 53.19
1377908403, 53.19
1377908408, 53.19
1377908413, 53.16
1377908418, 53.19
1377908423, 53.19
1377908428, 53.19
1377908433, 53.19
1377908438, 53.19
1377908443, 53.19
1377908448, 53.19
1377908453, 53.19
1377908458, 53.19
1377908463, 53.19
1377908468, 53.16
1377908473, 53.19
1377908478, 53.16
1377908483, 53.19
1377908488, 53.19
1377908493, 53.19
1377908498, 53.19
1377908503, 53.19
1377908508, 53.19
1377908513, 53.19
1377908518, 53.19
1377908523, 53.19
1377908528, 53.19
1377908533, 53.19
1377908538, 53.16
1377908543, 53.19
1377908548, 53.19
1377908553, 53.16
1377908558, 53.19
1377908563, 53.19
1377908568, 53.19
1377908573, 53.19
1377908578, 53.19
1377908583, 53.19
1377908588, 53.19
1377908593, 53.19
1377908598, 53.19
1377908603, 53.19
1377908608, 53.19
1377908613, 53.19
1377908618, 53.19
1377908623, 53.19
1377908628, 53.19
1377908633, 53.19
1377908638, 53.19
1377908643, 53.19
1377908648, 53.19
1377908653, 53.19
1377908658, 53.19
1377908663, 53.19
1377908668, 53.16
1377908673, 53.19
1377908678, 53.19
1377908683, 53.19
1377908688, 53.19
1377908693, 53.19
1377908698, 53.19
1377908703, 53.19
1377908708, 53.19
1377908713, 53.19
1377908718, 53.19
1377908723, 53.19
1377908728, 53.19
1377908733, 53.19
1377908738, 53.19
1377908743, 53.19
1377908748, 53.19
1377908753, 53.19
1377908758, 53.19
1377908763, 53.19
1377908768, 53.19
1377908773, 53.19
1377908778, 53.19
1377908783, 53.19
1377908788, 53.19
1377908793, 53.19
1377908798, 53.16
1377908803, 53.19
1377908808, 53.19
1377908813, 53.19
1377908818, 53.19
1377908823, 53.19
1377908828, 53.19
1377908833, 53.19
1377908838, 53.19
1377908843, 53.19
1377908848, 53.19
1377908853, 53.19
1377908858, 53.19
1377908863, 53.19
1377908868, 53.19
1377908873, 53.19
1377908878, 53.19
1377908883, 53.19
1377908888, 53.19
1377908893, 53.19
1377908898, 53.19
1377908903, 53.19
1377908908, 53.19
1377908913, 53.19
1377908918, 53.16
1377908923, 53.19
1377908928, 53.19
1377908933, 53.19
1377908938, 53.19
1377908943, 53.19
1377908948, 53.19
1377908953, 53.19
1377908958, 53.19
1377908963, 53.19
1377908968, 53.16
1377908973, 53.19
1377908978, 53.19
1377908983, 53.19
1377908988, 53.19
1377908993, 53.19
1377908998, 53.19
1377909003, 53.19
1377909008, 53.16
1377909013, 53.19
1377909018, 53.19
1377909023, 53.16
1377909028, 53.16
1377909033, 53.19
1377909038, 53.19
1377909043, 53.16
1377909048, 53.19
1377909053, 53.19
1377909058, 53.16
1377909063, 53.19
1377909068, 53.19
1377909073, 53.19
1377909078, 53.19
1377909083, 53.16
1377909088, 53.19
1377909093, 53.19
1377909098, 53.16
1377909103, 53.19
1377909108, 53.19
1377909113, 53.19
1377909118, 53.19
1377909123, 53.19
1377909128, 53.19
1377909133, 53.19
1377909138, 53.19
1377909143, 53.19
1377909148, 53.19
1377909153, 53.19
1377909158, 53.19
1377909163, 53.19
1377909168, 53.19
1377909173, 53.19
1377909178, 53.19
1377909183, 53.19
1377909188, 53.19
1377909193, 53.19
1377909198, 53.19
1377909203, 53.19
1377909208, 53.19
1377909213, 53.19
1377909218, 53.16
1377909223, 53.19
1377909228, 53.19
1377909233, 53.16
1377909238, 53.19
1377909243, 53.19
1377909248, 53.19
1377909253, 53.16
1377909258, 53.19
1377909263, 53.19
1377909268, 53.19
1377909273, 53.16
1377909278, 53.19
1377909283, 53.16
1377909288, 53.19
1377909293, 53.16
1377909298, 53.19
1377909303, 53.19
1377909308, 53.16
1377909313, 53.19
1377909318, 53.19
1377909323, 53.19
1377909328, 53.16
1377909333, 53.16
1377909338, 53.16
1377909343, 53.19
1377909348, 53.19
1377909353, 53.19
1377909358, 53.19
1377909363, 53.19
1377909368, 53.16
1377909373, 53.16
1377909378, 53.16
1377909383, 53.16
1377909388, 53.19
1377909393, 53.19
1377909398, 53.16
1377909403, 53.19
1377909408, 53.16
1377909413, 53.19
1377909418, 53.16
1377909423, 53.19
1377909428, 53.16
1377909433, 53.16
1377909438, 53.16
1377909443, 53.16
1377909448, 53.16
1377909453, 53.16
1377909458, 53.16
1377909463, 53.19
1377909468, 53.16
1377909473, 53.16
1377909478, 53.16
1377909483, 53.16
1377909488, 53.19
1377909493, 53.16
1377909498, 53.16
1377909503, 53.19
1377909508, 53.16
1377909513, 53.16
1377909518, 53.16
1377909525, 53.16
1377909528, 53.19
1377909533, 53.19
1377909538, 53.16
1377909543, 53.19
1377909548, 53.16
1377909553, 53.16
1377909558, 53.16
1377909563, 53.16
1377909568, 53.16
1377909573, 53.16
1377909578, 53.19
1377909583, 53.16
1377909588, 53.13
1377909593, 53.16
1377909598, 53.16
1377909603, 53.13
1377909608, 53.13
1377909613, 53.16
1377909618, 53.16
1377909623, 53.16
1377909628, 53.13
1377909633, 53.19
1377909638, 53.16
1377909643, 53.16
1377909648, 53.16
1377909653, 53.16
1377909658, 53.16
1377909663, 53.16
1377909668, 53.16
1377909673, 53.16
1377909678, 53.16
1377909683, 53.16
1377909688, 53.16
1377909693, 53.16
1377909698, 53.16
1377909703, 53.16
1377909708, 53.16
1377909713, 53.16
1377909718, 53.16
1377909723, 53.16
1377909728, 53.16
1377909733, 53.19
1377909738, 53.16
1377909743, 53.16
1377909748, 53.16
1377909753, 53.16
1377909758, 53.16
1377909763, 53.16
1377909768, 53.16
1377909773, 53.16
1377909778, 53.16
1377909783, 53.16
1377909788, 53.16
1377909793, 53.16
1377909798, 53.16
1377909803, 53.16
1377909808, 53.16
1377909813, 53.16
1377909818, 53.16
1377909823, 53.19
1377909828, 53.16
1377909833, 53.16
1377909838, 53.16
1377909843, 53.16
1377909848, 53.16
1377909853, 53.16
1377909858, 53.13
1377909863, 53.16
1377909868, 53.16
1377909873, 53.16
1377909878, 53.16
1377909883, 53.19
1377909888, 53.16
1377909893, 53.16
1377909898, 53.19
1377909903, 53.16
1377909908, 53.16
1377909913, 53.19
1377909918, 53.16
1377909923, 53.13
1377909928, 53.16
1377909933, 53.16
1377909938, 53.16
1377909943, 53.16
1377909948, 53.16
1377909953, 53.16
1377909958, 53.16
1377909963, 53.16
1377909968, 53.16
1377909973, 53.16
1377909978, 53.16
1377909983, 53.16
1377909988, 53.16
1377909993, 53.16
1377909998, 53.16
1377910003, 53.16
1377910008, 53.16
1377910013, 53.16
1377910018, 53.16
1377910023, 53.16
1377910028, 53.16
1377910033, 53.16
1377910038, 53.19
1377910043, 53.19
1377910048, 53.19
1377910053, 53.16
1377910058, 53.16
1377910063, 53.16
1377910068, 53.16
1377910073, 53.16
1377910078, 53.13
1377910083, 53.16
1377910088, 53.16
1377910093, 53.16
1377910098, 53.16
1377910103, 53.16
1377910108, 53.16
1377910113, 53.16
1377910118, 53.16
1377910123, 53.16
1377910128, 53.16
1377910133, 53.16
1377910138, 53.16
1377910143, 53.19
1377910148, 53.16
1377910153, 53.19
1377910158, 53.16
1377910163, 53.16
1377910168, 53.16
1377910173, 53.16
1377910178, 53.16
1377910183, 53.16
1377910188, 53.19
1377910193, 53.16
1377910198, 53.16
1377910203, 53.16
1377910208, 53.16
1377910213, 53.16
1377910218, 53.16
1377910223, 53.16
1377910228, 53.13
1377910233, 53.16
1377910238, 53.16
1377910243, 53.16
1377910248, 53.16
1377910253, 53.16
1377910258, 53.16
1377910263, 53.16
1377910268, 53.16
1377910273, 53.16
1377910278, 53.16
1377910283, 53.16
1377910288, 53.13
1377910293, 53.16
1377910298, 53.16
1377910303, 53.13
1377910308, 53.16
1377910313, 53.16
1377910318, 53.19
1377910323, 53.16
1377910328, 53.16
1377910333, 53.16
1377910338, 53.13
1377910343, 53.19
1377910348, 53.16
1377910353, 53.16
1377910358, 53.16
1377910363, 53.13
1377910368, 53.16
1377910373, 53.16
1377910378, 53.16
1377910383, 53.16
1377910388, 53.16
1377910393, 53.13
1377910398, 53.16
1377910403, 53.16
1377910408, 53.16
1377910413, 53.16
1377910418, 53.16
1377910423, 53.16
1377910428, 53.16
1377910433, 53.13
1377910438, 53.16
1377910443, 53.16
1377910448, 53.16
1377910453, 53.16
1377910458, 53.16
1377910463, 53.16
1377910468, 53.13
1377910473, 53.13
1377910478, 53.13
1377910483, 53.13
1377910488, 53.16
1377910493, 53.13
1377910498, 53.13
1377910503, 53.13
1377910508, 53.13
1377910513, 53.13
1377910518, 53.13
1377910523, 53.13
1377910528, 53.13
1377910533, 53.13
1377910538, 53.13
1377910543, 53.13
1377910548, 53.13
1377910553, 53.13
1377910558, 53.13
1377910563, 53.13
1377910568, 53.13
1377910573, 53.13
1377910578, 53.13
1377910583, 53.13
1377910588, 53.13
1377910593, 53.13
1377910598, 53.13
1377910603, 53.13
1377910608, 53.13
1377910613, 53.13
1377910618, 53.13
1377910623, 53.13
1377910628, 53.10
1377910633, 53.13
1377910638, 53.10
1377910643, 53.13
1377910648, 53.13
1377910653, 53.13
1377910658, 53.13
1377910663, 53.13
1377910668, 53.10
1377910673, 53.13
1377910679, 53.13
1377910683, 53.10
1377910688, 53.13
1377910693, 53.13
1377910698, 53.13
1377910703, 53.13
1377910708, 53.13
1377910713, 53.13
1377910718, 53.10
1377910723, 53.10
1377910728, 53.13
1377910733, 53.10
1377910738, 53.13
1377910743, 53.10
1377910748, 53.10
1377910753, 53.10
1377910758, 53.13
1377910763, 53.13
1377910768, 53.10
1377910773, 53.10
1377910778, 53.10
1377910783, 53.10
1377910788, 53.06
1377910793, 53.10
1377910798, 53.10
1377910803, 53.06
1377910808, 53.10
1377910813, 53.10
1377910818, 53.10
1377910823, 53.10
1377910829, 53.06
1377910833, 53.10
1377910838, 53.10
1377910843, 53.06
1377910848, 53.10
1377910853, 53.10
1377910858, 53.10
1377910863, 53.10
1377910868, 53.06
1377910873, 53.06
1377910878, 53.06
1377910883, 53.06
1377910888, 53.06
1377910893, 53.06
1377910898, 53.06
1377910903, 53.06
1377910908, 53.06
1377910913, 53.06
1377910918, 53.06
1377910923, 53.06
1377910928, 53.06
1377910933, 53.06
1377910938, 53.06
1377910943, 53.06
1377910948, 53.06
1377910953, 53.06
1377910958, 53.06
1377910963, 53.06
1377910968, 53.06
1377910973, 53.06
1377910978, 53.06
1377910985, 53.06
1377910988, 53.06
1377910993, 53.06
1377910998, 53.06
1377911003, 53.06
1377911008, 53.06
1377911013, 53.06
1377911018, 53.06
1377911023, 53.03
1377911028, 53.06
1377911033, 53.06
1377911038, 53.06
1377911043, 53.03
1377911048, 53.06
1377911053, 53.06
1377911058, 53.06
1377911063, 53.06
1377911068, 53.06
1377911073, 53.06
1377911078, 53.06
1377911083, 53.06
1377911088, 53.06
1377911093, 53.03
1377911098, 53.06
1377911103, 53.06
1377911108, 53.06
1377911113, 53.06
1377911118, 53.03
1377911123, 53.03
1377911128, 53.03
1377911133, 53.06
1377911138, 53.03
1377911143, 53.03
1377911148, 53.03
1377911153, 53.06
1377911158, 53.03
1377911163, 53.06
1377911168, 53.03
1377911173, 53.03
1377911178, 53.03
1377911183, 53.06
1377911188, 53.06
1377911193, 53.06
1377911198, 53.06
1377911203, 53.03
1377911208, 53.03
1377911213, 53.03
1377911218, 53.03
1377911223, 53.03
1377911228, 53.06
1377911233, 53.06
1377911238, 53.00
1377911243, 53.06
1377911248, 53.03
1377911253, 53.06
1377911258, 53.03
1377911263, 53.03
1377911268, 53.06
1377911273, 53.03
1377911278, 53.03
1377911283, 53.03
1377911288, 53.03
1377911293, 53.06
1377911298, 53.03
1377911303, 53.03
1377911308, 53.03
1377911313, 53.03
1377911318, 53.03
1377911323, 53.03
1377911328, 53.03
1377911333, 53.03
1377911338, 53.06
1377911343, 53.03
1377911348, 53.03
1377911353, 53.06
1377911358, 53.06
1377911363, 53.06
1377911368, 53.03
1377911373, 53.03
1377911378, 53.03
1377911383, 53.03
1377911388, 53.03
1377911393, 53.03
1377911398, 53.06
1377911403, 53.03
1377911408, 53.03
1377911413, 53.03
1377911418, 53.03
1377911423, 53.03
1377911428, 53.03
1377911433, 53.06
1377911438, 53.03
1377911443, 53.03
1377911448, 53.03
1377911453, 53.03
1377911458, 53.03
1377911463, 53.03
1377911468, 53.03
1377911473, 53.03
1377911478, 53.03
1377911483, 53.03
1377911488, 53.03
1377911493, 53.03
1377911498, 53.03
1377911503, 53.03
1377911508, 53.03
1377911513, 53.06
1377911518, 53.03
1377911523, 53.03
1377911528, 53.03
1377911533, 53.03
1377911538, 53.03
1377911543, 53.06
1377911548, 53.03
1377911553, 53.03
1377911558, 53.03
1377911563, 53.03
1377911568, 53.03
1377911573, 53.03
1377911578, 53.03
1377911584, 53.03
1377911588, 53.03
1377911593, 53.06
1377911598, 53.06
1377911603, 53.03
1377911608, 53.03
1377911613, 53.03
1377911618, 53.03
1377911623, 53.03
1377911628, 53.03
1377911633, 53.03
1377911638, 53.03
1377911643, 53.03
1377911648, 53.03
1377911653, 53.03
1377911658, 53.06
1377911663, 53.03
1377911668, 53.03
1377911673, 53.03
1377911678, 53.06
1377911683, 53.03
1377911688, 53.03
1377911693, 53.03
1377911698, 53.03
1377911703, 53.03
1377911708, 53.03
1377911713, 53.06
1377911718, 53.06
1377911723, 53.03
1377911728, 53.06
1377911733, 53.03
1377911741, 53.06
1377911743, 53.03
1377911748, 53.03
1377911753, 53.03
1377911758, 53.06
1377911763, 53.06
1377911768, 53.03
1377911773, 53.06
1377911778, 53.06
1377911783, 53.03
1377911788, 53.03
1377911793, 53.03
1377911798, 53.03
1377911803, 53.06
1377911808, 53.06
1377911813, 53.03
1377911818, 53.03
1377911823, 53.03
1377911828, 53.03
1377911833, 53.03
1377911838, 53.03
1377911843, 53.06
1377911848, 53.03
1377911853, 53.03
1377911858, 53.03
1377911863, 53.06
1377911868, 53.03
1377911873, 53.06
1377911878, 53.06
1377911883, 53.06
1377911888, 53.03
1377911893, 53.03
1377911898, 53.03
1377911903, 53.03
1377911908, 53.03
1377911913, 53.00
1377911918, 53.03
1377911923, 53.03
1377911928, 53.03
1377911933, 53.03
1377911938, 53.03
1377911943, 53.06
1377911948, 53.03
1377911953, 53.03
1377911958, 53.03
1377911963, 53.03
1377911968, 53.03
1377911973, 53.06
1377911978, 53.03
1377911983, 53.06
1377911988, 53.03
1377911993, 53.03
1377911998, 53.03
1377912003, 53.03
1377912008, 53.03
1377912013, 53.03
1377912018, 53.00
1377912023, 53.06
1377912028, 53.03
1377912033, 53.06
1377912038, 53.03
1377912043, 53.03
1377912048, 53.03
1377912053, 53.03
1377912058, 53.03
1377912063, 53.03
1377912068, 53.03
1377912073, 53.03
1377912078, 53.00
1377912083, 53.03
1377912088, 53.06
1377912093, 53.03
1377912098, 53.03
1377912103, 53.06
1377912108, 53.03
1377912113, 53.03
1377912118, 53.03
1377912123, 53.06
1377912128, 53.03
1377912133, 53.03
1377912138, 53.03
1377912143, 53.03
1377912148, 53.06
1377912153, 53.03
1377912158, 53.03
1377912163, 53.00
1377912168, 53.03
1377912173, 53.06
1377912179, 53.03
1377912183, 53.03
1377912188, 53.06
1377912193, 53.03
1377912198, 53.03
1377912203, 53.03
1377912208, 53.03
1377912213, 53.06
1377912218, 53.03
1377912223, 53.03
1377912228, 53.03
1377912233, 53.03
1377912238, 53.03
1377912243, 53.03
1377912248, 53.03
1377912253, 53.03
1377912258, 53.03
1377912263, 53.03
1377912268, 53.03
1377912273, 53.03
1377912278, 53.03
1377912283, 53.03
1377912288, 53.03
1377912293, 53.03
1377912298, 53.03
1377912303, 53.03
1377912308, 53.03
1377912313, 53.03
1377912318, 53.06
1377912323, 53.06
1377912328, 53.03
1377912333, 53.06
1377912338, 53.03
1377912343, 53.03
1377912348, 53.06
1377912353, 53.03
1377912358, 53.03
1377912363, 53.03
1377912368, 53.03
1377912373, 53.06
1377912378, 53.03
1377912383, 53.06
1377912388, 53.03
1377912393, 53.03
1377912398, 53.03
1377912403, 53.06
1377912408, 53.03
1377912413, 53.03
1377912418, 53.03
1377912423, 53.06
1377912428, 53.03
1377912433, 53.03
1377912438, 53.03
1377912443, 53.03
1377912448, 53.03
1377912453, 53.03
1377912458, 53.03
1377912463, 53.03
1377912468, 53.03
1377912473, 53.03
1377912482, 53.06
1377912483, 53.03
1377912488, 53.06
1377912493, 53.03
1377912498, 53.03
1377912503, 53.06
1377912508, 53.03
1377912513, 53.03
1377912518, 53.03
1377912523, 53.03
1377912528, 53.03
1377912533, 53.03
1377912538, 53.03
1377912543, 53.03
1377912548, 53.06
1377912553, 53.03
1377912558, 53.03
1377912563, 53.03
1377912568, 53.03
1377912573, 53.03
1377912578, 53.03
1377912583, 53.03
1377912588, 53.03
1377912593, 53.03
1377912598, 53.03
1377912603, 53.03
1377912608, 53.03
1377912613, 53.06
1377912618, 53.03
1377912623, 53.03
1377912628, 53.03
1377912633, 53.06
1377912638, 53.03
1377912643, 53.03
1377912648, 53.03
1377912653, 53.03
1377912658, 53.03
1377912663, 53.03
1377912668, 53.03
1377912673, 53.03
1377912678, 53.03
1377912683, 53.03
1377912688, 53.03
1377912693, 53.03
1377912698, 53.03
1377912703, 53.03
1377912708, 53.00
1377912713, 53.03
1377912718, 53.06
1377912723, 53.03
1377912728, 53.03
1377912733, 53.03
1377912738, 53.03
1377912743, 53.03
1377912748, 53.03
1377912753, 53.03
1377912758, 53.03
1377912763, 53.03
1377912768, 53.03
1377912773, 53.03
1377912778, 53.03
1377912783, 53.00
1377912788, 53.03
1377912793, 53.03
1377912798, 53.00
1377912803, 53.03
1377912808, 53.00
1377912813, 53.03
1377912818, 53.06
1377912823, 53.03
1377912828, 53.03
1377912833, 53.03
1377912838, 53.00
1377912843, 53.03
1377912848, 53.03
1377912853, 53.00
1377912858, 53.03
1377912863, 53.03
1377912868, 53.03
1377912873, 53.03
1377912878, 53.03
1377912883, 53.03
1377912888, 53.03
1377912893, 53.03
1377912898, 53.03
1377912903, 53.03
1377912908, 53.03
1377912913, 53.03
1377912918, 53.03
1377912923, 53.03
1377912928, 53.03
1377912933, 53.03
1377912938, 53.03
1377912943, 53.03
1377912948, 53.03
1377912953, 53.00
1377912958, 53.03
1377912963, 53.03
1377912968, 53.00
1377912973, 53.03
1377912978, 53.03
1377912983, 53.03
1377912988, 53.03
1377912993, 53.03
1377912998, 53.03
1377913003, 53.03
1377913008, 53.03
1377913013, 53.03
1377913018, 53.00
1377913023, 53.03
1377913028, 53.00
1377913033, 53.03
1377913038, 53.03
1377913043, 53.03
1377913048, 53.03
1377913053, 53.03
1377913058, 53.00
1377913063, 53.03
1377913068, 53.03
1377913074, 53.03
1377913078, 53.03
1377913083, 53.03
1377913088, 53.00
1377913093, 53.03
1377913098, 53.03
1377913103, 53.00
1377913108, 53.03
1377913113, 53.00
1377913118, 53.03
1377913123, 53.00
1377913128, 53.00
1377913133, 53.00
1377913138, 53.00
1377913143, 53.00
1377913148, 53.03
1377913153, 53.00
1377913158, 53.00
1377913163, 53.00
1377913168, 53.03
1377913173, 53.00
1377913178, 53.00
1377913183, 53.00
1377913188, 53.00
1377913194, 53.00
1377913198, 53.00
1377913203, 53.00
1377913208, 53.00
1377913213, 53.00
1377913218, 53.00
1377913223, 53.00
1377913228, 53.00
1377913233, 53.00
1377913238, 53.00
1377913243, 53.00
1377913248, 53.00
1377913253, 53.00
1377913258, 53.00
1377913263, 53.00
1377913268, 53.00
1377913273, 53.00
1377913278, 53.00
1377913283, 53.00
1377913288, 53.00
1377913293, 53.00
1377913298, 53.00
1377913303, 53.00
1377913308, 53.00
1377913313, 53.00
1377913318, 53.00
1377913323, 53.00
1377913328, 53.00
1377913333, 53.00
1377913338, 53.00
1377913343, 53.00
1377913348, 53.00
1377913353, 53.00
1377913358, 53.00
1377913363, 53.00
1377913368, 53.00
1377913374, 53.00
1377913378, 53.00
1377913383, 53.00
1377913388, 53.00
1377913393, 53.00
1377913398, 52.97
1377913403, 53.00
1377913408, 53.00
1377913413, 53.00
1377913418, 53.00
1377913423, 53.00
1377913428, 52.97
1377913433, 53.00
1377913438, 53.00
1377913443, 53.00
1377913448, 53.00
1377913453, 53.00
1377913458, 53.00
1377913463, 53.00
1377913468, 53.00
1377913473, 53.00
1377913478, 53.00
1377913483, 53.00
1377913488, 53.00
1377913493, 52.97
1377913498, 53.00
1377913503, 53.00
1377913508, 53.00
1377913513, 53.00
1377913518, 53.00
1377913523, 53.00
1377913528, 53.00
1377913533, 52.97
1377913538, 53.00
1377913543, 52.97
1377913548, 53.00
1377913553, 53.00
1377913558, 53.00
1377913563, 53.00
1377913568, 52.97
1377913573, 53.00
1377913578, 53.00
1377913583, 52.97
1377913588, 53.00
1377913593, 53.00
1377913598, 52.97
1377913603, 53.00
1377913608, 53.00
1377913613, 53.00
1377913618, 53.00
1377913623, 53.00
1377913628, 52.97
1377913633, 52.97
1377913638, 52.97
1377913643, 52.97
1377913648, 53.00
1377913653, 52.97
1377913658, 53.00
1377913663, 52.97
1377913668, 53.00
1377913673, 52.97
1377913678, 53.00
1377913683, 52.97
1377913688, 52.97
1377913693, 52.97
1377913698, 52.97
1377913703, 52.97
1377913708, 52.97
1377913713, 53.00
1377913718, 52.97
1377913723, 52.97
1377913728, 52.97
1377913733, 52.97
1377913738, 52.97
1377913743, 52.97
1377913748, 52.97
1377913753, 52.97
1377913758, 52.97
1377913763, 52.94
1377913768, 52.97
1377913773, 52.97
1377913778, 52.97
1377913783, 53.00
1377913788, 52.97
1377913793, 52.97
1377913798, 52.97
1377913803, 52.94
1377913808, 52.97
1377913813, 52.97
1377913818, 52.97
1377913823, 52.97
1377913828, 52.97
1377913833, 52.97
1377913838, 52.97
1377913843, 52.94
1377913848, 52.97
1377913853, 52.97
1377913858, 52.97
1377913863, 52.97
1377913868, 52.97
1377913873, 52.97
1377913878, 52.97
1377913883, 52.94
1377913888, 52.97
1377913893, 52.94
1377913898, 52.97
1377913903, 52.94
1377913908, 52.94
1377913916, 52.94
1377913918, 52.97
1377913923, 52.97
1377913928, 52.97
1377913933, 52.97
1377913938, 52.97
1377913943, 52.97
1377913948, 52.97
1377913953, 52.97
1377913958, 52.94
1377913963, 52.97
1377913968, 52.94
1377913973, 52.97
1377913978, 52.94
1377913983, 52.97
1377913988, 52.94
1377913993, 52.97
1377913998, 52.97
1377914003, 52.97
1377914008, 52.97
1377914013, 52.94
1377914018, 52.94
1377914023, 52.94
1377914028, 52.94
1377914033, 52.94
1377914038, 52.94
1377914043, 52.97
1377914048, 52.94
1377914053, 52.94
1377914058, 52.97
1377914063, 52.94
1377914068, 52.94
1377914073, 52.94
1377914078, 52.97
1377914083, 52.97
1377914088, 52.94
1377914093, 52.94
1377914098, 52.94
1377914103, 52.94
1377914108, 52.94
1377914113, 52.94
1377914118, 52.94
1377914123, 52.94
1377914128, 52.94
1377914133, 52.94
1377914138, 52.97
1377914143, 52.94
1377914148, 52.94
1377914153, 52.94
1377914158, 52.97
1377914163, 52.94
1377914168, 52.94
1377914173, 52.94
1377914178, 52.94
1377914183, 52.94
1377914188, 52.94
1377914193, 52.94
1377914198, 52.94
1377914203, 52.94
1377914208, 52.94
1377914213, 52.94
1377914218, 52.94
1377914223, 52.94
1377914228, 52.94
1377914233, 52.97
1377914238, 52.94
1377914243, 52.94
1377914248, 52.94
1377914253, 52.94
1377914258, 52.94
1377914263, 52.94
1377914268, 52.94
1377914273, 52.94
1377914278, 52.94
1377914283, 52.94
1377914288, 52.94
1377914293, 52.94
1377914298, 52.94
1377914303, 52.97
1377914308, 52.94
1377914313, 52.94
1377914318, 52.94
1377914323, 52.94
1377914328, 52.94
1377914333, 52.94
1377914338, 52.94
1377914343, 52.94
1377914348, 52.94
1377914353, 52.94
1377914358, 52.97
1377914363, 52.94
1377914368, 52.94
1377914373, 52.94
1377914378, 52.94
1377914383, 52.94
1377914388, 52.97
1377914393, 52.94
1377914398, 52.94
1377914403, 52.94
1377914408, 52.94
1377914413, 52.94
1377914418, 52.94
1377914423, 52.94
1377914428, 52.94
1377914433, 52.94
1377914438, 52.94
1377914443, 52.94
1377914448, 52.94
1377914453, 52.94
1377914458, 52.94
1377914463, 52.94
1377914468, 52.94
1377914473, 52.94
1377914478, 52.94
1377914483, 52.91
1377914488, 52.94
1377914493, 52.94
1377914498, 52.94
1377914503, 52.94
1377914508, 52.94
1377914513, 52.94
1377914518, 52.94
1377914523, 52.94
1377914528, 52.94
1377914533, 52.94
1377914538, 52.94
1377914543, 52.94
1377914548, 52.94
1377914553, 52.94
1377914558, 52.94
1377914563, 52.94
1377914568, 52.94
1377914573, 52.94
1377914578, 52.94
1377914583, 52.94
1377914588, 52.94
1377914593, 52.94
1377914598, 52.94
1377914603, 52.94
1377914608, 52.94
1377914613, 52.94
1377914618, 52.94
1377914623, 52.94
1377914628, 52.94
1377914633, 52.94
1377914638, 52.94
1377914643, 52.94
1377914648, 52.94
1377914653, 52.94
1377914658, 52.91
1377914663, 52.94
1377914668, 52.94
1377914673, 52.94
1377914678, 52.94
1377914683, 52.94
1377914688, 52.94
1377914693, 52.94
1377914698, 52.94
1377914707, 52.94
1377914708, 52.94
1377914713, 52.94
1377914718, 52.94
1377914723, 52.94
1377914728, 52.94
1377914733, 52.94
1377914738, 52.94
1377914743, 52.94
1377914748, 52.94
1377914753, 52.91
1377914758, 52.94
1377914763, 52.94
1377914768, 52.91
1377914773, 52.94
1377914778, 52.94
1377914783, 52.94
1377914788, 52.91
1377914793, 52.91
1377914798, 52.94
1377914803, 52.91
1377914808, 52.94
1377914813, 52.94
1377914818, 52.91
1377914823, 52.94
1377914828, 52.94
1377914833, 52.94
1377914838, 52.94
1377914843, 52.94
1377914848, 52.94
1377914853, 52.94
1377914858, 52.91
1377914863, 52.94
1377914868, 52.91
1377914873, 52.94
1377914878, 52.94
1377914883, 52.94
1377914888, 52.91
1377914893, 52.94
1377914898, 52.94
1377914903, 52.94
1377914908, 52.94
1377914913, 52.94
1377914918, 52.94
1377914923, 52.94
1377914928, 52.94
1377914933, 52.91
1377914938, 52.91
1377914943, 52.94
1377914948, 52.91
1377914953, 52.94
1377914958, 52.94
1377914963, 52.94
1377914968, 52.94
1377914973, 52.94
1377914978, 52.94
1377914983, 52.94
1377914988, 52.94
1377914993, 52.94
1377914998, 52.94
1377915003, 52.94
1377915008, 52.94
1377915013, 52.94
1377915018, 52.91
1377915023, 52.94
1377915028, 52.94
1377915033, 52.94
1377915038, 52.94
1377915043, 52.94
1377915048, 52.94
1377915053, 52.94
1377915058, 52.94
1377915063, 52.94
1377915068, 52.94
1377915073, 52.94
1377915078, 52.94
1377915083, 52.94
1377915088, 52.94
1377915093, 52.94
1377915098, 52.94
1377915103, 52.94
1377915108, 52.94
1377915113, 52.94
1377915118, 52.94
1377915123, 52.94
1377915128, 52.91
1377915133, 52.94
1377915138, 52.94
1377915143, 52.94
1377915148, 52.94
1377915153, 52.94
1377915158, 52.94
1377915163, 52.94
1377915168, 52.94
1377915173, 52.94
1377915178, 52.94
1377915183, 52.94
1377915189, 52.94
1377915193, 52.94
1377915198, 52.91
1377915203, 52.94
1377915208, 52.94
1377915213, 52.94
1377915218, 52.94
1377915223, 52.94
1377915228, 52.94
1377915233, 52.94
1377915238, 52.94
1377915243, 52.94
1377915248, 52.94
1377915253, 52.91
1377915258, 52.91
1377915263, 52.94
1377915268, 52.94
1377915273, 52.94
1377915278, 52.94
1377915283, 52.94
1377915288, 52.94
1377915293, 52.94
1377915298, 52.94
1377915303, 52.91
1377915308, 52.94
1377915313, 52.94
1377915318, 52.91
1377915323, 52.94
1377915328, 52.94
1377915333, 52.94
1377915338, 52.94
1377915343, 52.91
1377915348, 52.91
1377915353, 52.94
1377915358, 52.94
1377915363, 52.94
1377915368, 52.94
1377915373, 52.94
1377915378, 52.94
1377915383, 52.94
1377915388, 52.94
1377915393, 52.94
1377915398, 52.94
1377915403, 52.94
1377915408, 52.94
1377915413, 52.91
1377915418, 52.94
1377915427, 52.94
1377915428, 52.94
1377915433, 52.94
1377915438, 52.91
1377915443, 52.94
1377915448, 52.94
1377915453, 52.91
1377915458, 52.91
1377915463, 52.91
1377915468, 52.94
1377915473, 52.94
1377915478, 52.94
1377915483, 52.94
1377915488, 52.94
1377915493, 52.94
1377915498, 52.94
1377915503, 52.91
1377915508, 52.94
1377915513, 52.94
1377915518, 52.91
1377915523, 52.91
1377915528, 52.94
1377915533, 52.94
1377915538, 52.94
1377915543, 52.91
1377915548, 52.91
1377915553, 52.91
1377915558, 52.91
1377915563, 52.91
1377915568, 52.91
1377915573, 52.91
1377915578, 52.94
1377915583, 52.91
1377915588, 52.91
1377915593, 52.91
1377915598, 52.94
1377915603, 52.91
1377915608, 52.91
1377915613, 52.94
1377915618, 52.94
1377915623, 52.94
1377915628, 52.94
1377915633, 52.91
1377915638, 52.94
1377915643, 52.91
1377915648, 52.94
1377915653, 52.94
1377915658, 52.87
1377915663, 52.94
1377915668, 52.91
1377915673, 52.91
1377915678, 52.87
1377915683, 52.94
1377915688, 52.91
1377915693, 52.91
1377915698, 52.91
1377915703, 52.91
1377915708, 52.91
1377915713, 52.91
1377915718, 52.91
1377915723, 52.91
1377915728, 52.91
1377915733, 52.91
1377915738, 52.94
1377915743, 52.91
1377915748, 52.91
1377915753, 52.94
1377915758, 52.91
1377915763, 52.94
1377915768, 52.91
1377915773, 52.91
1377915778, 52.91
1377915783, 52.91
1377915788, 52.91
1377915793, 52.91
1377915798, 52.91
1377915803, 52.91
1377915808, 52.91
1377915813, 52.91
1377915818, 52.91
1377915823, 52.91
1377915828, 52.91
1377915833, 52.91
1377915838, 52.91
1377915843, 52.91
1377915848, 52.91
1377915853, 52.94
1377915858, 52.94
1377915863, 52.91
1377915868, 52.91
1377915873, 52.91
1377915878, 52.91
1377915883, 52.91
1377915888, 52.91
1377915894, 52.91
1377915898, 52.87
1377915903, 52.91
1377915908, 52.91
1377915913, 52.91
1377915918, 52.91
1377915923, 52.87
1377915928, 52.91
1377915933, 52.87
1377915938, 52.94
1377915943, 52.87
1377915948, 52.91
1377915953, 52.91
1377915958, 52.91
1377915963, 52.91
1377915968, 52.91
1377915973, 52.91
1377915978, 52.91
1377915983, 52.91
1377915988, 52.91
1377915993, 52.91
1377915998, 52.91
1377916003, 52.91
1377916008, 52.91
1377916013, 52.91
1377916018, 52.91
1377916023, 52.91
1377916028, 52.91
1377916033, 52.91
1377916038, 52.91
1377916043, 52.91
1377916048, 52.91
1377916053, 52.91
1377916058, 52.91
1377916063, 52.91
1377916068, 52.91
1377916073, 52.91
1377916078, 52.91
1377916083, 52.91
1377916088, 52.91
1377916093, 52.91
1377916098, 52.91
1377916103, 52.91
1377916108, 52.91
1377916117, 52.91
1377916118, 52.91
1377916123, 52.91
1377916128, 52.87
1377916133, 52.91
1377916138, 52.91
1377916143, 52.91
1377916148, 52.91
1377916153, 52.91
1377916158, 52.87
1377916163, 52.91
1377916168, 52.91
1377916173, 52.91
1377916178, 52.91
1377916183, 52.87
1377916188, 52.91
1377916193, 52.91
1377916198, 52.87
1377916203, 52.91
1377916208, 52.91
1377916213, 52.91
1377916218, 52.91
1377916224, 52.91
1377916228, 52.91
1377916233, 52.91
1377916238, 52.91
1377916243, 52.91
1377916248, 52.91
1377916253, 52.91
1377916258, 52.91
1377916263, 52.91
1377916268, 52.91
1377916273, 52.91
1377916278, 52.87
1377916283, 52.91
1377916288, 52.91
1377916293, 52.91
1377916298, 52.91
1377916303, 52.91
1377916308, 52.91
1377916313, 52.91
1377916318, 52.87
1377916323, 52.87
1377916328, 52.91
1377916333, 52.87
1377916338, 52.91
1377916343, 52.91
1377916348, 52.91
1377916353, 52.91
1377916358, 52.91
1377916363, 52.87
1377916368, 52.91
1377916373, 52.87
1377916378, 52.87
1377916383, 52.91
1377916388, 52.91
1377916393, 52.91
1377916398, 52.91
1377916403, 52.87
1377916408, 52.91
1377916413, 52.91
1377916418, 52.91
1377916423, 52.91
1377916428, 52.87
1377916433, 52.91
1377916438, 52.87
1377916443, 52.91
1377916448, 52.87
1377916453, 52.91
1377916458, 52.91
1377916463, 52.91
1377916468, 52.91
1377916473, 52.91
1377916478, 52.91
1377916483, 52.91
1377916488, 52.87
1377916493, 52.87
1377916498, 52.91
1377916503, 52.91
1377916508, 52.91
1377916513, 52.91
1377916518, 52.87
1377916523, 52.91
1377916528, 52.87
1377916533, 52.87
1377916538, 52.87
1377916543, 52.87
1377916548, 52.87
1377916553, 52.87
1377916558, 52.91
1377916563, 52.91
1377916568, 52.87
1377916573, 52.87
1377916578, 52.87
1377916583, 52.87
1377916588, 52.91
1377916593, 52.87
1377916598, 52.87
1377916603, 52.91
1377916608, 52.87
1377916613, 52.91
1377916618, 52.87
1377916623, 52.91
1377916628, 52.87
1377916633, 52.91
1377916638, 52.91
1377916643, 52.87
1377916648, 52.87
1377916653, 52.87
1377916658, 52.87
1377916663, 52.91
1377916668, 52.87
1377916673, 52.91
1377916678, 52.87
1377916683, 52.91
1377916688, 52.91
1377916693, 52.91
1377916698, 52.87
1377916703, 52.87
1377916708, 52.87
1377916713, 52.87
1377916718, 52.91
1377916723, 52.87
1377916728, 52.91
1377916733, 52.87
1377916738, 52.87
1377916743, 52.87
1377916748, 52.91
1377916753, 52.91
1377916758, 52.87
1377916763, 52.91
1377916768, 52.87
1377916773, 52.87
1377916778, 52.87
1377916783, 52.91
1377916788, 52.87
1377916793, 52.87
1377916798, 52.87
1377916803, 52.91
1377916808, 52.87
1377916813, 52.87
1377916818, 52.87
1377916823, 52.91
1377916828, 52.87
1377916833, 52.91
1377916838, 52.91
1377916843, 52.91
1377916848, 52.87
1377916854, 52.87
1377916858, 52.87
1377916863, 52.91
1377916868, 52.91
1377916873, 52.87
1377916878, 52.91
1377916883, 52.87
1377916888, 52.87
1377916893, 52.91
1377916898, 52.87
1377916903, 52.87
1377916908, 52.87
1377916913, 52.91
1377916918, 52.91
1377916923, 52.91
1377916928, 52.91
1377916933, 52.91
1377916938, 52.91
1377916943, 52.91
1377916948, 52.87
1377916953, 52.91
1377916958, 52.91
1377916963, 52.87
1377916968, 52.91
1377916973, 52.87
1377916978, 52.91
1377916983, 52.87
1377916988, 52.87
1377916993, 52.87
1377916998, 52.91
1377917003, 52.91
1377917008, 52.91
1377917013, 52.87
1377917018, 52.91
1377917023, 52.91
1377917028, 52.91
1377917033, 52.91
1377917038, 52.91
1377917043, 52.91
1377917048, 52.91
1377917053, 52.91
1377917058, 52.87
1377917063, 52.91
1377917068, 52.91
1377917073, 52.91
1377917078, 52.87
1377917083, 52.91
1377917088, 52.91
1377917093, 52.91
1377917098, 52.91
1377917103, 52.87
1377917108, 52.91
1377917113, 52.87
1377917118, 52.87
1377917123, 52.91
1377917128, 52.91
1377917133, 52.87
1377917138, 52.87
1377917143, 52.91
1377917148, 52.87
1377917153, 52.91
1377917158, 52.91
1377917163, 52.91
1377917168, 52.87
1377917173, 52.91
1377917178, 52.91
1377917183, 52.91
1377917188, 52.87
1377917193, 52.87
1377917198, 52.91
1377917203, 52.91
1377917208, 52.91
1377917213, 52.91
1377917218, 52.87
1377917223, 52.91
1377917228, 52.91
1377917233, 52.87
1377917238, 52.87
1377917243, 52.91
1377917248, 52.91
1377917253, 52.91
1377917258, 52.87
1377917263, 52.91
1377917268, 52.87
1377917273, 52.87
1377917278, 52.91
1377917283, 52.91
1377917288, 52.91
1377917293, 52.91
1377917298, 52.91
1377917303, 52.87
1377917308, 52.91
1377917313, 52.91
1377917318, 52.87
1377917323, 52.91
1377917328, 52.87
1377917333, 52.91
1377917338, 52.91
1377917343, 52.91
1377917348, 52.91
1377917353, 52.91
1377917358, 52.87
1377917363, 52.91
1377917368, 52.87
1377917373, 52.91
1377917378, 52.91
1377917383, 52.91
1377917388, 52.91
1377917393, 52.87
1377917398, 52.91
1377917403, 52.87
1377917408, 52.91
1377917413, 52.91
1377917418, 52.91
1377917423, 52.91
1377917428, 52.91
1377917433, 52.91
1377917438, 52.91
1377917443, 52.91
1377917448, 52.91
1377917453, 52.91
1377917458, 52.91
1377917463, 52.91
1377917468, 52.91
1377917473, 52.91
1377917478, 52.91
1377917483, 52.91
1377917488, 52.91
1377917493, 52.91
1377917498, 52.87
1377917503, 52.91
1377917508, 52.91
1377917513, 52.91
1377917518, 52.91
1377917523, 52.91
1377917528, 52.91
1377917533, 52.91
1377917538, 52.87
1377917543, 52.91
1377917548, 52.91
1377917553, 52.87
1377917558, 52.91
1377917563, 52.87
1377917568, 52.87
1377917573, 52.87
1377917578, 52.87
1377917583, 52.91
1377917588, 52.91
1377917593, 52.91
1377917598, 52.87
1377917603, 52.87
1377917609, 52.87
1377917613, 52.87
1377917618, 52.91
1377917623, 52.87
1377917628, 52.87
1377917633, 52.87
1377917638, 52.87
1377917643, 52.87
1377917648, 52.87
1377917653, 52.87
1377917658, 52.87
1377917663, 52.87
1377917668, 52.87
1377917673, 52.87
1377917678, 52.87
1377917683, 52.87
1377917688, 52.87
1377917693, 52.87
1377917698, 52.87
1377917703, 52.87
1377917708, 52.87
1377917713, 52.87
1377917718, 52.87
1377917723, 52.87
1377917728, 52.87
1377917734, 52.87
1377917738, 52.87
1377917743, 52.87
1377917748, 52.87
1377917753, 52.87
1377917758, 52.87
1377917763, 52.87
1377917768, 52.87
1377917773, 52.87
1377917778, 52.87
1377917783, 52.87
1377917788, 52.87
1377917793, 52.87
1377917798, 52.87
1377917803, 52.87
1377917808, 52.87
1377917813, 52.87
1377917818, 52.87
1377917823, 52.87
1377917828, 52.87
1377917833, 52.87
1377917838, 52.87
1377917843, 52.87
1377917848, 52.87
1377917853, 52.87
1377917858, 52.87
1377917863, 52.87
1377917868, 52.87
1377917873, 52.87
1377917878, 52.87
1377917883, 52.87
1377917888, 52.87
1377917893, 52.87
1377917898, 52.87
1377917903, 52.87
1377917908, 52.87
1377917913, 52.87
1377917918, 52.87
1377917923, 52.87
1377917928, 52.87
1377917933, 52.87
1377917938, 52.87
1377917943, 52.87
1377917948, 52.87
1377917953, 52.87
1377917958, 52.87
1377917963, 52.87
1377917968, 52.87
1377917973, 52.91
1377917978, 52.91
1377917983, 52.91
1377917988, 52.87
1377917993, 52.87
1377917998, 52.87
1377918003, 52.87
1377918008, 52.91
1377918013, 52.87
1377918018, 52.87
1377918023, 52.87
1377918028, 52.91
1377918033, 52.87
1377918038, 52.91
1377918043, 52.87
1377918048, 52.91
1377918053, 52.91
1377918058, 52.87
1377918063, 52.91
1377918068, 52.91
1377918073, 52.91
1377918078, 52.91
1377918083, 52.91
1377918088, 52.91
1377918093, 52.91
1377918098, 52.91
1377918103, 52.91
1377918108, 52.87
1377918113, 52.94
1377918118, 52.87
1377918123, 52.91
1377918128, 52.94
1377918133, 52.87
1377918138, 52.91
1377918143, 52.91
1377918148, 52.91
1377918153, 52.91
1377918158, 52.91
1377918163, 52.91
1377918168, 52.91
1377918173, 52.94
1377918178, 52.91
1377918183, 52.91
1377918188, 52.91
1377918193, 52.91
1377918198, 52.94
1377918203, 52.91
1377918208, 52.91
1377918213, 52.91
1377918218, 52.91
1377918223, 52.91
1377918228, 52.91
1377918233, 52.94
1377918238, 52.94
1377918243, 52.91
1377918248, 52.91
1377918253, 52.91
1377918258, 52.91
1377918263, 52.91
1377918268, 52.94
1377918273, 52.94
1377918278, 52.94
1377918283, 52.94
1377918288, 52.94
1377918293, 52.91
1377918298, 52.94
1377918303, 52.94
1377918308, 52.94
1377918313, 52.94
1377918318, 52.94
1377918323, 52.94
1377918328, 52.94
1377918333, 52.94
1377918338, 52.94
1377918343, 52.94
1377918348, 52.94
1377918353, 52.94
1377918358, 52.94
1377918363, 52.94
1377918368, 52.94
1377918373, 52.94
1377918378, 52.94
1377918383, 52.94
1377918388, 52.94
1377918397, 52.94
1377918398, 52.94
1377918403, 52.94
1377918408, 52.94
1377918413, 52.94
1377918418, 52.94
1377918423, 52.94
1377918428, 52.94
1377918433, 52.94
1377918438, 52.94
1377918443, 52.94
1377918448, 52.94
1377918453, 52.94
1377918458, 52.94
1377918463, 52.97
1377918468, 52.94
1377918473, 52.94
1377918478, 52.94
1377918483, 52.94
1377918488, 52.94
1377918493, 52.94
1377918498, 52.94
1377918503, 52.94
1377918508, 52.94
1377918513, 52.94
1377918518, 52.94
1377918523, 52.94
1377918528, 52.94
1377918533, 52.94
1377918538, 52.94
1377918543, 52.94
1377918548, 52.94
1377918553, 52.97
1377918558, 52.94
1377918563, 52.94
1377918568, 52.94
1377918573, 52.94
1377918578, 52.94
1377918583, 52.94
1377918588, 52.97
1377918593, 52.94
1377918598, 52.94
1377918603, 52.94
1377918608, 52.97
1377918613, 52.94
1377918618, 52.94
1377918623, 52.94
1377918628, 52.94
1377918633, 52.94
1377918638, 52.94
1377918643, 52.94
1377918648, 52.94
1377918653, 52.94
1377918658, 52.94
1377918663, 52.94
1377918668, 52.94
1377918673, 52.94
1377918678, 52.94
1377918683, 52.94
1377918688, 52.94
1377918693, 52.97
1377918698, 52.94
1377918703, 52.94
1377918708, 52.94
1377918713, 52.94
1377918718, 52.94
1377918723, 52.94
1377918728, 52.94
1377918733, 52.94
1377918738, 52.94
1377918743, 52.97
1377918748, 52.94
1377918753, 52.94
1377918758, 52.94
1377918763, 52.94
1377918768, 52.94
1377918773, 52.94
1377918778, 52.94
1377918783, 52.94
1377918788, 52.94
1377918793, 52.94
1377918798, 52.97
1377918803, 52.97
1377918808, 52.94
1377918813, 52.97
1377918818, 52.97
1377918823, 52.97
1377918828, 52.94
1377918833, 52.97
1377918838, 52.94
1377918843, 52.97
1377918848, 52.97
1377918853, 52.97
1377918858, 52.97
1377918863, 52.94
1377918868, 52.97
1377918873, 52.94
1377918878, 52.94
1377918883, 52.97
1377918888, 52.94
1377918893, 52.97
1377918898, 52.94
1377918903, 52.94
1377918908, 52.94
1377918913, 52.94
1377918918, 52.94
1377918923, 52.94
1377918928, 52.94
1377918933, 52.97
1377918938, 52.97
1377918943, 52.97
1377918948, 52.94
1377918953, 52.94
1377918958, 52.94
1377918963, 52.97
1377918968, 52.94
1377918973, 52.97
1377918978, 52.94
1377918983, 52.97
1377918988, 52.94
1377918993, 52.97
1377918998, 52.94
1377919003, 52.97
1377919008, 52.94
1377919013, 52.97
1377919018, 52.94
1377919023, 52.97
1377919028, 52.97
1377919033, 52.97
1377919038, 52.94
1377919043, 52.94
1377919048, 52.94
1377919053, 52.94
1377919058, 52.94
1377919063, 52.94
1377919068, 52.94
1377919073, 52.97
1377919078, 52.94
1377919083, 52.94
1377919088, 52.94
1377919093, 52.94
1377919098, 52.97
1377919103, 52.97
1377919108, 52.94
1377919113, 52.94
1377919118, 52.94
1377919123, 52.94
1377919128, 52.94
1377919133, 52.94
1377919138, 52.94
1377919143, 52.94
1377919148, 52.94
1377919153, 52.94
1377919158, 52.94
1377919163, 52.94
1377919168, 52.94
1377919173, 52.94
1377919178, 52.94
1377919183, 52.94
1377919188, 52.94
1377919193, 52.94
1377919202, 52.94
1377919203, 52.94
1377919208, 52.94
1377919213, 52.94
1377919218, 52.94
1377919223, 52.94
1377919228, 52.94
1377919233, 52.94
1377919238, 52.94
1377919243, 52.94
1377919248, 52.94
1377919253, 52.94
1377919258, 52.94
1377919263, 52.94
1377919268, 52.94
1377919273, 52.94
1377919278, 52.94
1377919283, 52.94
1377919288, 52.94
1377919293, 52.94
1377919298, 52.94
1377919303, 52.94
1377919308, 52.91
1377919313, 52.94
1377919318, 52.94
1377919323, 52.94
1377919328, 52.94
1377919333, 52.94
1377919338, 52.94
1377919343, 52.94
1377919348, 52.94
1377919353, 52.94
1377919358, 52.91
1377919363, 52.94
1377919368, 52.94
1377919373, 52.91
1377919378, 52.94
1377919383, 52.94
1377919388, 52.94
1377919393, 52.94
1377919398, 52.94
1377919403, 52.94
1377919408, 52.94
1377919413, 52.94
1377919418, 52.91
1377919423, 52.91
1377919428, 52.91
1377919433, 52.94
1377919438, 52.94
1377919443, 52.94
1377919448, 52.91
1377919453, 52.91
1377919458, 52.94
1377919463, 52.91
1377919468, 52.94
1377919473, 52.91
1377919478, 52.91
1377919483, 52.91
1377919488, 52.91
1377919493, 52.91
1377919498, 52.94
1377919503, 52.91
1377919508, 52.91
1377919513, 52.94
1377919518, 52.91
1377919523, 52.91
1377919528, 52.91
1377919533, 52.91
1377919538, 52.91
1377919543, 52.91
1377919548, 52.91
1377919553, 52.94
1377919558, 52.91
1377919563, 52.91
1377919568, 52.94
1377919573, 52.91
1377919578, 52.91
1377919583, 52.94
1377919588, 52.91
1377919593, 52.91
1377919598, 52.91
1377919603, 52.91
1377919608, 52.94
1377919613, 52.91
1377919618, 52.91
1377919623, 52.87
1377919628, 52.91
1377919633, 52.87
1377919638, 52.91
1377919643, 52.91
1377919648, 52.87
1377919653, 52.91
1377919658, 52.87
1377919663, 52.91
1377919668, 52.91
1377919673, 52.87
1377919678, 52.91
1377919683, 52.87
1377919688, 52.91
1377919693, 52.91
1377919698, 52.87
1377919703, 52.91
1377919708, 52.87
1377919713, 52.87
1377919718, 52.87
1377919723, 52.91
1377919728, 52.91
1377919733, 52.87
1377919738, 52.87
1377919743, 52.91
1377919748, 52.87
1377919753, 52.91
1377919758, 52.91
1377919763, 52.91
1377919768, 52.87
1377919773, 52.91
1377919778, 52.91
1377919783, 52.91
1377919788, 52.91
1377919793, 52.91
1377919798, 52.87
1377919803, 52.87
1377919808, 52.91
1377919813, 52.87
1377919818, 52.87
1377919823, 52.87
1377919828, 52.87
1377919833, 52.87
1377919838, 52.87
1377919843, 52.87
1377919848, 52.87
1377919853, 52.87
1377919858, 52.87
1377919863, 52.91
1377919868, 52.87
1377919873, 52.87
1377919878, 52.91
1377919883, 52.91
1377919888, 52.87
1377919893, 52.87
1377919898, 52.87
1377919903, 52.91
1377919908, 52.91
1377919913, 52.87
1377919918, 52.91
1377919923, 52.87
1377919928, 52.87
1377919933, 52.87
1377919938, 52.87
1377919943, 52.87
1377919948, 52.87
1377919953, 52.87
1377919958, 52.87
1377919963, 52.87
1377919968, 52.87
1377919973, 52.87
1377919978, 52.87
1377919983, 52.87
1377919988, 52.87
1377919993, 52.87
1377919998, 52.87
1377920005, 52.87
1377920008, 52.87
1377920013, 52.87
1377920018, 52.87
1377920023, 52.87
1377920028, 52.87
1377920033, 52.87
1377920038, 52.87
1377920043, 52.87
1377920048, 52.87
1377920053, 52.87
1377920058, 52.87
1377920063, 52.87
1377920068, 52.87
1377920073, 52.87
1377920078, 52.87
1377920083, 52.87
1377920088, 52.87
1377920093, 52.87
1377920098, 52.87
1377920103, 52.87
1377920108, 52.87
1377920113, 52.87
1377920118, 52.87
1377920123, 52.87
1377920128, 52.87
1377920133, 52.87
1377920138, 52.87
1377920143, 52.87
1377920148, 52.87
1377920153, 52.87
1377920158, 52.87
1377920163, 52.87
1377920168, 52.87
1377920173, 52.87
1377920178, 52.84
1377920183, 52.87
1377920188, 52.84
1377920193, 52.87
1377920198, 52.87
1377920203, 52.87
1377920208, 52.87
1377920213, 52.87
1377920218, 52.87
1377920223, 52.87
1377920228, 52.84
1377920233, 52.87
1377920238, 52.87
1377920243, 52.87
1377920248, 52.87
1377920253, 52.87
1377920258, 52.87
1377920263, 52.87
1377920268, 52.87
1377920273, 52.87
1377920278, 52.84
1377920283, 52.87
1377920288, 52.87
1377920293, 52.87
1377920298, 52.87
1377920303, 52.87
1377920308, 52.87
1377920313, 52.87
1377920318, 52.87
1377920323, 52.84
1377920328, 52.87
1377920333, 52.87
1377920338, 52.84
1377920343, 52.87
1377920348, 52.84
1377920353, 52.84
1377920358, 52.87
1377920363, 52.84
1377920368, 52.84
1377920373, 52.87
1377920378, 52.81
1377920383, 52.87
1377920388, 52.84
1377920393, 52.87
1377920398, 52.87
1377920403, 52.84
1377920408, 52.84
1377920413, 52.84
1377920418, 52.84
1377920423, 52.84
1377920428, 52.84
1377920433, 52.84
1377920438, 52.84
1377920443, 52.87
1377920448, 52.84
1377920453, 52.84
1377920458, 52.87
1377920463, 52.84
1377920468, 52.87
1377920473, 52.84
1377920478, 52.87
1377920483, 52.84
1377920488, 52.84
1377920493, 52.87
1377920498, 52.84
1377920503, 52.84
1377920508, 52.87
1377920513, 52.87
1377920518, 52.87
1377920523, 52.87
1377920528, 52.84
1377920533, 52.87
1377920538, 52.87
1377920543, 52.84
1377920548, 52.84
1377920553, 52.84
1377920558, 52.84
1377920563, 52.87
1377920568, 52.87
1377920573, 52.84
1377920578, 52.84
1377920583, 52.87
1377920588, 52.84
1377920593, 52.84
1377920598, 52.87
1377920603, 52.84
1377920608, 52.84
1377920613, 52.87
1377920618, 52.87
1377920623, 52.84
1377920628, 52.84
1377920633, 52.87
1377920638, 52.84
1377920643, 52.84
1377920648, 52.84
1377920653, 52.84
1377920658, 52.84
1377920663, 52.84
1377920668, 52.87
1377920673, 52.87
1377920678, 52.87
1377920683, 52.87
1377920688, 52.87
1377920693, 52.84
1377920698, 52.84
1377920703, 52.87
1377920708, 52.87
1377920713, 52.87
1377920718, 52.87
1377920723, 52.87
1377920728, 52.84
1377920733, 52.87
1377920738, 52.87
1377920743, 52.87
1377920748, 52.87
1377920753, 52.84
1377920758, 52.87
1377920763, 52.87
1377920768, 52.84
1377920773, 52.87
1377920778, 52.87
1377920783, 52.87
1377920788, 52.87
1377920793, 52.87
1377920798, 52.87
1377920805, 52.87
1377920808, 52.87
1377920813, 52.87
1377920818, 52.84
1377920823, 52.87
1377920828, 52.87
1377920833, 52.87
1377920838, 52.84
1377920843, 52.87
1377920848, 52.87
1377920853, 52.87
1377920858, 52.87
1377920863, 52.87
1377920868, 52.87
1377920873, 52.84
1377920878, 52.87
1377920883, 52.87
1377920888, 52.87
1377920893, 52.87
1377920898, 52.84
1377920903, 52.87
1377920908, 52.87
1377920913, 52.87
1377920918, 52.87
1377920923, 52.87
1377920928, 52.87
1377920933, 52.87
1377920938, 52.87
1377920943, 52.84
1377920948, 52.87
1377920953, 52.87
1377920958, 52.87
1377920963, 52.87
1377920968, 52.87
1377920973, 52.87
1377920978, 52.87
1377920983, 52.87
1377920988, 52.87
1377920993, 52.87
1377920998, 52.87
1377921003, 52.87
1377921008, 52.87
1377921013, 52.87
1377921018, 52.87
1377921023, 52.87
1377921028, 52.87
1377921033, 52.87
1377921038, 52.87
1377921043, 52.87
1377921048, 52.84
1377921053, 52.87
1377921058, 52.87
1377921063, 52.84
1377921068, 52.84
1377921073, 52.87
1377921078, 52.87
1377921083, 52.87
1377921088, 52.87
1377921093, 52.87
1377921098, 52.87
1377921103, 52.87
1377921108, 52.87
1377921113, 52.87
1377921118, 52.87
1377921123, 52.87
1377921128, 52.87
1377921133, 52.84
1377921138, 52.87
1377921143, 52.87
1377921148, 52.87
1377921153, 52.87
1377921158, 52.87
1377921163, 52.87
1377921168, 52.87
1377921173, 52.84
1377921178, 52.87
1377921183, 52.87
1377921188, 52.87
1377921193, 52.87
1377921198, 52.87
1377921203, 52.87
1377921208, 52.87
1377921213, 52.87
1377921218, 52.87
1377921223, 52.87
1377921228, 52.87
1377921233, 52.87
1377921238, 52.87
1377921243, 52.87
1377921248, 52.84
1377921253, 52.87
1377921258, 52.87
1377921263, 52.87
1377921268, 52.87
1377921273, 52.87
1377921278, 52.87
1377921283, 52.87
1377921288, 52.87
1377921293, 52.87
1377921298, 52.91
1377921303, 52.87
1377921308, 52.87
1377921313, 52.87
1377921318, 52.87
1377921323, 52.87
1377921328, 52.87
1377921333, 52.87
1377921338, 52.87
1377921343, 52.87
1377921348, 52.87
1377921353, 52.87
1377921358, 52.87
1377921363, 52.87
1377921368, 52.87
1377921373, 52.87
1377921378, 52.87
1377921383, 52.87
1377921388, 52.87
1377921393, 52.91
1377921398, 52.87
1377921403, 52.87
1377921408, 52.87
1377921413, 52.87
1377921418, 52.87
1377921423, 52.87
1377921428, 52.87
1377921433, 52.87
1377921438, 52.91
1377921443, 52.87
1377921448, 52.87
1377921453, 52.87
1377921458, 52.87
1377921463, 52.87
1377921468, 52.87
1377921473, 52.87
1377921478, 52.87
1377921483, 52.87
1377921488, 52.87
1377921493, 52.87
1377921498, 52.87
1377921503, 52.87
1377921510, 52.87
1377921513, 52.87
1377921518, 52.87
1377921523, 52.87
1377921528, 52.87
1377921533, 52.87
1377921538, 52.87
1377921543, 52.87
1377921548, 52.87
1377921553, 52.87
1377921558, 52.87
1377921563, 52.87
1377921568, 52.87
1377921573, 52.87
1377921578, 52.87
1377921583, 52.87
1377921588, 52.87
1377921593, 52.87
1377921598, 52.87
1377921603, 52.87
1377921608, 52.87
1377921613, 52.87
1377921618, 52.87
1377921623, 52.87
1377921628, 52.87
1377921633, 52.87
1377921638, 52.87
1377921643, 52.84
1377921648, 52.87
1377921653, 52.87
1377921658, 52.87
1377921663, 52.87
1377921668, 52.87
1377921673, 52.87
1377921678, 52.87
1377921683, 52.87
1377921688, 52.87
1377921693, 52.87
1377921698, 52.87
1377921703, 52.87
1377921708, 52.87
1377921713, 52.87
1377921718, 52.87
1377921723, 52.87
1377921728, 52.87
1377921733, 52.84
1377921738, 52.87
1377921743, 52.87
1377921748, 52.84
1377921753, 52.87
1377921758, 52.87
1377921763, 52.87
1377921768, 52.87
1377921773, 52.87
1377921778, 52.84
1377921783, 52.87
1377921788, 52.84
1377921793, 52.87
1377921798, 52.87
1377921803, 52.84
1377921808, 52.87
1377921813, 52.87
1377921818, 52.87
1377921823, 52.84
1377921828, 52.87
1377921833, 52.84
1377921838, 52.84
1377921843, 52.87
1377921848, 52.87
1377921853, 52.87
1377921858, 52.87
1377921863, 52.87
1377921868, 52.87
1377921873, 52.87
1377921878, 52.87
1377921883, 52.87
1377921888, 52.84
1377921893, 52.87
1377921898, 52.87
1377921903, 52.87
1377921908, 52.87
1377921913, 52.87
1377921918, 52.87
1377921923, 52.87
1377921928, 52.87
1377921933, 52.87
1377921938, 52.87
1377921943, 52.87
1377921948, 52.87
1377921953, 52.87
1377921958, 52.87
1377921963, 52.87
1377921968, 52.87
1377921973, 52.87
1377921978, 52.87
1377921983, 52.87
1377921988, 52.87
1377921993, 52.87
1377921998, 52.87
1377922003, 52.87
1377922008, 52.87
1377922013, 52.87
1377922018, 52.87
1377922023, 52.87
1377922028, 52.87
1377922033, 52.87
1377922038, 52.87
1377922043, 52.87
1377922048, 52.87
1377922053, 52.87
1377922058, 52.87
1377922063, 52.87
1377922068, 52.87
1377922073, 52.87
1377922078, 52.87
1377922083, 52.87
1377922088, 52.87
1377922093, 52.87
1377922098, 52.87
1377922103, 52.87
1377922108, 52.87
1377922113, 52.87
1377922118, 52.91
1377922123, 52.87
1377922128, 52.87
1377922133, 52.87
1377922138, 52.87
1377922143, 52.87
1377922148, 52.87
1377922153, 52.87
1377922158, 52.87
1377922163, 52.87
1377922168, 52.87
1377922173, 52.87
1377922178, 52.87
1377922183, 52.87
1377922188, 52.87
1377922193, 52.91
1377922198, 52.87
1377922203, 52.87
1377922211, 52.87
1377922213, 52.91
1377922218, 52.91
1377922223, 52.87
1377922228, 52.87
1377922233, 52.87
1377922238, 52.91
1377922243, 52.87
1377922248, 52.91
1377922253, 52.87
1377922258, 52.91
1377922263, 52.87
1377922268, 52.87
1377922273, 52.91
1377922278, 52.87
1377922283, 52.91
1377922288, 52.91
1377922293, 52.91
1377922297, 52.91
1377922303, 52.91
1377922308, 52.91
1377922313, 52.91
1377922318, 52.91
1377922323, 52.87
1377922328, 52.91
1377922333, 52.87
1377922338, 52.91
1377922343, 52.91
1377922347, 52.91
1377922352, 52.91
1377922358, 52.91
1377922363, 52.91
1377922368, 52.91
1377922372, 52.91
1377922377, 52.91
1377922383, 52.94
1377922387, 52.91
1377922393, 52.91
1377922397, 52.91
1377922402, 52.94
1377922408, 52.91
1377922413, 52.94
1377922418, 52.94
1377922422, 52.91
1377922427, 52.91
1377922433, 52.91
1377922438, 52.91
1377922443, 52.91
1377922447, 52.91
1377922453, 52.91
1377922458, 52.94
1377922463, 52.94
1377922468, 52.91
1377922472, 52.91
1377922477, 52.91
1377922483, 52.91
1377922488, 52.91
1377922493, 52.94
1377922498, 52.91
1377922502, 52.91
1377922507, 52.94
1377922513, 52.94
1377922518, 52.94
1377922522, 52.94
1377922527, 52.94
1377922532, 52.94
1377922538, 52.94
1377922543, 52.94
1377922547, 52.94
1377922553, 52.94
1377922558, 52.94
1377922563, 52.94
1377922568, 52.94
1377922573, 52.91
1377922578, 52.94
1377922582, 52.94
1377922587, 52.91
1377922592, 52.94
1377922598, 52.94
1377922603, 52.94
1377922607, 52.94
1377922612, 52.94
1377922618, 52.94
1377922623, 52.94
1377922628, 52.94
1377922633, 52.91
1377922637, 52.94
1377922642, 52.94
1377922648, 52.94
1377922653, 52.94
1377922657, 52.94
1377922662, 52.94
1377922667, 52.94
1377922672, 52.91
1377922677, 52.94
1377922682, 52.94
1377922687, 52.94
1377922693, 52.94
1377922697, 52.94
1377922702, 52.94
1377922708, 52.94
1377922712, 52.94
1377922717, 52.94
1377922722, 52.94
1377922727, 52.94
1377922732, 52.94
1377922737, 52.94
1377922743, 52.94
1377922747, 52.94
1377922752, 52.97
1377922757, 52.97
1377922762, 52.94
1377922767, 52.94
1377922772, 52.94
1377922777, 52.94
1377922783, 52.94
1377922787, 52.94
1377922792, 52.94
1377922798, 52.94
1377922802, 52.94
1377922807, 52.94
1377922812, 52.97
1377922817, 52.94
1377922822, 52.94
1377922827, 52.94
1377922832, 52.94
1377922837, 52.94
1377922842, 52.94
1377922847, 52.94
1377922852, 52.94
1377922857, 52.94
1377922862, 52.94
1377922867, 52.94
1377922872, 52.94
1377922877, 52.94
1377922883, 52.94
1377922887, 52.94
1377922892, 52.94
1377922897, 52.94
1377922902, 52.94
1377922910, 52.91
1377922912, 52.94
1377922917, 52.94
1377922922, 52.94
1377922927, 52.94
1377922932, 52.91
1377922937, 52.91
1377922942, 52.91
1377922947, 52.94
1377922952, 52.94
1377922957, 52.91
1377922962, 52.94
1377922967, 52.91
1377922973, 52.91
1377922977, 52.91
1377922982, 52.87
1377922987, 52.91
1377922992, 52.91
1377922997, 52.91
1377923002, 52.91
1377923008, 52.91
1377923012, 52.91
1377923017, 52.91
1377923022, 52.91
1377923027, 52.91
1377923032, 52.91
1377923037, 52.91
1377923042, 52.91
1377923047, 52.91
1377923052, 52.87
1377923058, 52.87
1377923063, 52.91
1377923067, 52.91
1377923072, 52.91
1377923077, 52.87
1377923082, 52.87
1377923087, 52.91
1377923092, 52.91
1377923097, 52.91
1377923102, 52.87
1377923107, 52.87
1377923112, 52.87
1377923117, 52.87
1377923122, 52.87
1377923127, 52.87
1377923132, 52.87
1377923137, 52.87
1377923142, 52.87
1377923147, 52.87
1377923152, 52.87
1377923157, 52.87
1377923162, 52.87
1377923167, 52.87
1377923172, 52.87
1377923177, 52.87
1377923182, 52.87
1377923187, 52.87
1377923192, 52.87
1377923197, 52.87
1377923203, 52.87
1377923207, 52.87
1377923212, 52.87
1377923217, 52.87
1377923222, 52.87
1377923227, 52.84
1377923232, 52.87
1377923237, 52.87
1377923242, 52.87
1377923247, 52.87
1377923252, 52.87
1377923257, 52.87
1377923262, 52.87
1377923267, 52.87
1377923273, 52.87
1377923277, 52.87
1377923282, 52.87
1377923287, 52.84
1377923292, 52.87
1377923298, 52.87
1377923302, 52.84
1377923307, 52.84
1377923312, 52.87
1377923317, 52.87
1377923322, 52.87
1377923327, 52.87
1377923332, 52.84
1377923337, 52.84
1377923342, 52.87
1377923347, 52.84
1377923352, 52.84
1377923357, 52.87
1377923362, 52.87
1377923367, 52.87
1377923372, 52.87
1377923377, 52.87
1377923382, 52.84
1377923387, 52.84
1377923392, 52.84
1377923397, 52.87
1377923402, 52.87
1377923407, 52.84
1377923412, 52.84
1377923417, 52.84
1377923422, 52.87
1377923427, 52.87
1377923432, 52.87
1377923437, 52.84
1377923442, 52.84
1377923447, 52.84
1377923452, 52.84
1377923457, 52.87
1377923462, 52.84
1377923467, 52.84
1377923472, 52.87
1377923477, 52.84
1377923482, 52.84
1377923488, 52.84
1377923492, 52.84
1377923497, 52.84
1377923502, 52.84
1377923507, 52.84
1377923512, 52.84
1377923517, 52.84
1377923522, 52.87
1377923527, 52.84
1377923532, 52.84
1377923537, 52.84
1377923542, 52.87
1377923547, 52.84
1377923552, 52.84
1377923557, 52.84
1377923562, 52.84
1377923567, 52.87
1377923572, 52.84
1377923577, 52.84
1377923582, 52.84
1377923587, 52.87
1377923592, 52.84
1377923597, 52.84
1377923602, 52.84
1377923607, 52.87
1377923612, 52.84
1377923617, 52.87
1377923622, 52.87
1377923627, 52.84
1377923632, 52.84
1377923643, 52.84
1377923647, 52.87
1377923652, 52.84
1377923657, 52.84
1377923662, 52.87
1377923667, 52.84
1377923672, 52.84
1377923677, 52.87
1377923682, 52.84
1377923687, 52.87
1377923692, 52.87
1377923697, 52.87
1377923702, 52.84
1377923707, 52.87
1377923712, 52.87
1377923717, 52.87
1377923722, 52.87
1377923727, 52.87
1377923732, 52.84
1377923737, 52.87
1377923742, 52.84
1377923747, 52.87
1377923752, 52.84
1377923757, 52.87
1377923762, 52.87
1377923767, 52.87
1377923772, 52.87
1377923777, 52.87
1377923782, 52.87
1377923787, 52.87
1377923792, 52.87
1377923797, 52.87
1377923802, 52.87
1377923807, 52.87
1377923812, 52.87
1377923817, 52.87
1377923822, 52.87
1377923827, 52.87
1377923832, 52.87
1377923837, 52.87
1377923842, 52.87
1377923847, 52.87
1377923852, 52.87
1377923857, 52.87
1377923862, 52.87
1377923867, 52.87
1377923872, 52.87
1377923877, 52.87
1377923882, 52.87
1377923887, 52.87
1377923892, 52.87
1377923897, 52.91
1377923902, 52.87
1377923907, 52.87
1377923912, 52.87
1377923917, 52.87
1377923922, 52.87
1377923927, 52.91
1377923932, 52.87
1377923937, 52.87
1377923942, 52.87
1377923947, 52.91
1377923952, 52.91
1377923957, 52.87
1377923962, 52.91
1377923967, 52.91
1377923972, 52.91
1377923977, 52.91
1377923982, 52.91
1377923987, 52.91
1377923992, 52.87
1377923997, 52.87
1377924002, 52.91
1377924007, 52.91
1377924012, 52.87
1377924017, 52.87
1377924022, 52.91
1377924027, 52.87
1377924032, 52.91
1377924037, 52.87
1377924042, 52.91
1377924047, 52.91
1377924052, 52.91
1377924057, 52.87
1377924062, 52.91
1377924067, 52.87
1377924072, 52.91
1377924077, 52.87
1377924082, 52.91
1377924087, 52.91
1377924092, 52.91
1377924097, 52.91
1377924102, 52.87
1377924107, 52.91
1377924112, 52.91
1377924117, 52.91
1377924122, 52.87
1377924127, 52.91
1377924132, 52.91
1377924137, 52.91
1377924142, 52.91
1377924147, 52.91
1377924152, 52.91
1377924157, 52.91
1377924162, 52.87
1377924167, 52.91
1377924172, 52.91
1377924177, 52.91
1377924182, 52.91
1377924187, 52.91
1377924192, 52.91
1377924197, 52.87
1377924202, 52.87
1377924207, 52.91
1377924212, 52.91
1377924217, 52.87
1377924222, 52.94
1377924227, 52.91
1377924232, 52.87
1377924237, 52.91
1377924242, 52.91
1377924247, 52.91
1377924252, 52.91
1377924257, 52.87
1377924262, 52.91
1377924267, 52.91
1377924272, 52.91
1377924277, 52.91
1377924282, 52.91
1377924287, 52.91
1377924292, 52.87
1377924297, 52.91
1377924302, 52.91
1377924307, 52.91
1377924312, 52.91
1377924317, 52.91
1377924322, 52.91
1377924327, 52.91
1377924332, 52.91
1377924337, 52.91
1377924342, 52.91
1377924347, 52.87
1377924355, 52.91
1377924357, 52.91
1377924362, 52.91
1377924367, 52.91
1377924372, 52.91
1377924377, 52.91
1377924382, 52.91
1377924387, 52.91
1377924392, 52.91
1377924397, 52.91
1377924402, 52.91
1377924407, 52.91
1377924412, 52.91
1377924417, 52.91
1377924422, 52.91
1377924427, 52.91
1377924432, 52.94
1377924437, 52.91
1377924442, 52.91
1377924447, 52.91
1377924452, 52.91
1377924457, 52.91
1377924462, 52.94
1377924467, 52.91
1377924472, 52.91
1377924477, 52.94
1377924482, 52.91
1377924487, 52.91
1377924492, 52.91
1377924497, 52.91
1377924502, 52.91
1377924507, 52.91
1377924512, 52.91
1377924517, 52.91
1377924522, 52.91
1377924527, 52.91
1377924532, 52.91
1377924537, 52.91
1377924542, 52.91
1377924547, 52.91
1377924552, 52.94
1377924557, 52.91
1377924562, 52.87
1377924567, 52.91
1377924572, 52.91
1377924577, 52.91
1377924582, 52.91
1377924587, 52.91
1377924592, 52.91
1377924597, 52.91
1377924602, 52.91
1377924607, 52.91
1377924612, 52.94
1377924617, 52.91
1377924622, 52.91
1377924627, 52.91
1377924632, 52.91
1377924637, 52.94
1377924642, 52.91
1377924647, 52.91
1377924652, 52.91
1377924657, 52.91
1377924662, 52.91
1377924667, 52.94
1377924672, 52.91
1377924677, 52.94
1377924682, 52.91
1377924687, 52.94
1377924692, 52.91
1377924697, 52.94
1377924702, 52.94
1377924707, 52.91
1377924712, 52.91
1377924717, 52.91
1377924722, 52.94
1377924727, 52.91
1377924732, 52.94
1377924737, 52.91
1377924742, 52.91
1377924747, 52.94
1377924752, 52.94
1377924757, 52.94
1377924762, 52.94
1377924767, 52.94
1377924772, 52.94
1377924777, 52.94
1377924782, 52.91
1377924787, 52.94
1377924792, 52.94
1377924797, 52.91
1377924802, 52.94
1377924807, 52.91
1377924812, 52.94
1377924817, 52.91
1377924822, 52.94
1377924827, 52.94
1377924833, 52.94
1377924837, 52.94
1377924842, 52.94
1377924847, 52.94
1377924852, 52.91
1377924857, 52.94
1377924862, 52.94
1377924867, 52.94
1377924872, 52.94
1377924877, 52.94
1377924882, 52.94
1377924887, 52.94
1377924892, 52.94
1377924897, 52.94
1377924902, 52.94
1377924907, 52.94
1377924912, 52.94
1377924917, 52.94
1377924922, 52.94
1377924927, 52.94
1377924932, 52.94
1377924937, 52.94
1377924942, 52.94
1377924947, 52.94
1377924952, 52.94
1377924957, 52.94
1377924962, 52.94
1377924967, 52.94
1377924972, 52.94
1377924977, 52.94
1377924983, 52.94
1377924987, 52.94
1377924992, 52.94
1377924997, 52.94
1377925002, 52.94
1377925007, 52.94
1377925012, 52.94
1377925017, 52.94
1377925022, 52.94
1377925027, 52.94
1377925032, 52.94
1377925037, 52.94
1377925042, 52.94
1377925047, 52.94
1377925052, 52.94
1377925057, 52.94
1377925062, 52.94
1377925067, 52.94
1377925072, 52.94
1377925082, 52.94
1377925087, 52.94
1377925092, 52.94
1377925097, 52.94
1377925102, 52.97
1377925107, 52.94
1377925112, 52.94
1377925117, 52.94
1377925122, 52.94
1377925127, 52.94
1377925133, 52.94
1377925137, 52.94
1377925142, 52.94
1377925147, 52.94
1377925152, 52.94
1377925157, 52.94
1377925162, 52.94
1377925167, 52.94
1377925172, 52.97
1377925177, 52.94
1377925182, 52.94
1377925187, 52.94
1377925192, 52.94
1377925197, 52.94
1377925202, 52.97
1377925207, 52.94
1377925212, 52.94
1377925217, 52.94
1377925222, 52.94
1377925227, 52.94
1377925232, 52.94
1377925237, 52.97
1377925242, 52.97
1377925247, 52.94
1377925252, 52.97
1377925257, 52.94
1377925262, 52.97
1377925267, 52.94
1377925272, 52.94
1377925277, 52.97
1377925283, 52.97
1377925287, 52.97
1377925292, 52.97
1377925297, 52.97
1377925302, 52.97
1377925307, 52.97
1377925312, 52.97
1377925317, 52.97
1377925322, 52.97
1377925327, 52.97
1377925332, 52.97
1377925337, 52.97
1377925342, 52.97
1377925347, 52.97
1377925352, 52.94
1377925357, 52.97
1377925362, 53.00
1377925367, 52.97
1377925372, 52.97
1377925377, 52.97
1377925382, 52.97
1377925387, 52.97
1377925392, 52.97
1377925397, 52.97
1377925402, 52.97
1377925407, 52.97
1377925412, 53.00
1377925417, 52.97
1377925422, 52.97
1377925427, 52.97
1377925432, 52.97
1377925437, 53.00
1377925442, 53.00
1377925447, 52.97
1377925452, 52.97
1377925457, 52.97
1377925462, 53.00
1377925467, 52.97
1377925472, 52.97
1377925477, 52.97
1377925482, 53.00
1377925487, 53.00
1377925492, 52.97
1377925497, 53.00
1377925502, 52.97
1377925507, 52.97
1377925512, 53.00
1377925517, 53.00
1377925522, 53.00
1377925527, 53.00
1377925532, 52.97
1377925537, 53.00
1377925542, 53.00
1377925547, 53.00
1377925552, 52.97
1377925557, 53.00
1377925562, 53.00
1377925567, 53.00
1377925572, 53.00
1377925577, 53.00
1377925582, 53.00
1377925587, 53.00
1377925592, 53.00
1377925597, 53.00
1377925602, 53.00
1377925607, 53.00
1377925612, 53.00
1377925617, 53.00
1377925622, 53.00
1377925627, 53.00
1377925632, 53.00
1377925637, 53.00
1377925642, 53.00
1377925647, 53.00
1377925652, 53.00
1377925657, 53.00
1377925662, 53.00
1377925667, 53.00
1377925672, 53.00
1377925677, 53.00
1377925682, 53.00
1377925687, 53.00
1377925692, 53.00
1377925697, 53.03
1377925702, 53.00
1377925707, 53.03
1377925712, 53.00
1377925717, 53.00
1377925722, 53.03
1377925727, 53.00
1377925732, 53.00
1377925737, 53.00
1377925742, 53.00
1377925747, 53.00
1377925752, 53.00
1377925757, 53.03
1377925762, 53.00
1377925767, 53.00
1377925772, 53.03
1377925777, 53.00
1377925782, 53.03
1377925787, 53.00
1377925792, 53.03
1377925802, 53.00
1377925807, 53.03
1377925812, 53.03
1377925817, 53.03
1377925822, 53.03
1377925827, 53.03
1377925832, 53.03
1377925837, 53.03
1377925842, 53.03
1377925847, 53.03
1377925852, 53.03
1377925857, 53.00
1377925862, 53.03
1377925867, 53.00
1377925872, 53.03
1377925877, 53.03
1377925882, 53.00
1377925887, 53.03
1377925892, 53.00
1377925897, 53.00
1377925902, 53.00
1377925907, 53.03
1377925912, 53.03
1377925917, 53.03
1377925922, 53.00
1377925927, 53.03
1377925932, 53.00
1377925937, 53.03
1377925942, 53.03
1377925947, 53.03
1377925952, 53.03
1377925957, 53.00
1377925962, 53.03
1377925967, 53.00
1377925972, 53.00
1377925977, 53.03
1377925982, 53.03
1377925987, 53.03
1377925992, 53.03
1377925997, 53.03
1377926002, 53.03
1377926007, 53.03
1377926012, 53.03
1377926017, 53.03
1377926022, 53.00
1377926027, 53.00
1377926032, 53.00
1377926037, 53.00
1377926042, 53.00
1377926047, 53.00
1377926052, 53.03
1377926057, 53.00
1377926062, 53.03
1377926067, 53.03
1377926072, 53.00
1377926077, 53.00
1377926082, 53.00
1377926087, 53.00
1377926092, 53.03
1377926097, 53.03
1377926102, 53.03
1377926107, 53.00
1377926112, 53.00
1377926117, 53.03
1377926122, 53.00
1377926127, 53.00
1377926132, 53.03
1377926137, 53.00
1377926142, 53.00
1377926147, 53.00
1377926152, 53.03
1377926157, 53.00
1377926162, 53.00
1377926167, 53.03
1377926172, 53.00
1377926177, 53.00
1377926182, 53.03
1377926187, 53.00
1377926192, 53.00
1377926197, 53.03
1377926202, 53.03
1377926207, 53.03
1377926212, 53.00
1377926217, 53.00
1377926222, 53.00
1377926227, 53.00
1377926232, 53.00
1377926237, 53.00
1377926242, 53.03
1377926247, 53.03
1377926252, 53.00
1377926257, 53.03
1377926262, 53.03
1377926267, 53.00
1377926272, 53.00
1377926277, 53.00
1377926282, 53.03
1377926287, 53.00
1377926292, 53.00
1377926297, 53.03
1377926302, 53.00
1377926307, 53.00
1377926312, 53.03
1377926317, 53.00
1377926322, 53.00
1377926327, 53.03
1377926332, 53.03
1377926337, 53.00
1377926342, 53.00
1377926347, 53.00
1377926352, 53.00
1377926357, 53.00
1377926362, 53.03
1377926367, 53.00
1377926372, 53.00
1377926377, 53.00
1377926382, 53.00
1377926387, 53.03
1377926392, 53.03
1377926397, 53.03
1377926402, 53.00
1377926407, 53.00
1377926412, 53.03
1377926417, 53.00
1377926422, 53.00
1377926427, 53.00
1377926432, 53.03
1377926437, 53.03
1377926442, 53.00
1377926447, 53.00
1377926452, 53.00
1377926457, 53.00
1377926462, 53.00
1377926467, 53.00
1377926472, 53.00
1377926477, 53.00
1377926482, 53.00
1377926487, 53.03
1377926492, 53.00
1377926497, 53.00
1377926502, 53.00
1377926507, 53.00
1377926512, 53.00
1377926517, 53.00
1377926522, 53.00
1377926527, 53.00
1377926537, 53.00
1377926542, 53.00
1377926547, 53.00
1377926552, 53.00
1377926557, 53.00
1377926562, 53.00
1377926567, 53.00
1377926572, 53.00
1377926577, 53.00
1377926582, 53.00
1377926587, 53.00
1377926592, 53.00
1377926597, 53.00
1377926602, 53.00
1377926607, 53.00
1377926612, 53.00
1377926617, 53.00
1377926622, 53.00
1377926627, 53.00
1377926632, 53.00
1377926637, 53.00
1377926642, 53.00
1377926647, 53.00
1377926652, 53.00
1377926657, 53.00
1377926662, 53.03
1377926667, 53.03
1377926672, 53.00
1377926677, 53.00
1377926682, 53.03
1377926687, 53.00
1377926692, 53.00
1377926697, 53.03
1377926702, 53.00
1377926707, 53.00
1377926712, 53.00
1377926717, 53.00
1377926722, 53.00
1377926727, 53.03
1377926732, 53.00
1377926737, 53.00
1377926742, 53.03
1377926747, 53.00
1377926752, 53.00
1377926757, 53.03
1377926762, 53.03
1377926767, 53.03
1377926772, 53.03
1377926777, 53.00
1377926782, 53.03
1377926787, 53.00
1377926792, 53.00
1377926797, 53.03
1377926802, 53.03
1377926807, 53.03
1377926812, 53.03
1377926817, 53.00
1377926822, 53.03
1377926827, 53.03
1377926832, 53.03
1377926837, 53.03
1377926842, 53.03
1377926847, 53.03
1377926852, 53.03
1377926857, 53.03
1377926862, 53.03
1377926867, 53.03
1377926872, 53.00
1377926877, 53.03
1377926882, 53.03
1377926887, 53.03
1377926892, 53.03
1377926897, 53.03
1377926902, 53.03
1377926907, 53.03
1377926912, 53.03
1377926917, 53.03
1377926922, 53.03
1377926927, 53.06
1377926932, 53.03
1377926937, 53.06
1377926942, 53.03
1377926947, 53.06
1377926952, 53.03
1377926957, 53.06
1377926962, 53.03
1377926967, 53.06
1377926972, 53.03
1377926977, 53.06
1377926982, 53.03
1377926987, 53.06
1377926992, 53.03
1377926997, 53.03
1377927002, 53.06
1377927007, 53.06
1377927012, 53.06
1377927017, 53.06
1377927022, 53.06
1377927027, 53.06
1377927032, 53.03
1377927037, 53.06
1377927042, 53.06
1377927047, 53.06
1377927052, 53.06
1377927057, 53.03
1377927062, 53.06
1377927067, 53.06
1377927072, 53.06
1377927077, 53.06
1377927082, 53.06
1377927087, 53.03
1377927092, 53.06
1377927097, 53.06
1377927102, 53.06
1377927107, 53.06
1377927112, 53.06
1377927117, 53.06
1377927122, 53.06
1377927127, 53.06
1377927132, 53.06
1377927137, 53.06
1377927142, 53.06
1377927147, 53.06
1377927152, 53.06
1377927157, 53.06
1377927162, 53.06
1377927167, 53.06
1377927172, 53.06
1377927177, 53.06
1377927182, 53.06
1377927187, 53.06
1377927192, 53.06
1377927197, 53.06
1377927202, 53.06
1377927207, 53.06
1377927212, 53.06
1377927217, 53.06
1377927222, 53.06
1377927227, 53.06
1377927232, 53.06
1377927237, 53.06
1377927242, 53.06
1377927247, 53.06
1377927252, 53.06
1377927260, 53.06
1377927262, 53.06
1377927267, 53.06
1377927272, 53.06
1377927277, 53.06
1377927282, 53.03
1377927287, 53.06
1377927292, 53.06
1377927297, 53.06
1377927304, 53.06
1377927307, 53.06
1377927312, 53.06
1377927317, 53.06
1377927322, 53.06
1377927327, 53.06
1377927332, 53.06
1377927337, 53.06
1377927342, 53.06
1377927347, 53.06
1377927352, 53.06
1377927357, 53.06
1377927362, 53.06
1377927367, 53.06
1377927372, 53.06
1377927377, 53.06
1377927382, 53.06
1377927387, 53.06
1377927392, 53.06
1377927397, 53.06
1377927402, 53.06
1377927407, 53.06
1377927412, 53.06
1377927417, 53.06
1377927422, 53.06
1377927427, 53.06
1377927432, 53.06
1377927437, 53.03
1377927442, 53.06
1377927447, 53.06
1377927452, 53.06
1377927457, 53.06
1377927462, 53.06
1377927467, 53.06
1377927472, 53.06
1377927477, 53.06
1377927482, 53.06
1377927487, 53.06
1377927492, 53.06
1377927497, 53.06
1377927502, 53.06
1377927507, 53.06
1377927512, 53.06
1377927517, 53.06
1377927522, 53.06
1377927527, 53.06
1377927532, 53.06
1377927537, 53.06
1377927542, 53.06
1377927547, 53.06
1377927552, 53.06
1377927557, 53.06
1377927562, 53.06
1377927567, 53.06
1377927572, 53.06
1377927577, 53.06
1377927582, 53.06
1377927587, 53.06
1377927592, 53.06
1377927597, 53.06
1377927602, 53.06
1377927607, 53.06
1377927612, 53.06
1377927617, 53.03
1377927622, 53.06
1377927627, 53.06
1377927632, 53.06
1377927637, 53.06
1377927642, 53.06
1377927647, 53.06
1377927652, 53.06
1377927657, 53.06
1377927662, 53.06
1377927667, 53.06
1377927672, 53.06
1377927677, 53.06
1377927682, 53.06
1377927687, 53.06
1377927692, 53.06
1377927697, 53.06
1377927702, 53.06
1377927707, 53.06
1377927712, 53.06
1377927717, 53.06
1377927722, 53.06
1377927727, 53.06
1377927732, 53.06
1377927737, 53.06
1377927742, 53.06
1377927747, 53.06
1377927752, 53.06
1377927757, 53.06
1377927762, 53.06
1377927767, 53.06
1377927772, 53.06
1377927777, 53.06
1377927782, 53.06
1377927787, 53.06
1377927792, 53.06
1377927797, 53.06
1377927802, 53.06
1377927807, 53.06
1377927812, 53.06
1377927817, 53.03
1377927822, 53.06
1377927827, 53.06
1377927832, 53.06
1377927837, 53.06
1377927842, 53.06
1377927847, 53.06
1377927852, 53.06
1377927857, 53.06
1377927862, 53.06
1377927867, 53.06
1377927872, 53.03
1377927877, 53.06
1377927882, 53.06
1377927887, 53.03
1377927892, 53.06
1377927897, 53.06
1377927902, 53.03
1377927907, 53.03
1377927912, 53.03
1377927917, 53.03
1377927922, 53.06
1377927927, 53.03
1377927932, 53.03
1377927937, 53.03
1377927942, 53.06
1377927947, 53.06
1377927952, 53.06
1377927957, 53.06
1377927962, 53.06
1377927969, 53.06
1377927972, 53.06
1377927977, 53.03
1377927982, 53.06
1377927987, 53.06
1377927992, 53.03
1377927997, 53.06
1377928002, 53.06
1377928007, 53.03
1377928012, 53.06
1377928017, 53.06
1377928022, 53.03
1377928027, 53.06
1377928032, 53.06
1377928037, 53.06
1377928042, 53.06
1377928047, 53.03
1377928052, 53.06
1377928057, 53.03
1377928062, 53.06
1377928067, 53.06
1377928072, 53.06
1377928077, 53.06
1377928082, 53.06
1377928087, 53.06
1377928092, 53.06
1377928097, 53.06
1377928102, 53.06
1377928107, 53.03
1377928112, 53.06
1377928117, 53.06
1377928122, 53.06
1377928127, 53.03
1377928132, 53.03
1377928137, 53.03
1377928142, 53.03
1377928147, 53.03
1377928152, 53.03
1377928157, 53.06
1377928162, 53.06
1377928167, 53.06
1377928172, 53.03
1377928177, 53.06
1377928182, 53.06
1377928187, 53.06
1377928192, 53.06
1377928197, 53.06
1377928202, 53.03
1377928207, 53.06
1377928212, 53.06
1377928217, 53.06
1377928222, 53.03
1377928227, 53.03
1377928232, 53.06
1377928237, 53.06
1377928242, 53.06
1377928247, 53.06
1377928252, 53.06
1377928257, 53.03
1377928263, 53.06
1377928267, 53.06
1377928272, 53.03
1377928277, 53.06
1377928282, 53.06
1377928287, 53.06
1377928292, 53.06
1377928297, 53.03
1377928302, 53.03
1377928307, 53.06
1377928312, 53.06
1377928317, 53.03
1377928322, 53.03
1377928327, 53.06
1377928332, 53.03
1377928337, 53.06
1377928342, 53.06
1377928347, 53.06
1377928352, 53.03
1377928357, 53.03
1377928362, 53.03
1377928367, 53.03
1377928372, 53.03
1377928377, 53.06
1377928382, 53.03
1377928387, 53.03
1377928392, 53.03
1377928397, 53.06
1377928402, 53.06
1377928407, 53.03
1377928412, 53.00
1377928417, 53.03
1377928422, 53.06
1377928427, 53.06
1377928432, 53.06
1377928437, 53.06
1377928442, 53.06
1377928447, 53.03
1377928452, 53.03
1377928457, 53.03
1377928462, 53.06
1377928467, 53.06
1377928472, 53.06
1377928477, 53.03
1377928482, 53.06
1377928487, 53.03
1377928492, 53.06
1377928497, 53.06
1377928502, 53.03
1377928507, 53.00
1377928512, 53.03
1377928517, 53.03
1377928522, 53.03
1377928527, 53.06
1377928532, 53.03
1377928537, 53.03
1377928542, 53.06
1377928547, 53.03
1377928552, 53.03
1377928557, 53.06
1377928562, 53.03
1377928567, 53.06
1377928572, 53.03
1377928577, 53.06
1377928582, 53.03
1377928587, 53.03
1377928592, 53.03
1377928597, 53.03
1377928602, 53.03
1377928607, 53.03
1377928612, 53.03
1377928617, 53.03
1377928622, 53.03
1377928627, 53.03
1377928632, 53.03
1377928637, 53.03
1377928642, 53.03
1377928647, 53.03
1377928652, 53.00
1377928661, 53.03
1377928662, 53.00
1377928667, 53.03
1377928672, 53.03
1377928677, 53.00
1377928682, 53.03
1377928687, 53.03
1377928692, 53.03
1377928697, 53.03
1377928702, 53.03
1377928707, 53.00
1377928712, 53.03
1377928717, 53.00
1377928722, 53.00
1377928727, 53.03
1377928732, 53.00
1377928737, 53.03
1377928742, 53.03
1377928747, 53.00
1377928752, 53.00
1377928757, 53.00
1377928762, 53.03
1377928767, 53.00
1377928772, 53.00
1377928777, 53.00
1377928782, 53.00
1377928787, 53.00
1377928792, 53.00
1377928797, 53.00
1377928802, 53.00
1377928807, 53.03
1377928812, 53.00
1377928817, 53.00
1377928822, 53.00
1377928827, 53.00
1377928832, 53.00
1377928837, 53.00
1377928842, 53.00
1377928847, 53.00
1377928852, 53.00
1377928857, 53.00
1377928862, 53.00
1377928867, 52.97
1377928872, 53.00
1377928877, 53.00
1377928882, 53.00
1377928887, 53.00
1377928892, 53.00
1377928897, 53.00
1377928902, 53.00
1377928907, 53.00
1377928912, 53.00
1377928917, 53.00
1377928922, 53.00
1377928927, 53.00
1377928932, 53.00
1377928937, 52.97
1377928942, 53.00
1377928947, 52.97
1377928952, 53.00
1377928957, 53.00
1377928962, 53.00
1377928967, 53.00
1377928972, 53.00
1377928977, 53.00
1377928982, 53.00
1377928987, 53.00
1377928992, 52.97
1377928997, 53.00
1377929002, 53.00
1377929007, 53.00
1377929012, 53.00
1377929017, 53.00
1377929022, 53.00
1377929027, 53.00
1377929032, 53.00
1377929037, 52.97
1377929042, 53.00
1377929047, 53.00
1377929052, 53.00
1377929057, 52.97
1377929062, 52.97
1377929067, 52.97
1377929072, 53.00
1377929077, 53.00
1377929082, 53.00
1377929087, 53.00
1377929092, 53.00
1377929097, 53.00
1377929102, 53.00
1377929107, 53.00
1377929112, 53.00
1377929117, 53.00
1377929122, 53.00
1377929127, 53.00
1377929132, 53.00
1377929137, 53.00
1377929142, 53.00
1377929147, 52.97
1377929152, 53.00
1377929158, 53.00
1377929162, 53.00
1377929167, 53.00
1377929172, 53.00
1377929177, 53.00
1377929182, 53.00
1377929187, 53.00
1377929192, 52.97
1377929197, 53.00
1377929202, 53.00
1377929207, 53.00
1377929212, 53.00
1377929217, 53.00
1377929222, 53.00
1377929227, 53.00
1377929232, 53.00
1377929237, 53.00
1377929242, 53.00
1377929247, 52.97
1377929252, 53.00
1377929257, 53.00
1377929262, 52.97
1377929267, 52.97
1377929272, 52.97
1377929277, 53.00
1377929282, 53.00
1377929287, 52.97
1377929292, 53.00
1377929297, 53.00
1377929302, 52.97
1377929307, 52.97
1377929312, 52.97
1377929317, 53.00
1377929322, 53.00
1377929327, 52.97
1377929332, 52.97
1377929337, 53.00
1377929342, 53.00
1377929347, 52.97
1377929352, 52.97
1377929357, 52.97
1377929362, 52.97
1377929367, 53.00
1377929372, 53.00
1377929381, 52.97
1377929382, 53.00
1377929387, 53.00
1377929392, 52.97
1377929397, 53.00
1377929402, 52.97
1377929407, 53.00
1377929412, 52.97
1377929417, 53.00
1377929422, 53.00
1377929427, 52.97
1377929432, 52.97
1377929437, 52.97
1377929442, 53.00
1377929447, 52.97
1377929452, 53.00
1377929457, 52.97
1377929462, 53.00
1377929467, 52.97
1377929472, 53.00
1377929477, 53.00
1377929482, 52.97
1377929487, 52.97
1377929492, 53.00
1377929497, 53.00
1377929502, 53.00
1377929507, 53.00
1377929512, 53.00
1377929517, 53.00
1377929522, 53.00
1377929527, 53.00
1377929532, 53.00
1377929537, 52.97
1377929542, 53.00
1377929547, 53.00
1377929552, 52.97
1377929557, 53.00
1377929562, 53.00
1377929567, 53.00
1377929572, 53.00
1377929577, 52.97
1377929582, 53.00
1377929587, 53.00
1377929592, 53.00
1377929597, 53.00
1377929602, 53.00
1377929607, 53.00
1377929612, 53.00
1377929617, 53.00
1377929622, 53.00
1377929627, 53.00
1377929632, 53.00
1377929637, 53.00
1377929642, 53.00
1377929647, 53.00
1377929652, 53.00
1377929657, 53.00
1377929662, 52.97
1377929667, 53.00
1377929672, 53.00
1377929677, 53.00
1377929682, 53.00
1377929687, 53.00
1377929692, 53.00
1377929697, 53.00
1377929702, 53.00
1377929707, 53.00
1377929712, 53.00
1377929717, 52.97
1377929722, 53.00
1377929727, 52.97
1377929732, 53.00
1377929737, 53.00
1377929742, 53.00
1377929747, 53.00
1377929752, 52.97
1377929757, 53.00
1377929763, 53.00
1377929767, 53.00
1377929772, 53.00
1377929777, 53.00
1377929782, 53.00
1377929787, 53.00
1377929792, 53.00
1377929797, 53.00
1377929802, 52.97
1377929807, 52.97
1377929812, 53.00
1377929817, 52.97
1377929822, 53.00
1377929827, 53.00
1377929832, 52.97
1377929837, 52.97
1377929842, 53.00
1377929847, 53.00
1377929852, 53.00
1377929857, 53.00
1377929862, 52.97
1377929867, 53.00
1377929872, 52.97
1377929877, 52.97
1377929882, 52.97
1377929887, 52.97
1377929892, 52.97
1377929897, 52.97
1377929902, 52.97
1377929907, 52.97
1377929912, 52.97
1377929917, 52.97
1377929922, 52.97
1377929927, 52.97
1377929932, 52.97
1377929937, 53.00
1377929942, 52.97
1377929947, 52.97
1377929952, 52.97
1377929957, 53.00
1377929962, 53.00
1377929967, 52.97
1377929972, 52.97
1377929977, 53.00
1377929982, 52.97
1377929987, 52.97
1377929992, 52.97
1377929997, 52.97
1377930002, 52.97
1377930007, 52.97
1377930012, 52.97
1377930017, 52.97
1377930022, 52.97
1377930027, 52.97
1377930032, 52.94
1377930037, 52.97
1377930042, 52.97
1377930047, 52.97
1377930052, 52.97
1377930057, 52.94
1377930062, 52.97
1377930067, 52.97
1377930072, 52.97
1377930077, 52.97
1377930082, 52.97
1377930087, 52.97
1377930092, 52.94
1377930097, 52.94
1377930102, 52.97
1377930107, 52.97
1377930112, 52.97
1377930117, 52.97
1377930122, 52.97
1377930127, 52.97
1377930132, 52.97
1377930141, 52.94
1377930142, 52.94
1377930147, 52.97
1377930152, 52.97
1377930157, 52.97
1377930162, 52.97
1377930167, 52.97
1377930172, 52.97
1377930177, 52.97
1377930182, 52.94
1377930187, 52.94
1377930192, 52.94
1377930197, 52.94
1377930202, 52.97
1377930207, 52.94
1377930212, 52.94
1377930218, 52.94
1377930222, 52.94
1377930227, 52.94
1377930232, 52.94
1377930237, 52.94
1377930242, 52.94
1377930247, 52.94
1377930252, 52.94
1377930257, 52.94
1377930262, 52.97
1377930267, 52.94
1377930272, 52.94
1377930277, 52.94
1377930282, 52.94
1377930287, 52.94
1377930292, 52.94
1377930297, 52.94
1377930302, 52.94
1377930307, 52.94
1377930312, 52.94
1377930317, 52.94
1377930322, 52.94
1377930327, 52.94
1377930332, 52.94
1377930337, 52.97
1377930342, 52.94
1377930347, 52.94
1377930352, 52.94
1377930357, 52.94
1377930362, 52.94
1377930368, 52.94
1377930372, 52.94
1377930377, 52.94
1377930382, 52.94
1377930387, 52.94
1377930392, 52.94
1377930397, 52.94
1377930402, 52.91
1377930407, 52.94
1377930412, 52.94
1377930417, 52.94
1377930422, 52.91
1377930427, 52.91
1377930432, 52.94
1377930437, 52.91
1377930442, 52.91
1377930447, 52.91
1377930452, 52.91
1377930457, 52.91
1377930462, 52.91
1377930467, 52.91
1377930472, 52.91
1377930477, 52.94
1377930482, 52.94
1377930487, 52.91
1377930492, 52.94
1377930497, 52.91
1377930502, 52.94
1377930507, 52.91
1377930512, 52.91
1377930517, 52.94
1377930522, 52.91
1377930527, 52.94
1377930532, 52.91
1377930537, 52.91
1377930542, 52.91
1377930547, 52.91
1377930552, 52.91
1377930557, 52.87
1377930562, 52.91
1377930567, 52.87
1377930572, 52.91
1377930577, 52.91
1377930582, 52.91
1377930587, 52.94
1377930592, 52.91
1377930597, 52.91
1377930602, 52.91
1377930607, 52.91
1377930612, 52.91
1377930617, 52.87
1377930622, 52.91
1377930627, 52.91
1377930632, 52.91
1377930637, 52.91
1377930642, 52.87
1377930647, 52.87
1377930652, 52.87
1377930657, 52.87
1377930662, 52.91
1377930667, 52.91
1377930672, 52.87
1377930677, 52.87
1377930682, 52.87
1377930687, 52.87
1377930692, 52.91
1377930697, 52.91
1377930702, 52.91
1377930707, 52.87
1377930712, 52.87
1377930717, 52.87
1377930722, 52.87
1377930727, 52.87
1377930732, 52.87
1377930737, 52.87
1377930742, 52.87
1377930747, 52.87
1377930752, 52.87
1377930757, 52.87
1377930762, 52.87
1377930767, 52.87
1377930772, 52.87
1377930777, 52.87
1377930782, 52.87
1377930787, 52.87
1377930792, 52.87
1377930797, 52.87
1377930802, 52.87
1377930807, 52.87
1377930812, 52.87
1377930817, 52.87
1377930822, 52.84
1377930827, 52.87
1377930832, 52.87
1377930837, 52.87
1377930842, 52.87
1377930847, 52.87
1377930852, 52.87
1377930857, 52.87
1377930862, 52.87
1377930867, 52.87
1377930872, 52.87
1377930877, 52.87
1377930882, 52.87
1377930891, 52.84
1377930892, 52.87
1377930897, 52.87
1377930902, 52.87
1377930907, 52.84
1377930912, 52.87
1377930917, 52.87
1377930922, 52.87
1377930927, 52.84
1377930932, 52.87
1377930937, 52.84
1377930942, 52.87
1377930947, 52.87
1377930952, 52.84
1377930957, 52.84
1377930962, 52.84
1377930967, 52.87
1377930972, 52.84
1377930977, 52.84
1377930982, 52.84
1377930987, 52.84
1377930992, 52.87
1377930997, 52.84
1377931002, 52.84
1377931007, 52.84
1377931012, 52.87
1377931017, 52.84
1377931022, 52.84
1377931027, 52.81
1377931032, 52.84
1377931037, 52.84
1377931042, 52.84
1377931047, 52.81
1377931052, 52.84
1377931057, 52.84
1377931062, 52.84
1377931067, 52.81
1377931072, 52.81
1377931077, 52.84
1377931082, 52.84
1377931087, 52.84
1377931092, 52.84
1377931097, 52.84
1377931102, 52.84
1377931107, 52.84
1377931112, 52.84
1377931117, 52.84
1377931122, 52.81
1377931127, 52.84
1377931132, 52.81
1377931137, 52.84
1377931142, 52.84
1377931147, 52.81
1377931152, 52.84
1377931157, 52.81
1377931162, 52.84
1377931167, 52.84
1377931172, 52.84
1377931177, 52.84
1377931182, 52.81
1377931187, 52.84
1377931192, 52.81
1377931197, 52.84
1377931202, 52.84
1377931207, 52.84
1377931212, 52.81
1377931217, 52.81
1377931222, 52.81
1377931227, 52.81
1377931232, 52.84
1377931237, 52.84
1377931242, 52.84
1377931247, 52.81
1377931252, 52.81
1377931257, 52.81
1377931262, 52.81
1377931267, 52.81
1377931272, 52.84
1377931278, 52.81
1377931282, 52.81
1377931287, 52.81
1377931292, 52.81
1377931297, 52.81
1377931302, 52.84
1377931307, 52.81
1377931312, 52.81
1377931317, 52.84
1377931322, 52.81
1377931327, 52.81
1377931332, 52.81
1377931337, 52.81
1377931342, 52.81
1377931347, 52.81
1377931352, 52.81
1377931357, 52.81
1377931362, 52.81
1377931367, 52.81
1377931372, 52.81
1377931377, 52.81
1377931382, 52.81
1377931387, 52.81
1377931392, 52.81
1377931397, 52.81
1377931402, 52.81
1377931407, 52.81
1377931412, 52.81
1377931417, 52.81
1377931422, 52.81
1377931427, 52.81
1377931432, 52.81
1377931437, 52.81
1377931442, 52.81
1377931447, 52.78
1377931452, 52.81
1377931457, 52.81
1377931462, 52.81
1377931467, 52.81
1377931472, 52.81
1377931477, 52.81
1377931482, 52.81
1377931487, 52.81
1377931492, 52.81
1377931497, 52.81
1377931502, 52.81
1377931507, 52.81
1377931512, 52.81
1377931517, 52.81
1377931522, 52.81
1377931527, 52.81
1377931532, 52.78
1377931537, 52.81
1377931542, 52.81
1377931547, 52.81
1377931552, 52.81
1377931557, 52.81
1377931562, 52.81
1377931567, 52.81
1377931572, 52.81
1377931577, 52.81
1377931582, 52.81
1377931587, 52.81
1377931592, 52.81
1377931597, 52.81
1377931602, 52.81
1377931607, 52.81
1377931612, 52.81
1377931617, 52.81
1377931622, 52.81
1377931627, 52.81
1377931632, 52.81
1377931637, 52.81
1377931642, 52.81
1377931651, 52.81
1377931652, 52.81
1377931657, 52.81
1377931662, 52.81
1377931667, 52.81
1377931672, 52.81
1377931677, 52.81
1377931682, 52.81
1377931687, 52.81
1377931692, 52.81
1377931697, 52.81
1377931702, 52.81
1377931707, 52.81
1377931712, 52.81
1377931717, 52.84
1377931722, 52.84
1377931727, 52.81
1377931732, 52.84
1377931737, 52.84
1377931742, 52.81
1377931747, 52.81
1377931752, 52.81
1377931757, 52.81
1377931762, 52.81
1377931767, 52.81
1377931772, 52.84
1377931777, 52.84
1377931782, 52.84
1377931787, 52.81
1377931792, 52.84
1377931797, 52.84
1377931802, 52.84
1377931807, 52.81
1377931812, 52.81
1377931817, 52.84
1377931822, 52.81
1377931827, 52.84
1377931832, 52.84
1377931837, 52.84
1377931842, 52.84
1377931847, 52.84
1377931852, 52.81
1377931857, 52.84
1377931862, 52.87
1377931867, 52.84
1377931872, 52.84
1377931877, 52.84
1377931882, 52.84
1377931887, 52.84
1377931892, 52.87
1377931897, 52.84
1377931902, 52.84
1377931907, 52.87
1377931912, 52.84
1377931917, 52.87
1377931922, 52.84
1377931927, 52.84
1377931932, 52.84
1377931937, 52.84
1377931942, 52.87
1377931947, 52.84
1377931952, 52.84
1377931957, 52.87
1377931962, 52.84
1377931967, 52.87
1377931972, 52.87
1377931977, 52.84
1377931982, 52.87
1377931987, 52.87
1377931992, 52.87
1377931997, 52.87
1377932002, 52.87
1377932007, 52.87
1377932012, 52.87
1377932017, 52.87
1377932022, 52.87
1377932027, 52.87
1377932032, 52.87
1377932037, 52.87
1377932042, 52.87
1377932047, 52.87
1377932052, 52.87
1377932057, 52.87
1377932062, 52.87
1377932067, 52.87
1377932072, 52.87
1377932077, 52.87
1377932082, 52.87
1377932087, 52.87
1377932092, 52.87
1377932097, 52.87
1377932102, 52.87
1377932107, 52.87
1377932112, 52.87
1377932117, 52.87
1377932122, 52.87
1377932127, 52.87
1377932132, 52.91
1377932137, 52.87
1377932142, 52.91
1377932147, 52.87
1377932152, 52.91
1377932157, 52.87
1377932162, 52.91
1377932167, 52.91
1377932172, 52.91
1377932177, 52.91
1377932182, 52.91
1377932187, 52.91
1377932192, 52.91
1377932197, 52.91
1377932202, 52.87
1377932207, 52.91
1377932212, 52.91
1377932217, 52.87
1377932222, 52.91
1377932227, 52.91
1377932232, 52.91
1377932237, 52.91
1377932242, 52.91
1377932247, 52.91
1377932252, 52.91
1377932257, 52.91
1377932262, 52.91
1377932267, 52.91
1377932272, 52.94
1377932277, 52.94
1377932282, 52.91
1377932287, 52.94
1377932292, 52.94
1377932297, 52.94
1377932302, 52.94
1377932307, 52.94
1377932312, 52.94
1377932317, 52.91
1377932322, 52.91
1377932327, 52.91
1377932332, 52.91
1377932337, 52.94
1377932342, 52.94
1377932347, 52.94
1377932352, 52.94
1377932357, 52.94
1377932362, 52.94
1377932367, 52.94
1377932372, 52.94
1377932377, 52.94
1377932384, 52.94
1377932387, 52.94
1377932392, 52.94
1377932397, 52.94
1377932402, 52.94
1377932407, 52.94
1377932412, 52.94
1377932417, 52.94
1377932422, 52.94
1377932427, 52.94
1377932432, 52.94
1377932437, 52.94
1377932442, 52.94
1377932447, 52.94
1377932452, 52.94
1377932457, 52.94
1377932462, 52.94
1377932467, 52.94
1377932472, 52.94
1377932477, 52.94
1377932482, 52.94
1377932487, 52.94
1377932492, 52.94
1377932497, 52.94
1377932502, 52.94
1377932507, 52.94
1377932512, 52.94
1377932517, 52.94
1377932522, 52.94
1377932527, 52.94
1377932532, 52.94
1377932537, 52.94
1377932542, 52.94
1377932547, 52.94
1377932552, 52.94
1377932557, 52.94
1377932562, 52.94
1377932567, 52.94
1377932572, 52.94
1377932577, 52.94
1377932582, 52.94
1377932587, 52.94
1377932592, 52.94
1377932597, 52.94
1377932602, 52.94
1377932607, 52.94
1377932612, 52.94
1377932617, 52.94
1377932622, 52.94
1377932627, 52.94
1377932632, 52.94
1377932637, 52.94
1377932642, 52.94
1377932647, 52.94
1377932652, 52.94
1377932657, 52.94
1377932662, 52.94
1377932667, 52.94
1377932672, 52.94
1377932677, 52.94
1377932682, 52.94
1377932687, 52.94
1377932692, 52.94
1377932697, 52.94
1377932702, 52.94
1377932707, 52.94
1377932712, 52.94
1377932717, 52.94
1377932722, 52.94
1377932727, 52.94
1377932732, 52.94
1377932737, 52.94
1377932742, 52.94
1377932747, 52.94
1377932752, 52.94
1377932757, 52.94
1377932762, 52.94
1377932767, 52.94
1377932772, 52.94
1377932777, 52.94
1377932783, 52.94
1377932787, 52.94
1377932792, 52.94
1377932797, 52.94
1377932802, 52.94
1377932807, 52.94
1377932812, 52.94
1377932817, 52.94
1377932822, 52.94
1377932827, 52.94
1377932832, 52.97
1377932837, 52.94
1377932842, 52.94
1377932847, 52.94
1377932852, 52.94
1377932857, 52.94
1377932862, 52.94
1377932867, 52.94
1377932872, 52.94
1377932877, 52.94
1377932882, 52.94
1377932887, 52.94
1377932892, 52.94
1377932897, 52.94
1377932902, 52.94
1377932907, 52.94
1377932912, 52.94
1377932917, 52.94
1377932922, 52.94
1377932927, 52.94
1377932932, 52.94
1377932937, 52.97
1377932942, 52.94
1377932947, 52.94
1377932952, 52.94
1377932957, 52.94
1377932962, 52.94
1377932967, 52.94
1377932972, 52.94
1377932977, 52.94
1377932982, 52.94
1377932987, 52.94
1377932992, 52.94
1377932997, 52.94
1377933002, 52.94
1377933007, 52.94
1377933012, 52.94
1377933017, 52.94
1377933022, 52.94
1377933027, 52.94
1377933032, 52.94
1377933037, 52.94
1377933042, 52.94
1377933047, 52.94
1377933052, 52.94
1377933057, 52.94
1377933062, 52.94
1377933067, 52.94
1377933072, 52.94
1377933083, 52.94
1377933087, 52.94
1377933092, 52.94
1377933097, 52.94
1377933102, 52.94
1377933107, 52.94
1377933112, 52.94
1377933117, 52.94
1377933122, 52.94
1377933127, 52.94
1377933132, 52.94
1377933137, 52.94
1377933142, 52.94
1377933147, 52.94
1377933152, 52.94
1377933157, 52.94
1377933162, 52.94
1377933167, 52.94
1377933172, 52.94
1377933177, 52.94
1377933182, 52.94
1377933187, 52.94
1377933192, 52.94
1377933197, 52.94
1377933202, 52.94
1377933207, 52.94
1377933212, 52.94
1377933217, 52.94
1377933222, 52.94
1377933228, 52.94
1377933232, 52.94
1377933237, 52.94
1377933242, 52.94
1377933247, 52.94
1377933252, 52.94
1377933257, 52.94
1377933262, 52.94
1377933267, 52.94
1377933272, 52.94
1377933277, 52.94
1377933282, 52.94
1377933287, 52.94
1377933292, 52.94
1377933297, 52.97
1377933302, 52.94
1377933307, 52.94
1377933312, 52.94
1377933317, 52.94
1377933322, 52.94
1377933327, 52.94
1377933332, 52.94
1377933337, 52.97
1377933342, 52.94
1377933347, 52.94
1377933352, 52.94
1377933357, 52.94
1377933362, 52.94
1377933367, 52.94
1377933372, 52.97
1377933377, 52.97
1377933382, 52.94
1377933387, 52.94
1377933392, 52.94
1377933397, 52.97
1377933402, 52.94
1377933407, 52.94
1377933412, 52.94
1377933417, 52.94
1377933422, 52.94
1377933427, 52.94
1377933432, 52.97
1377933437, 52.97
1377933442, 52.97
1377933447, 52.94
1377933452, 52.97
1377933457, 52.97
1377933462, 52.94
1377933467, 52.97
1377933472, 52.94
1377933477, 52.94
1377933482, 52.97
1377933487, 52.97
1377933492, 52.97
1377933497, 52.97
1377933502, 52.97
1377933507, 52.97
1377933512, 52.97
1377933517, 52.97
1377933522, 52.94
1377933527, 52.94
1377933532, 52.94
1377933537, 52.97
1377933542, 52.97
1377933547, 52.97
1377933552, 52.97
1377933557, 52.97
1377933562, 52.97
1377933567, 52.97
1377933572, 52.97
1377933577, 53.00
1377933582, 52.97
1377933587, 52.94
1377933592, 53.00
1377933597, 52.97
1377933602, 52.97
1377933607, 53.00
1377933612, 52.97
1377933617, 53.00
1377933622, 52.97
1377933627, 52.97
1377933632, 53.00
1377933637, 53.00
1377933642, 52.94
1377933647, 52.97
1377933652, 53.00
1377933657, 52.97
1377933662, 52.97
1377933667, 52.97
1377933672, 52.97
1377933677, 52.97
1377933682, 52.97
1377933687, 52.97
1377933692, 53.00
1377933697, 52.97
1377933702, 52.97
1377933707, 52.97
1377933712, 53.00
1377933717, 52.97
1377933722, 52.97
1377933727, 53.00
1377933732, 52.97
1377933737, 53.00
1377933742, 52.97
1377933747, 52.97
1377933752, 53.00
1377933757, 52.97
1377933762, 53.00
1377933767, 53.00
1377933772, 52.97
1377933777, 52.97
1377933784, 52.97
1377933787, 53.00
1377933792, 52.97
1377933797, 53.00
1377933802, 53.00
1377933807, 53.00
1377933812, 53.00
1377933817, 53.00
1377933822, 53.00
1377933827, 53.00
1377933832, 53.00
1377933837, 53.00
1377933842, 52.97
1377933847, 52.97
1377933852, 53.00
1377933857, 53.00
1377933862, 52.97
1377933867, 53.00
1377933872, 53.00
1377933877, 53.00
1377933882, 53.00
1377933887, 52.97
1377933892, 52.97
1377933897, 53.00
1377933902, 53.00
1377933907, 53.00
1377933912, 53.00
1377933917, 53.00
1377933922, 53.00
1377933927, 53.00
1377933932, 53.00
1377933937, 53.00
1377933942, 53.00
1377933947, 53.00
1377933952, 53.00
1377933957, 53.00
1377933962, 53.00
1377933967, 53.00
1377933973, 53.00
1377933977, 53.00
1377933982, 53.00
1377933987, 53.00
1377933992, 53.00
1377933997, 53.00
1377934002, 53.00
1377934007, 53.00
1377934012, 53.00
1377934017, 53.00
1377934022, 53.03
1377934027, 53.00
1377934032, 53.00
1377934037, 53.00
1377934042, 53.00
1377934047, 53.00
1377934052, 53.00
1377934057, 53.03
1377934062, 53.00
1377934067, 53.00
1377934072, 53.00
1377934077, 53.00
1377934082, 53.00
1377934087, 53.00
1377934092, 53.00
1377934097, 53.00
1377934102, 53.00
1377934107, 53.00
1377934112, 53.00
1377934117, 53.00
1377934123, 53.00
1377934127, 53.00
1377934132, 53.03
1377934137, 53.03
1377934142, 53.00
1377934147, 53.00
1377934152, 53.00
1377934157, 53.00
1377934162, 53.03
1377934167, 53.03
1377934172, 53.03
1377934177, 53.03
1377934182, 53.00
1377934187, 53.03
1377934192, 53.03
1377934197, 53.03
1377934202, 53.03
1377934207, 53.03
1377934212, 53.03
1377934217, 53.03
1377934222, 53.03
1377934227, 53.03
1377934232, 53.03
1377934237, 53.00
1377934242, 53.03
1377934247, 53.03
1377934252, 53.03
1377934257, 53.03
1377934262, 53.00
1377934267, 53.00
1377934272, 53.03
1377934277, 53.03
1377934282, 53.03
1377934287, 53.03
1377934292, 53.03
1377934297, 53.03
1377934302, 53.00
1377934307, 53.03
1377934312, 53.03
1377934317, 53.03
1377934322, 53.03
1377934327, 53.06
1377934332, 53.03
1377934337, 53.03
1377934342, 53.03
1377934347, 53.03
1377934352, 53.03
1377934357, 53.03
1377934362, 53.03
1377934367, 53.03
1377934372, 53.03
1377934377, 53.06
1377934382, 53.06
1377934387, 53.03
1377934392, 53.03
1377934397, 53.06
1377934402, 53.03
1377934407, 53.03
1377934412, 53.03
1377934418, 53.06
1377934422, 53.03
1377934427, 53.03
1377934432, 53.06
1377934437, 53.03
1377934442, 53.06
1377934447, 53.03
1377934452, 53.03
1377934457, 53.03
1377934462, 53.03
1377934467, 53.03
1377934472, 53.06
1377934477, 53.06
1377934482, 53.06
1377934487, 53.06
1377934492, 53.06
1377934501, 53.03
1377934502, 53.03
1377934507, 53.03
1377934512, 53.03
1377934517, 53.03
1377934522, 53.03
1377934527, 53.06
1377934532, 53.03
1377934537, 53.06
1377934542, 53.03
1377934547, 53.06
1377934552, 53.03
1377934557, 53.03
1377934562, 53.03
1377934567, 53.03
1377934572, 53.03
1377934577, 53.06
1377934582, 53.06
1377934587, 53.06
1377934592, 53.06
1377934597, 53.06
1377934602, 53.06
1377934607, 53.06
1377934612, 53.06
1377934617, 53.06
1377934622, 53.06
1377934627, 53.06
1377934632, 53.06
1377934637, 53.06
1377934642, 53.03
1377934647, 53.06
1377934652, 53.06
1377934657, 53.06
1377934662, 53.03
1377934667, 53.06
1377934672, 53.06
1377934677, 53.06
1377934682, 53.06
1377934687, 53.06
1377934692, 53.06
1377934697, 53.03
1377934702, 53.06
1377934707, 53.06
1377934712, 53.06
1377934717, 53.06
1377934722, 53.06
1377934727, 53.06
1377934732, 53.06
1377934737, 53.06
1377934742, 53.06
1377934747, 53.06
1377934752, 53.06
1377934757, 53.06
1377934762, 53.03
1377934767, 53.06
1377934772, 53.06
1377934777, 53.06
1377934782, 53.06
1377934787, 53.06
1377934792, 53.06
1377934797, 53.06
1377934802, 53.06
1377934807, 53.06
1377934812, 53.06
1377934817, 53.06
1377934822, 53.06
1377934827, 53.06
1377934832, 53.06
1377934837, 53.06
1377934842, 53.06
1377934847, 53.06
1377934852, 53.06
1377934857, 53.06
1377934862, 53.06
1377934867, 53.06
1377934872, 53.03
1377934877, 53.06
1377934882, 53.06
1377934887, 53.06
1377934892, 53.06
1377934897, 53.06
1377934902, 53.06
1377934907, 53.06
1377934912, 53.06
1377934917, 53.06
1377934922, 53.06
1377934927, 53.06
1377934932, 53.06
1377934937, 53.06
1377934942, 53.03
1377934947, 53.03
1377934952, 53.06
1377934957, 53.06
1377934962, 53.06
1377934967, 53.06
1377934972, 53.03
1377934977, 53.06
1377934982, 53.06
1377934987, 53.06
1377934992, 53.06
1377934997, 53.06
1377935002, 53.06
1377935007, 53.06
1377935013, 53.03
1377935017, 53.06
1377935022, 53.06
1377935027, 53.06
1377935032, 53.06
1377935037, 53.03
1377935042, 53.03
1377935047, 53.03
1377935052, 53.06
1377935057, 53.06
1377935062, 53.06
1377935067, 53.06
1377935072, 53.06
1377935077, 53.06
1377935082, 53.06
1377935087, 53.06
1377935092, 53.03
1377935097, 53.03
1377935102, 53.03
1377935107, 53.06
1377935112, 53.03
1377935117, 53.06
1377935122, 53.03
1377935127, 53.03
1377935132, 53.06
1377935137, 53.03
1377935142, 53.03
1377935147, 53.03
1377935152, 53.03
1377935157, 53.03
1377935162, 53.03
1377935167, 53.06
1377935172, 53.00
1377935177, 53.03
1377935182, 53.03
1377935187, 53.03
1377935192, 53.03
1377935199, 53.03
1377935202, 53.03
1377935207, 53.03
1377935212, 53.03
1377935217, 53.03
1377935222, 53.00
1377935227, 53.03
1377935232, 53.03
1377935237, 53.03
1377935242, 53.00
1377935247, 53.03
1377935252, 53.03
1377935257, 53.03
1377935262, 53.03
1377935267, 53.03
1377935272, 53.03
1377935277, 53.03
1377935282, 53.00
1377935287, 53.03
1377935292, 53.00
1377935297, 53.03
1377935302, 53.00
1377935307, 53.03
1377935312, 53.00
1377935317, 53.03
1377935322, 53.00
1377935327, 53.00
1377935332, 53.00
1377935337, 53.03
1377935342, 53.00
1377935347, 53.00
1377935352, 53.00
1377935357, 53.03
1377935362, 53.03
1377935367, 53.03
1377935372, 53.00
1377935377, 53.00
1377935382, 53.00
1377935387, 53.03
1377935392, 53.00
1377935397, 53.00
1377935402, 53.00
1377935407, 53.00
1377935412, 53.00
1377935417, 53.00
1377935422, 53.00
1377935427, 53.00
1377935432, 53.00
1377935437, 53.00
1377935442, 53.00
1377935447, 53.00
1377935452, 53.00
1377935457, 53.00
1377935462, 53.00
1377935467, 53.00
1377935472, 53.00
1377935477, 53.03
1377935482, 53.00
1377935487, 53.00
1377935492, 53.00
1377935497, 53.00
1377935502, 53.00
1377935507, 53.00
1377935512, 53.00
1377935517, 53.00
1377935522, 53.00
1377935527, 53.00
1377935532, 53.00
1377935537, 53.00
1377935542, 53.00
1377935547, 53.00
1377935552, 53.00
1377935557, 53.00
1377935562, 53.00
1377935567, 53.00
1377935572, 53.00
1377935577, 53.00
1377935582, 53.00
1377935587, 53.00
1377935592, 53.00
1377935597, 53.00
1377935602, 53.00
1377935607, 53.00
1377935612, 53.00
1377935617, 53.00
1377935622, 53.00
1377935627, 52.97
1377935632, 53.00
1377935637, 53.00
1377935642, 53.00
1377935647, 53.00
1377935652, 53.00
1377935657, 53.00
1377935662, 53.00
1377935667, 52.97
1377935672, 53.00
1377935677, 53.00
1377935682, 53.00
1377935687, 53.00
1377935692, 53.00
1377935697, 53.00
1377935702, 53.00
1377935707, 53.00
1377935712, 53.00
1377935717, 53.00
1377935722, 53.00
1377935727, 52.97
1377935732, 53.00
1377935737, 52.97
1377935742, 53.00
1377935747, 53.00
1377935752, 53.00
1377935757, 53.00
1377935762, 53.00
1377935767, 53.00
1377935772, 53.00
1377935777, 53.00
1377935782, 52.97
1377935787, 53.00
1377935792, 52.97
1377935797, 53.00
1377935802, 53.00
1377935807, 53.00
1377935812, 52.97
1377935817, 53.00
1377935822, 52.97
1377935827, 53.00
1377935832, 52.97
1377935837, 52.97
1377935842, 53.00
1377935847, 52.97
1377935852, 53.00
1377935857, 53.00
1377935862, 52.97
1377935867, 53.00
1377935872, 53.00
1377935877, 52.97
1377935882, 53.00
1377935887, 52.97
1377935892, 53.00
1377935897, 53.00
1377935902, 52.97
1377935907, 53.00
1377935912, 52.97
1377935917, 53.00
1377935922, 53.00
1377935927, 53.00
1377935934, 52.97
1377935937, 53.00
1377935942, 52.97
1377935947, 53.00
1377935952, 53.00
1377935957, 52.97
1377935962, 52.97
1377935967, 53.00
1377935972, 52.97
1377935977, 53.00
1377935982, 52.97
1377935987, 52.97
1377935992, 53.00
1377935997, 52.97
1377936002, 53.00
1377936007, 52.97
1377936012, 53.00
1377936017, 53.00
1377936022, 53.00
1377936027, 53.00
1377936032, 53.00
1377936037, 53.00
1377936042, 53.00
1377936047, 52.97
1377936052, 53.00
1377936057, 53.00
1377936062, 53.00
1377936067, 52.97
1377936072, 53.00
1377936077, 52.97
1377936082, 53.00
1377936087, 53.00
1377936092, 53.00
1377936097, 53.00
1377936102, 52.97
1377936107, 53.00
1377936112, 53.00
1377936117, 53.00
1377936122, 53.00
1377936127, 53.00
1377936132, 53.00
1377936137, 53.00
1377936142, 53.00
1377936147, 53.00
1377936152, 53.00
1377936157, 53.00
1377936162, 53.00
1377936167, 53.00
1377936172, 53.00
1377936177, 53.00
1377936182, 53.00
1377936187, 53.00
1377936192, 53.00
1377936197, 53.00
1377936202, 53.00
1377936207, 53.00
1377936212, 53.00
1377936217, 53.00
1377936222, 53.00
1377936227, 53.00
1377936232, 53.00
1377936237, 53.00
1377936242, 53.00
1377936247, 53.03
1377936252, 53.00
1377936257, 53.00
1377936262, 53.00
1377936267, 53.00
1377936272, 53.00
1377936277, 53.03
1377936282, 53.00
1377936287, 53.00
1377936292, 53.00
1377936297, 53.00
1377936302, 53.00
1377936307, 53.03
1377936312, 53.00
1377936317, 53.00
1377936322, 53.00
1377936327, 53.03
1377936332, 53.00
1377936337, 53.03
1377936342, 53.00
1377936347, 53.00
1377936352, 53.00
1377936357, 53.03
1377936363, 53.03
1377936367, 53.03
1377936372, 53.00
1377936377, 53.03
1377936382, 53.03
1377936387, 53.03
1377936392, 53.03
1377936397, 53.03
1377936402, 53.03
1377936407, 53.03
1377936412, 53.03
1377936417, 53.03
1377936422, 53.03
1377936427, 53.03
1377936432, 53.03
1377936437, 53.06
1377936442, 53.03
1377936447, 53.03
1377936452, 53.03
1377936457, 53.03
1377936462, 53.03
1377936467, 53.03
1377936472, 53.03
1377936477, 53.03
1377936482, 53.03
1377936487, 53.03
1377936492, 53.03
1377936497, 53.06
1377936502, 53.03
1377936507, 53.03
1377936512, 53.03
1377936517, 53.03
1377936522, 53.06
1377936527, 53.03
1377936532, 53.03
1377936537, 53.06
1377936542, 53.03
1377936547, 53.03
1377936552, 53.06
1377936557, 53.06
1377936562, 53.10
1377936567, 53.06
1377936572, 53.06
1377936577, 53.06
1377936582, 53.06
1377936587, 53.06
1377936592, 53.06
1377936597, 53.06
1377936602, 53.06
1377936607, 53.06
1377936612, 53.06
1377936617, 53.06
1377936622, 53.06
1377936627, 53.06
1377936632, 53.06
1377936637, 53.06
1377936642, 53.06
1377936647, 53.06
1377936652, 53.06
1377936657, 53.10
1377936662, 53.06
1377936667, 53.06
1377936672, 53.10
1377936677, 53.06
1377936682, 53.06
1377936691, 53.06
1377936692, 53.10
1377936697, 53.06
1377936702, 53.06
1377936707, 53.06
1377936712, 53.06
1377936717, 53.06
1377936722, 53.06
1377936727, 53.10
1377936732, 53.10
1377936737, 53.10
1377936742, 53.06
1377936747, 53.06
1377936752, 53.10
1377936757, 53.10
1377936762, 53.10
1377936767, 53.10
1377936772, 53.10
1377936777, 53.10
1377936782, 53.10
1377936787, 53.10
1377936792, 53.10
1377936797, 53.10
1377936802, 53.10
1377936807, 53.10
1377936812, 53.10
1377936818, 53.10
1377936822, 53.10
1377936827, 53.10
1377936832, 53.10
1377936837, 53.10
1377936842, 53.10
1377936847, 53.10
1377936852, 53.10
1377936857, 53.10
1377936862, 53.10
1377936867, 53.10
1377936872, 53.10
1377936877, 53.10
1377936882, 53.10
1377936887, 53.10
1377936892, 53.10
1377936897, 53.10
1377936902, 53.06
1377936907, 53.10
1377936912, 53.10
1377936917, 53.13
1377936922, 53.10
1377936927, 53.13
1377936932, 53.10
1377936937, 53.10
1377936942, 53.10
1377936947, 53.13
1377936952, 53.10
1377936957, 53.10
1377936962, 53.10
1377936967, 53.10
1377936972, 53.10
1377936977, 53.13
1377936982, 53.10
1377936987, 53.10
1377936992, 53.10
1377936997, 53.13
1377937002, 53.10
1377937007, 53.13
1377937012, 53.10
1377937017, 53.13
1377937022, 53.13
1377937027, 53.13
1377937032, 53.13
1377937037, 53.10
1377937042, 53.10
1377937047, 53.13
1377937052, 53.13
1377937057, 53.13
1377937062, 53.13
1377937067, 53.13
1377937072, 53.13
1377937077, 53.13
1377937082, 53.13
1377937087, 53.13
1377937092, 53.13
1377937097, 53.13
1377937102, 53.10
1377937107, 53.13
1377937112, 53.13
1377937117, 53.13
1377937122, 53.10
1377937127, 53.13
1377937132, 53.10
1377937137, 53.13
1377937142, 53.10
1377937147, 53.10
1377937152, 53.13
1377937157, 53.10
1377937162, 53.13
1377937167, 53.13
1377937172, 53.13
1377937177, 53.10
1377937182, 53.13
1377937187, 53.13
1377937192, 53.13
1377937197, 53.13
1377937202, 53.13
1377937207, 53.13
1377937212, 53.13
1377937217, 53.13
1377937222, 53.13
1377937227, 53.13
1377937232, 53.13
1377937237, 53.13
1377937242, 53.10
1377937247, 53.13
1377937252, 53.10
1377937257, 53.13
1377937262, 53.13
1377937267, 53.10
1377937272, 53.10
1377937277, 53.13
1377937282, 53.10
1377937287, 53.13
1377937292, 53.13
1377937297, 53.13
1377937302, 53.10
1377937307, 53.13
1377937312, 53.10
1377937317, 53.13
1377937322, 53.13
1377937327, 53.13
1377937332, 53.13
1377937337, 53.10
1377937342, 53.10
1377937347, 53.10
1377937352, 53.13
1377937357, 53.10
1377937362, 53.13
1377937367, 53.13
1377937372, 53.06
1377937377, 53.10
1377937382, 53.10
1377937387, 53.13
1377937392, 53.10
1377937397, 53.10
1377937402, 53.10
1377937407, 53.10
1377937412, 53.10
1377937417, 53.10
1377937422, 53.10
1377937427, 53.10
1377937432, 53.10
1377937437, 53.10
1377937442, 53.10
1377937451, 53.10
1377937452, 53.10
1377937457, 53.10
1377937462, 53.10
1377937467, 53.10
1377937472, 53.10
1377937477, 53.10
1377937482, 53.10
1377937487, 53.10
1377937492, 53.06
1377937497, 53.10
1377937502, 53.06
1377937507, 53.06
1377937512, 53.10
1377937517, 53.10
1377937522, 53.10
1377937527, 53.10
1377937532, 53.10
1377937537, 53.10
1377937542, 53.06
1377937547, 53.06
1377937552, 53.06
1377937557, 53.10
1377937562, 53.06
1377937567, 53.10
1377937572, 53.06
1377937577, 53.10
1377937582, 53.06
1377937587, 53.10
1377937592, 53.10
1377937597, 53.06
1377937602, 53.06
1377937607, 53.10
1377937612, 53.10
1377937617, 53.10
1377937622, 53.06
1377937627, 53.06
1377937632, 53.06
1377937637, 53.06
1377937642, 53.06
1377937647, 53.10
1377937652, 53.06
1377937657, 53.06
1377937662, 53.06
1377937667, 53.06
1377937672, 53.06
1377937677, 53.06
1377937682, 53.06
1377937687, 53.06
1377937692, 53.06
1377937697, 53.06
1377937702, 53.06
1377937707, 53.06
1377937712, 53.06
1377937717, 53.10
1377937722, 53.06
1377937727, 53.06
1377937733, 53.10
1377937737, 53.06
1377937742, 53.06
1377937747, 53.06
1377937752, 53.06
1377937757, 53.06
1377937762, 53.06
1377937767, 53.06
1377937772, 53.06
1377937777, 53.06
1377937782, 53.06
1377937787, 53.06
1377937792, 53.06
1377937797, 53.06
1377937802, 53.06
1377937807, 53.06
1377937812, 53.06
1377937817, 53.06
1377937822, 53.06
1377937827, 53.06
1377937832, 53.06
1377937837, 53.06
1377937842, 53.06
1377937847, 53.06
1377937852, 53.06
1377937857, 53.06
1377937862, 53.10
1377937867, 53.06
1377937872, 53.06
1377937877, 53.06
1377937882, 53.06
1377937887, 53.06
1377937892, 53.06
1377937897, 53.06
1377937902, 53.06
1377937907, 53.06
1377937912, 53.06
1377937917, 53.06
1377937922, 53.06
1377937927, 53.06
1377937932, 53.06
1377937937, 53.06
1377937942, 53.06
1377937947, 53.06
1377937952, 53.06
1377937957, 53.06
1377937962, 53.06
1377937967, 53.06
1377937972, 53.06
1377937977, 53.06
1377937982, 53.06
1377937987, 53.06
1377937992, 53.06
1377937997, 53.06
1377938002, 53.06
1377938007, 53.10
1377938012, 53.06
1377938017, 53.06
1377938022, 53.06
1377938027, 53.06
1377938032, 53.06
1377938037, 53.10
1377938042, 53.10
1377938047, 53.06
1377938052, 53.06
1377938057, 53.06
1377938062, 53.06
1377938067, 53.06
1377938072, 53.06
1377938077, 53.06
1377938082, 53.06
1377938087, 53.10
1377938092, 53.10
1377938097, 53.06
1377938102, 53.10
1377938107, 53.06
1377938112, 53.06
1377938117, 53.10
1377938122, 53.06
1377938127, 53.06
1377938132, 53.06
1377938137, 53.10
1377938142, 53.06
1377938147, 53.06
1377938152, 53.10
1377938157, 53.10
1377938162, 53.10
1377938167, 53.10
1377938172, 53.06
1377938177, 53.10
1377938182, 53.06
1377938187, 53.10
1377938192, 53.10
1377938197, 53.10
1377938202, 53.10
1377938207, 53.10
1377938212, 53.10
1377938217, 53.10
1377938222, 53.10
1377938227, 53.10
1377938232, 53.10
1377938239, 53.10
1377938242, 53.10
1377938247, 53.10
1377938252, 53.10
1377938257, 53.10
1377938262, 53.10
1377938267, 53.10
1377938272, 53.10
1377938277, 53.10
1377938282, 53.10
1377938287, 53.10
1377938292, 53.10
1377938297, 53.10
1377938302, 53.10
1377938307, 53.10
1377938312, 53.10
1377938317, 53.10
1377938322, 53.13
1377938327, 53.10
1377938332, 53.13
1377938337, 53.13
1377938342, 53.10
1377938347, 53.10
1377938352, 53.13
1377938357, 53.10
1377938362, 53.13
1377938367, 53.10
1377938372, 53.10
1377938377, 53.13
1377938382, 53.10
1377938387, 53.10
1377938392, 53.13
1377938397, 53.13
1377938402, 53.13
1377938407, 53.13
1377938412, 53.13
1377938417, 53.10
1377938422, 53.13
1377938427, 53.10
1377938432, 53.13
1377938437, 53.13
1377938442, 53.10
1377938448, 53.13
1377938452, 53.13
1377938457, 53.13
1377938462, 53.13
1377938467, 53.13
1377938472, 53.10
1377938477, 53.13
1377938482, 53.13
1377938487, 53.13
1377938492, 53.13
1377938497, 53.13
1377938503, 53.13
1377938507, 53.13
1377938512, 53.13
1377938517, 53.13
1377938522, 53.13
1377938527, 53.13
1377938532, 53.13
1377938537, 53.13
1377938542, 53.13
1377938547, 53.10
1377938552, 53.13
1377938557, 53.13
1377938562, 53.13
1377938567, 53.13
1377938572, 53.13
1377938577, 53.13
1377938582, 53.13
1377938587, 53.13
1377938592, 53.13
1377938597, 53.13
1377938602, 53.13
1377938607, 53.13
1377938612, 53.13
1377938617, 53.13
1377938622, 53.13
1377938627, 53.13
1377938632, 53.13
1377938637, 53.13
1377938642, 53.13
1377938647, 53.13
1377938652, 53.13
1377938657, 53.13
1377938662, 53.13
1377938667, 53.13
1377938672, 53.13
1377938677, 53.13
1377938682, 53.13
1377938687, 53.13
1377938692, 53.13
1377938697, 53.13
1377938702, 53.13
1377938707, 53.13
1377938712, 53.13
1377938717, 53.13
1377938722, 53.13
1377938727, 53.13
1377938732, 53.13
1377938737, 53.13
1377938742, 53.13
1377938747, 53.13
1377938752, 53.16
1377938757, 53.13
1377938762, 53.13
1377938767, 53.13
1377938772, 53.13
1377938777, 53.13
1377938782, 53.16
1377938787, 53.13
1377938792, 53.13
1377938797, 53.13
1377938802, 53.13
1377938807, 53.13
1377938812, 53.13
1377938817, 53.13
1377938822, 53.13
1377938827, 53.16
1377938832, 53.13
1377938837, 53.13
1377938842, 53.13
1377938847, 53.13
1377938852, 53.13
1377938857, 53.13
1377938862, 53.13
1377938867, 53.16
1377938872, 53.16
1377938877, 53.13
1377938882, 53.13
1377938887, 53.13
1377938892, 53.13
1377938897, 53.13
1377938902, 53.13
1377938907, 53.16
1377938912, 53.13
1377938917, 53.16
1377938922, 53.13
1377938927, 53.16
1377938932, 53.16
1377938937, 53.13
1377938942, 53.13
1377938947, 53.13
1377938952, 53.13
1377938957, 53.13
1377938962, 53.13
1377938967, 53.13
1377938972, 53.13
1377938977, 53.13
1377938982, 53.13
1377938987, 53.13
1377938996, 53.13
1377938997, 53.13
1377939002, 53.13
1377939007, 53.13
1377939012, 53.13
1377939017, 53.13
1377939022, 53.13
1377939027, 53.13
1377939032, 53.16
1377939037, 53.13
1377939042, 53.13
1377939047, 53.13
1377939052, 53.13
1377939057, 53.13
1377939062, 53.13
1377939067, 53.13
1377939072, 53.13
1377939077, 53.13
1377939082, 53.13
1377939087, 53.13
1377939092, 53.13
1377939097, 53.13
1377939102, 53.13
1377939107, 53.13
1377939112, 53.13
1377939117, 53.13
1377939122, 53.13
1377939127, 53.13
1377939132, 53.13
1377939137, 53.13
1377939142, 53.13
1377939147, 53.13
1377939152, 53.13
1377939157, 53.13
1377939162, 53.13
1377939167, 53.13
1377939172, 53.13
1377939177, 53.13
1377939182, 53.13
1377939187, 53.13
1377939192, 53.13
1377939197, 53.13
1377939202, 53.13
1377939207, 53.13
1377939212, 53.10
1377939217, 53.10
1377939222, 53.13
1377939227, 53.13
1377939232, 53.13
1377939237, 53.13
1377939242, 53.10
1377939247, 53.13
1377939252, 53.10
1377939257, 53.13
1377939262, 53.10
1377939267, 53.13
1377939272, 53.13
1377939277, 53.10
1377939282, 53.13
1377939287, 53.13
1377939292, 53.13
1377939297, 53.13
1377939302, 53.10
1377939307, 53.13
1377939312, 53.13
1377939317, 53.13
1377939322, 53.10
1377939327, 53.13
1377939332, 53.10
1377939337, 53.13
1377939342, 53.10
1377939347, 53.10
1377939352, 53.10
1377939357, 53.13
1377939362, 53.10
1377939367, 53.10
1377939372, 53.10
1377939377, 53.10
1377939382, 53.10
1377939387, 53.10
1377939392, 53.13
1377939397, 53.10
1377939402, 53.10
1377939407, 53.10
1377939412, 53.13
1377939417, 53.10
1377939422, 53.13
1377939427, 53.10
1377939432, 53.10
1377939437, 53.10
1377939442, 53.13
1377939447, 53.10
1377939452, 53.10
1377939457, 53.10
1377939462, 53.10
1377939467, 53.10
1377939472, 53.10
1377939477, 53.10
1377939482, 53.10
1377939487, 53.10
1377939492, 53.10
1377939497, 53.10
1377939502, 53.06
1377939507, 53.06
1377939512, 53.10
1377939517, 53.06
1377939522, 53.06
1377939527, 53.06
1377939532, 53.10
1377939537, 53.10
1377939542, 53.06
1377939547, 53.06
1377939552, 53.10
1377939557, 53.06
1377939562, 53.06
1377939567, 53.06
1377939572, 53.06
1377939577, 53.06
1377939582, 53.06
1377939587, 53.06
1377939592, 53.06
1377939597, 53.06
1377939602, 53.06
1377939607, 53.06
1377939612, 53.06
1377939617, 53.06
1377939622, 53.06
1377939627, 53.06
1377939632, 53.06
1377939637, 53.06
1377939642, 53.06
1377939647, 53.06
1377939652, 53.03
1377939657, 53.06
1377939662, 53.06
1377939667, 53.06
1377939672, 53.06
1377939677, 53.06
1377939682, 53.03
1377939687, 53.06
1377939692, 53.06
1377939697, 53.06
1377939702, 53.06
1377939708, 53.06
1377939714, 53.03
1377939717, 53.06
1377939722, 53.06
1377939727, 53.06
1377939732, 53.03
1377939737, 53.03
1377939742, 53.06
1377939747, 53.03
1377939752, 53.03
1377939757, 53.06
1377939762, 53.03
1377939767, 53.06
1377939772, 53.03
1377939777, 53.06
1377939782, 53.03
1377939787, 53.03
1377939792, 53.03
1377939797, 53.03
1377939802, 53.03
1377939807, 53.03
1377939812, 53.03
1377939817, 53.03
1377939822, 53.03
1377939827, 53.00
1377939832, 53.06
1377939837, 53.03
1377939842, 53.03
1377939847, 53.00
1377939852, 53.03
1377939857, 53.03
1377939862, 53.03
1377939867, 53.03
1377939872, 53.00
1377939877, 53.00
1377939882, 53.03
1377939887, 53.03
1377939892, 53.00
1377939897, 53.00
1377939902, 53.00
1377939907, 53.00
1377939912, 53.00
1377939917, 53.03
1377939922, 53.00
1377939927, 53.03
1377939932, 53.00
1377939937, 53.00
1377939942, 53.00
1377939947, 53.00
1377939952, 53.00
1377939957, 53.00
1377939962, 53.00
1377939967, 53.00
1377939972, 53.00
1377939977, 53.00
1377939982, 53.00
1377939987, 53.00
1377939992, 53.00
1377939997, 53.00
1377940002, 53.00
1377940007, 53.00
1377940013, 53.00
1377940017, 53.00
1377940022, 53.00
1377940027, 53.00
1377940032, 53.00
1377940037, 53.00
1377940042, 53.00
1377940047, 53.00
1377940052, 53.00
1377940057, 53.00
1377940062, 52.97
1377940067, 53.00
1377940072, 53.00
1377940077, 53.00
1377940082, 52.97
1377940087, 52.97
1377940092, 53.00
1377940097, 53.00
1377940102, 53.00
1377940107, 53.00
1377940112, 52.94
1377940117, 52.97
1377940122, 52.97
1377940127, 52.97
1377940132, 52.97
1377940137, 52.97
1377940142, 53.00
1377940147, 52.97
1377940152, 52.97
1377940157, 52.97
1377940162, 52.94
1377940167, 52.97
1377940172, 52.97
1377940177, 52.97
1377940182, 52.97
1377940187, 52.97
1377940192, 52.97
1377940197, 52.94
1377940202, 52.97
1377940207, 52.97
1377940212, 52.97
1377940217, 52.97
1377940222, 52.97
1377940227, 52.97
1377940232, 52.97
1377940237, 52.97
1377940242, 52.97
1377940247, 52.97
1377940252, 52.97
1377940257, 52.97
1377940262, 52.97
1377940267, 52.97
1377940272, 52.94
1377940277, 52.94
1377940282, 52.97
1377940287, 52.97
1377940292, 52.94
1377940297, 52.94
1377940302, 52.94
1377940307, 52.94
1377940312, 52.94
1377940317, 52.97
1377940322, 52.97
1377940327, 52.97
1377940332, 52.94
1377940337, 52.94
1377940342, 52.94
1377940347, 52.97
1377940352, 52.94
1377940357, 52.94
1377940362, 52.94
1377940367, 52.94
1377940372, 52.97
1377940377, 52.94
1377940382, 52.97
1377940387, 52.94
1377940392, 52.97
1377940397, 52.94
1377940402, 52.94
1377940407, 52.97
1377940412, 52.97
1377940417, 52.94
1377940422, 52.97
1377940427, 52.97
1377940432, 52.94
1377940437, 52.94
1377940442, 52.94
1377940447, 52.94
1377940452, 52.94
1377940457, 52.97
1377940462, 52.97
1377940467, 52.94
1377940477, 52.94
1377940482, 52.94
1377940487, 52.97
1377940492, 52.97
1377940497, 52.94
1377940502, 52.94
1377940507, 52.97
1377940512, 52.97
1377940517, 52.97
1377940522, 52.94
1377940527, 52.97
1377940532, 52.97
1377940537, 52.97
1377940542, 52.97
1377940547, 52.97
1377940552, 52.97
1377940557, 52.97
1377940562, 52.97
1377940567, 52.97
1377940572, 52.97
1377940577, 52.97
1377940582, 52.97
1377940587, 52.97
1377940592, 52.97
1377940597, 52.94
1377940602, 52.97
1377940607, 52.97
1377940612, 52.97
1377940617, 52.97
1377940622, 52.97
1377940627, 52.97
1377940632, 52.97
1377940637, 52.97
1377940642, 52.97
1377940647, 52.97
1377940652, 52.97
1377940657, 52.97
1377940662, 52.97
1377940667, 52.97
1377940672, 52.97
1377940677, 52.97
1377940682, 52.97
1377940687, 52.97
1377940692, 52.97
1377940697, 52.97
1377940702, 52.97
1377940707, 52.97
1377940712, 53.00
1377940717, 53.00
1377940722, 52.97
1377940727, 53.00
1377940732, 52.97
1377940737, 52.97
1377940742, 53.00
1377940747, 52.97
1377940752, 52.97
1377940757, 52.97
1377940762, 52.97
1377940767, 53.00
1377940772, 53.00
1377940777, 52.97
1377940782, 52.97
1377940787, 53.00
1377940792, 53.00
1377940797, 53.00
1377940802, 52.97
1377940807, 53.00
1377940812, 53.00
1377940817, 52.97
1377940822, 53.00
1377940827, 53.00
1377940832, 53.00
1377940837, 53.00
1377940842, 53.00
1377940847, 53.00
1377940852, 53.00
1377940857, 52.97
1377940862, 53.00
1377940867, 53.00
1377940872, 53.00
1377940877, 53.00
1377940882, 53.00
1377940887, 53.00
1377940892, 53.00
1377940897, 53.00
1377940902, 53.00
1377940907, 53.00
1377940912, 53.00
1377940917, 53.00
1377940922, 53.00
1377940927, 53.00
1377940932, 53.00
1377940937, 53.00
1377940942, 53.00
1377940947, 53.00
1377940952, 53.00
1377940957, 53.00
1377940962, 53.00
1377940967, 53.00
1377940972, 53.00
1377940977, 53.00
1377940982, 53.00
1377940987, 53.03
1377940992, 53.00
1377940997, 53.03
1377941002, 53.00
1377941007, 53.03
1377941012, 53.03
1377941017, 53.03
1377941022, 53.03
1377941027, 53.00
1377941032, 53.03
1377941037, 53.03
1377941042, 53.03
1377941047, 53.03
1377941052, 53.03
1377941057, 53.03
1377941062, 53.03
1377941067, 53.03
1377941072, 53.06
1377941077, 53.03
1377941083, 53.06
1377941087, 53.06
1377941092, 53.06
1377941097, 53.03
1377941102, 53.03
1377941107, 53.06
1377941112, 53.06
1377941117, 53.06
1377941122, 53.06
1377941127, 53.06
1377941132, 53.06
1377941137, 53.03
1377941142, 53.06
1377941147, 53.06
1377941152, 53.06
1377941157, 53.03
1377941162, 53.06
1377941167, 53.06
1377941172, 53.06
1377941177, 53.06
1377941182, 53.06
1377941187, 53.06
1377941192, 53.06
1377941197, 53.06
1377941202, 53.06
1377941207, 53.06
1377941212, 53.06
1377941217, 53.06
1377941222, 53.06
1377941227, 53.06
1377941232, 53.06
1377941239, 53.06
1377941242, 53.06
1377941247, 53.06
1377941252, 53.06
1377941257, 53.06
1377941262, 53.06
1377941267, 53.06
1377941272, 53.06
1377941277, 53.06
1377941282, 53.06
1377941287, 53.06
1377941292, 53.06
1377941297, 53.06
1377941302, 53.06
1377941307, 53.06
1377941312, 53.06
1377941317, 53.06
1377941322, 53.06
1377941327, 53.06
1377941332, 53.06
1377941337, 53.06
1377941342, 53.06
1377941347, 53.06
1377941352, 53.06
1377941357, 53.06
1377941362, 53.06
1377941367, 53.06
1377941372, 53.10
1377941377, 53.06
1377941382, 53.06
1377941387, 53.06
1377941392, 53.06
1377941397, 53.10
1377941402, 53.06
1377941407, 53.10
1377941412, 53.10
1377941417, 53.10
1377941422, 53.06
1377941427, 53.06
1377941432, 53.06
1377941437, 53.06
1377941442, 53.06
1377941447, 53.06
1377941452, 53.06
1377941457, 53.06
1377941462, 53.10
1377941467, 53.10
1377941472, 53.06
1377941477, 53.10
1377941482, 53.06
1377941487, 53.10
1377941492, 53.10
1377941497, 53.10
1377941502, 53.06
1377941507, 53.06
1377941512, 53.06
1377941517, 53.10
1377941522, 53.06
1377941527, 53.10
1377941532, 53.06
1377941537, 53.06
1377941542, 53.06
1377941547, 53.10
1377941552, 53.06
1377941557, 53.06
1377941562, 53.06
1377941567, 53.06
1377941572, 53.06
1377941577, 53.10
1377941582, 53.10
1377941587, 53.10
1377941592, 53.06
1377941597, 53.10
1377941602, 53.06
1377941607, 53.10
1377941612, 53.10
1377941617, 53.06
1377941622, 53.06
1377941627, 53.10
1377941632, 53.06
1377941637, 53.06
1377941642, 53.10
1377941647, 53.06
1377941652, 53.06
1377941657, 53.10
1377941662, 53.06
1377941667, 53.10
1377941672, 53.06
1377941677, 53.10
1377941682, 53.06
1377941687, 53.06
1377941692, 53.06
1377941697, 53.10
1377941702, 53.10
1377941707, 53.10
1377941712, 53.06
1377941717, 53.10
1377941722, 53.10
1377941727, 53.10
1377941732, 53.06
1377941737, 53.10
1377941742, 53.10
1377941747, 53.06
1377941752, 53.06
1377941757, 53.06
1377941762, 53.06
1377941767, 53.10
1377941772, 53.06
1377941777, 53.06
1377941782, 53.10
1377941787, 53.10
1377941792, 53.06
1377941797, 53.06
1377941802, 53.10
1377941807, 53.10
1377941812, 53.06
1377941817, 53.10
1377941822, 53.06
1377941827, 53.10
1377941832, 53.06
1377941837, 53.06
1377941842, 53.06
1377941847, 53.06
1377941852, 53.06
1377941857, 53.06
1377941862, 53.06
1377941867, 53.06
1377941872, 53.06
1377941877, 53.06
1377941882, 53.06
1377941887, 53.06
1377941892, 53.06
1377941897, 53.06
1377941902, 53.06
1377941907, 53.06
1377941912, 53.06
1377941917, 53.06
1377941922, 53.06
1377941927, 53.06
1377941932, 53.06
1377941937, 53.06
1377941942, 53.06
1377941947, 53.06
1377941956, 53.06
1377941957, 53.06
1377941962, 53.06
1377941967, 53.06
1377941972, 53.06
1377941977, 53.06
1377941983, 53.06
1377941987, 53.06
1377941992, 53.06
1377941997, 53.06
1377942002, 53.06
1377942007, 53.06
1377942012, 53.06
1377942017, 53.06
1377942022, 53.06
1377942027, 53.06
1377942032, 53.06
1377942037, 53.06
1377942042, 53.06
1377942047, 53.03
1377942052, 53.03
1377942057, 53.06
1377942062, 53.06
1377942067, 53.06
1377942072, 53.03
1377942077, 53.03
1377942082, 53.03
1377942087, 53.06
1377942092, 53.06
1377942097, 53.03
1377942102, 53.03
1377942107, 53.06
1377942112, 53.03
1377942117, 53.06
1377942122, 53.03
1377942127, 53.03
1377942132, 53.03
1377942137, 53.06
1377942142, 53.00
1377942147, 53.03
1377942152, 53.00
1377942157, 53.03
1377942162, 53.03
1377942167, 53.03
1377942172, 53.00
1377942177, 53.03
1377942182, 53.03
1377942187, 53.03
1377942192, 53.03
1377942197, 53.00
1377942202, 53.03
1377942207, 53.00
1377942212, 53.00
1377942217, 53.00
1377942222, 53.00
1377942227, 53.00
1377942232, 53.00
1377942237, 53.00
1377942242, 53.00
1377942247, 53.00
1377942252, 53.00
1377942257, 53.03
1377942262, 53.00
1377942267, 53.00
1377942272, 53.00
1377942277, 53.00
1377942282, 53.00
1377942287, 53.00
1377942292, 53.00
1377942297, 53.00
1377942302, 53.00
1377942307, 53.00
1377942312, 53.00
1377942317, 53.00
1377942322, 53.00
1377942327, 53.00
1377942332, 52.97
1377942337, 53.00
1377942342, 53.00
1377942347, 53.00
1377942352, 52.97
1377942357, 53.00
1377942362, 53.00
1377942367, 53.00
1377942372, 53.00
1377942377, 52.97
1377942382, 53.00
1377942387, 52.97
1377942392, 52.97
1377942397, 53.00
1377942402, 53.00
1377942407, 52.97
1377942412, 52.97
1377942417, 52.97
1377942422, 52.97
1377942427, 52.97
1377942432, 52.97
1377942437, 52.97
1377942442, 52.97
1377942447, 53.00
1377942452, 52.97
1377942457, 52.97
1377942462, 52.97
1377942467, 52.97
1377942472, 52.97
1377942477, 52.97
1377942482, 52.97
1377942487, 52.97
1377942492, 52.94
1377942497, 52.94
1377942502, 52.97
1377942507, 52.97
1377942512, 52.94
1377942517, 52.94
1377942522, 52.94
1377942527, 52.94
1377942532, 52.97
1377942537, 52.97
1377942542, 52.97
1377942547, 52.97
1377942552, 52.94
1377942557, 52.94
1377942562, 52.97
1377942567, 52.94
1377942572, 52.94
1377942577, 52.97
1377942582, 52.97
1377942587, 52.94
1377942592, 52.94
1377942597, 52.94
1377942602, 52.94
1377942607, 52.97
1377942612, 52.94
1377942617, 52.94
1377942622, 52.94
1377942627, 52.94
1377942632, 52.94
1377942637, 52.94
1377942642, 52.94
1377942647, 52.94
1377942652, 52.94
1377942657, 52.94
1377942662, 52.94
1377942667, 52.94
1377942672, 52.94
1377942677, 52.94
1377942682, 52.94
1377942687, 52.94
1377942692, 52.94
1377942697, 52.94
1377942706, 52.94
1377942707, 52.94
1377942712, 52.94
1377942717, 52.94
1377942722, 52.91
1377942727, 52.94
1377942732, 52.94
1377942737, 52.94
1377942742, 52.94
1377942747, 52.94
1377942752, 52.94
1377942757, 52.91
1377942762, 52.94
1377942767, 52.91
1377942772, 52.91
1377942777, 52.91
1377942782, 52.91
1377942787, 52.91
1377942792, 52.91
1377942797, 52.91
1377942802, 52.91
1377942807, 52.91
1377942812, 52.91
1377942817, 52.91
1377942822, 52.91
1377942827, 52.91
1377942832, 52.91
1377942837, 52.91
1377942842, 52.91
1377942847, 52.91
1377942852, 52.91
1377942857, 52.91
1377942862, 52.91
1377942867, 52.87
1377942872, 52.87
1377942877, 52.91
1377942882, 52.91
1377942887, 52.91
1377942892, 52.91
1377942897, 52.91
1377942902, 52.87
1377942907, 52.87
1377942912, 52.87
1377942917, 52.87
1377942922, 52.87
1377942927, 52.87
1377942932, 52.87
1377942937, 52.87
1377942942, 52.87
1377942947, 52.87
1377942952, 52.91
1377942957, 52.87
1377942962, 52.87
1377942967, 52.87
1377942972, 52.87
1377942977, 52.87
1377942982, 52.87
1377942987, 52.87
1377942992, 52.87
1377942997, 52.87
1377943002, 52.87
1377943007, 52.91
1377943012, 52.87
1377943017, 52.87
1377943022, 52.87
1377943027, 52.87
1377943032, 52.87
1377943037, 52.87
1377943042, 52.87
1377943047, 52.91
1377943052, 52.87
1377943057, 52.87
1377943062, 52.87
1377943067, 52.87
1377943072, 52.87
1377943077, 52.87
1377943082, 52.87
1377943087, 52.87
1377943092, 52.87
1377943097, 52.87
1377943102, 52.87
1377943107, 52.87
1377943112, 52.87
1377943117, 52.87
1377943122, 52.87
1377943127, 52.87
1377943132, 52.87
1377943137, 52.87
1377943142, 52.87
1377943147, 52.84
1377943152, 52.87
1377943157, 52.87
1377943162, 52.87
1377943167, 52.87
1377943172, 52.84
1377943177, 52.87
1377943182, 52.87
1377943187, 52.87
1377943192, 52.87
1377943197, 52.87
1377943202, 52.84
1377943207, 52.87
1377943212, 52.87
1377943217, 52.87
1377943222, 52.87
1377943227, 52.87
1377943232, 52.87
1377943237, 52.87
1377943242, 52.87
1377943247, 52.87
1377943252, 52.87
1377943257, 52.84
1377943262, 52.87
1377943267, 52.84
1377943272, 52.87
1377943277, 52.84
1377943282, 52.87
1377943287, 52.87
1377943292, 52.84
1377943297, 52.84
1377943302, 52.87
1377943307, 52.87
1377943312, 52.84
1377943317, 52.87
1377943322, 52.87
1377943327, 52.84
1377943332, 52.84
1377943337, 52.84
1377943342, 52.84
1377943347, 52.84
1377943352, 52.84
1377943357, 52.84
1377943362, 52.84
1377943367, 52.87
1377943372, 52.84
1377943377, 52.87
1377943382, 52.84
1377943387, 52.87
1377943392, 52.87
1377943397, 52.84
1377943402, 52.84
1377943407, 52.87
1377943412, 52.84
1377943417, 52.84
1377943422, 52.84
1377943427, 52.84
1377943432, 52.84
1377943437, 52.87
1377943442, 52.84
1377943447, 52.84
1377943452, 52.84
1377943457, 52.84
1377943462, 52.87
1377943471, 52.84
1377943472, 52.84
1377943477, 52.84
1377943482, 52.84
1377943487, 52.84
1377943492, 52.84
1377943497, 52.87
1377943502, 52.87
1377943507, 52.87
1377943512, 52.84
1377943517, 52.84
1377943522, 52.84
1377943527, 52.84
1377943532, 52.84
1377943537, 52.84
1377943542, 52.84
1377943547, 52.84
1377943552, 52.87
1377943557, 52.84
1377943562, 52.84
1377943567, 52.81
1377943572, 52.81
1377943577, 52.84
1377943582, 52.81
1377943587, 52.84
1377943592, 52.84
1377943597, 52.84
1377943602, 52.81
1377943607, 52.84
1377943612, 52.84
1377943617, 52.84
1377943622, 52.84
1377943627, 52.81
1377943632, 52.84
1377943637, 52.84
1377943642, 52.84
1377943647, 52.81
1377943652, 52.84
1377943657, 52.84
1377943662, 52.81
1377943667, 52.81
1377943672, 52.84
1377943677, 52.84
1377943682, 52.84
1377943687, 52.84
1377943692, 52.81
1377943697, 52.81
1377943702, 52.81
1377943707, 52.84
1377943712, 52.84
1377943717, 52.81
1377943722, 52.81
1377943727, 52.81
1377943732, 52.81
1377943737, 52.81
1377943742, 52.81
1377943747, 52.81
1377943752, 52.81
1377943757, 52.84
1377943762, 52.81
1377943767, 52.81
1377943772, 52.81
1377943777, 52.81
1377943782, 52.81
1377943787, 52.81
1377943792, 52.81
1377943797, 52.81
1377943802, 52.81
1377943807, 52.81
1377943812, 52.81
1377943817, 52.81
1377943822, 52.81
1377943827, 52.81
1377943832, 52.81
1377943837, 52.81
1377943842, 52.81
1377943847, 52.81
1377943852, 52.81
1377943857, 52.81
1377943862, 52.81
1377943867, 52.81
1377943872, 52.81
1377943877, 52.81
1377943882, 52.81
1377943887, 52.81
1377943892, 52.81
1377943897, 52.81
1377943902, 52.81
1377943907, 52.81
1377943912, 52.81
1377943917, 52.81
1377943922, 52.81
1377943927, 52.81
1377943932, 52.81
1377943937, 52.78
1377943942, 52.81
1377943947, 52.81
1377943952, 52.81
1377943957, 52.81
1377943962, 52.81
1377943967, 52.78
1377943972, 52.81
1377943977, 52.78
1377943982, 52.78
1377943987, 52.78
1377943992, 52.78
1377943997, 52.81
1377944002, 52.78
1377944007, 52.78
1377944012, 52.78
1377944017, 52.81
1377944022, 52.81
1377944027, 52.81
1377944032, 52.81
1377944037, 52.78
1377944042, 52.78
1377944047, 52.78
1377944052, 52.81
1377944057, 52.78
1377944062, 52.78
1377944067, 52.81
1377944072, 52.78
1377944077, 52.81
1377944082, 52.78
1377944087, 52.78
1377944092, 52.78
1377944097, 52.81
1377944102, 52.75
1377944107, 52.78
1377944112, 52.78
1377944117, 52.81
1377944122, 52.78
1377944127, 52.78
1377944132, 52.75
1377944137, 52.78
1377944142, 52.78
1377944147, 52.78
1377944152, 52.78
1377944157, 52.78
1377944162, 52.78
1377944167, 52.75
1377944172, 52.78
1377944177, 52.78
1377944182, 52.78
1377944187, 52.78
1377944192, 52.75
1377944197, 52.78
1377944202, 52.78
1377944207, 52.78
1377944212, 52.75
1377944217, 52.75
1377944222, 52.75
1377944227, 52.75
1377944234, 52.78
1377944237, 52.75
1377944242, 52.75
1377944247, 52.78
1377944252, 52.75
1377944257, 52.75
1377944262, 52.75
1377944267, 52.75
1377944272, 52.75
1377944277, 52.75
1377944282, 52.75
1377944287, 52.75
1377944292, 52.75
1377944297, 52.75
1377944302, 52.75
1377944307, 52.75
1377944312, 52.75
1377944317, 52.75
1377944322, 52.75
1377944327, 52.75
1377944332, 52.75
1377944337, 52.75
1377944342, 52.71
1377944347, 52.75
1377944352, 52.71
1377944357, 52.71
1377944362, 52.75
1377944367, 52.75
1377944372, 52.75
1377944377, 52.75
1377944382, 52.75
1377944387, 52.71
1377944392, 52.71
1377944397, 52.75
1377944402, 52.75
1377944407, 52.71
1377944412, 52.75
1377944417, 52.75
1377944422, 52.75
1377944427, 52.71
1377944432, 52.71
1377944437, 52.75
1377944442, 52.71
1377944447, 52.71
1377944452, 52.71
1377944457, 52.71
1377944462, 52.71
1377944467, 52.71
1377944472, 52.75
1377944477, 52.71
1377944482, 52.71
1377944487, 52.71
1377944492, 52.68
1377944497, 52.71
1377944502, 52.68
1377944507, 52.71
1377944512, 52.71
1377944517, 52.71
1377944522, 52.68
1377944527, 52.71
1377944532, 52.71
1377944537, 52.68
1377944542, 52.68
1377944547, 52.68
1377944552, 52.71
1377944557, 52.71
1377944562, 52.71
1377944567, 52.71
1377944572, 52.68
1377944577, 52.68
1377944582, 52.71
1377944587, 52.71
1377944592, 52.68
1377944597, 52.71
1377944602, 52.71
1377944607, 52.68
1377944612, 52.71
1377944617, 52.71
1377944622, 52.68
1377944627, 52.71
1377944632, 52.68
1377944637, 52.68
1377944642, 52.71
1377944647, 52.68
1377944652, 52.68
1377944657, 52.71
1377944662, 52.71
1377944667, 52.68
1377944672, 52.68
1377944677, 52.71
1377944682, 52.71
1377944687, 52.68
1377944692, 52.68
1377944697, 52.68
1377944702, 52.68
1377944707, 52.68
1377944712, 52.68
1377944717, 52.68
1377944722, 52.68
1377944727, 52.68
1377944733, 52.68
1377944737, 52.68
1377944742, 52.68
1377944747, 52.68
1377944752, 52.68
1377944757, 52.68
1377944762, 52.68
1377944767, 52.68
1377944772, 52.68
1377944777, 52.68
1377944782, 52.68
1377944787, 52.68
1377944792, 52.68
1377944797, 52.68
1377944802, 52.68
1377944807, 52.68
1377944812, 52.68
1377944817, 52.68
1377944822, 52.68
1377944827, 52.65
1377944832, 52.68
1377944837, 52.68
1377944842, 52.68
1377944847, 52.68
1377944852, 52.68
1377944857, 52.68
1377944862, 52.68
1377944867, 52.68
1377944872, 52.68
1377944877, 52.68
1377944882, 52.68
1377944887, 52.68
1377944892, 52.68
1377944897, 52.68
1377944902, 52.68
1377944907, 52.65
1377944912, 52.68
1377944917, 52.68
1377944922, 52.68
1377944927, 52.68
1377944932, 52.68
1377944937, 52.68
1377944942, 52.68
1377944947, 52.68
1377944952, 52.68
1377944957, 52.68
1377944962, 52.68
1377944967, 52.68
1377944972, 52.68
1377944977, 52.68
1377944985, 52.68
1377944987, 52.68
1377944992, 52.68
1377944997, 52.68
1377945002, 52.68
1377945007, 52.68
1377945012, 52.68
1377945017, 52.68
1377945022, 52.68
1377945027, 52.68
1377945032, 52.65
1377945037, 52.68
1377945042, 52.68
1377945047, 52.68
1377945052, 52.68
1377945057, 52.68
1377945062, 52.68
1377945067, 52.68
1377945072, 52.68
1377945077, 52.68
1377945082, 52.68
1377945087, 52.68
1377945092, 52.68
1377945097, 52.68
1377945102, 52.65
1377945107, 52.68
1377945112, 52.68
1377945117, 52.68
1377945122, 52.68
1377945127, 52.68
1377945132, 52.68
1377945137, 52.68
1377945142, 52.68
1377945147, 52.65
1377945152, 52.68
1377945157, 52.68
1377945162, 52.68
1377945167, 52.68
1377945172, 52.68
1377945177, 52.68
1377945182, 52.68
1377945187, 52.68
1377945192, 52.68
1377945197, 52.68
1377945202, 52.68
1377945207, 52.65
1377945212, 52.68
1377945217, 52.68
1377945222, 52.68
1377945227, 52.68
1377945232, 52.68
1377945237, 52.65
1377945242, 52.65
1377945247, 52.68
1377945252, 52.68
1377945257, 52.68
1377945262, 52.68
1377945267, 52.68
1377945272, 52.68
1377945277, 52.68
1377945282, 52.68
1377945287, 52.68
1377945292, 52.68
1377945297, 52.68
1377945302, 52.68
1377945307, 52.68
1377945312, 52.68
1377945317, 52.68
1377945322, 52.68
1377945327, 52.68
1377945332, 52.68
1377945337, 52.68
1377945342, 52.68
1377945347, 52.65
1377945352, 52.68
1377945357, 52.68
1377945362, 52.68
1377945367, 52.65
1377945372, 52.65
1377945377, 52.68
1377945382, 52.65
1377945387, 52.68
1377945392, 52.68
1377945397, 52.65
1377945402, 52.68
1377945407, 52.68
1377945412, 52.68
1377945417, 52.68
1377945422, 52.65
1377945427, 52.65
1377945432, 52.68
1377945437, 52.65
1377945442, 52.65
1377945447, 52.68
1377945452, 52.68
1377945457, 52.68
1377945462, 52.68
1377945467, 52.65
1377945472, 52.65
1377945477, 52.68
1377945482, 52.68
1377945487, 52.68
1377945492, 52.68
1377945497, 52.68
1377945502, 52.68
1377945507, 52.68
1377945512, 52.68
1377945517, 52.65
1377945522, 52.68
1377945527, 52.68
1377945532, 52.68
1377945537, 52.65
1377945542, 52.68
1377945547, 52.65
1377945552, 52.68
1377945557, 52.68
1377945562, 52.68
1377945567, 52.68
1377945572, 52.65
1377945577, 52.68
1377945582, 52.65
1377945587, 52.68
1377945592, 52.68
1377945597, 52.68
1377945602, 52.65
1377945607, 52.65
1377945612, 52.68
1377945617, 52.68
1377945622, 52.68
1377945627, 52.68
1377945632, 52.65
1377945637, 52.65
1377945642, 52.68
1377945647, 52.65
1377945652, 52.68
1377945657, 52.68
1377945662, 52.65
1377945667, 52.65
1377945672, 52.68
1377945677, 52.68
1377945682, 52.68
1377945691, 52.65
1377945692, 52.65
1377945697, 52.65
1377945702, 52.65
1377945707, 52.65
1377945712, 52.65
1377945717, 52.65
1377945722, 52.65
1377945727, 52.68
1377945732, 52.65
1377945737, 52.65
1377945742, 52.68
1377945747, 52.68
1377945752, 52.68
1377945757, 52.68
1377945762, 52.68
1377945767, 52.65
1377945772, 52.65
1377945777, 52.65
1377945782, 52.65
1377945787, 52.68
1377945792, 52.68
1377945797, 52.68
1377945802, 52.68
1377945807, 52.68
1377945812, 52.65
1377945817, 52.65
1377945822, 52.68
1377945827, 52.68
1377945832, 52.65
1377945837, 52.65
1377945842, 52.65
1377945847, 52.68
1377945852, 52.68
1377945857, 52.65
1377945862, 52.65
1377945867, 52.65
1377945872, 52.65
1377945877, 52.65
1377945882, 52.68
1377945887, 52.65
1377945892, 52.68
1377945897, 52.65
1377945902, 52.68
1377945907, 52.65
1377945912, 52.68
1377945917, 52.65
1377945922, 52.65
1377945927, 52.65
1377945932, 52.65
1377945937, 52.68
1377945942, 52.65
1377945947, 52.65
1377945952, 52.65
1377945957, 52.65
1377945962, 52.65
1377945967, 52.65
1377945972, 52.68
1377945977, 52.65
1377945982, 52.65
1377945987, 52.65
1377945992, 52.68
1377945997, 52.65
1377946002, 52.68
1377946007, 52.65
1377946012, 52.68
1377946017, 52.68
1377946022, 52.68
1377946027, 52.65
1377946032, 52.68
1377946037, 52.65
1377946042, 52.65
1377946047, 52.65
1377946052, 52.68
1377946057, 52.65
1377946062, 52.65
1377946067, 52.65
1377946072, 52.65
1377946077, 52.68
1377946082, 52.65
1377946087, 52.65
1377946092, 52.65
1377946097, 52.65
1377946102, 52.65
1377946107, 52.65
1377946112, 52.65
1377946117, 52.65
1377946122, 52.68
1377946127, 52.65
1377946132, 52.68
1377946137, 52.65
1377946142, 52.65
1377946147, 52.65
1377946152, 52.65
1377946157, 52.65
1377946162, 52.65
1377946167, 52.65
1377946172, 52.65
1377946177, 52.65
1377946182, 52.68
1377946187, 52.65
1377946192, 52.65
1377946197, 52.65
1377946202, 52.65
1377946207, 52.65
1377946212, 52.65
1377946217, 52.62
1377946222, 52.65
1377946227, 52.65
1377946232, 52.65
1377946237, 52.62
1377946242, 52.68
1377946247, 52.65
1377946252, 52.65
1377946257, 52.65
1377946262, 52.65
1377946267, 52.65
1377946272, 52.68
1377946277, 52.65
1377946282, 52.65
1377946287, 52.65
1377946292, 52.65
1377946297, 52.65
1377946302, 52.65
1377946307, 52.65
1377946312, 52.65
1377946317, 52.65
1377946322, 52.65
1377946327, 52.65
1377946332, 52.65
1377946337, 52.65
1377946342, 52.65
1377946347, 52.65
1377946352, 52.65
1377946357, 52.65
1377946362, 52.65
1377946367, 52.62
1377946372, 52.62
1377946377, 52.65
1377946382, 52.65
1377946387, 52.65
1377946392, 52.65
1377946397, 52.65
1377946402, 52.65
1377946407, 52.65
1377946412, 52.65
1377946417, 52.62
1377946426, 52.65
1377946427, 52.65
1377946432, 52.65
1377946437, 52.65
1377946442, 52.65
1377946447, 52.65
1377946452, 52.65
1377946457, 52.62
1377946462, 52.65
1377946467, 52.62
1377946472, 52.65
1377946477, 52.65
1377946482, 52.65
1377946487, 52.65
1377946492, 52.65
1377946497, 52.62
1377946502, 52.62
1377946507, 52.65
1377946512, 52.62
1377946517, 52.62
1377946522, 52.62
1377946527, 52.65
1377946532, 52.62
1377946537, 52.65
1377946542, 52.62
1377946547, 52.65
1377946552, 52.62
1377946557, 52.62
1377946562, 52.62
1377946567, 52.62
1377946572, 52.62
1377946577, 52.62
1377946582, 52.62
1377946587, 52.62
1377946592, 52.65
1377946597, 52.62
1377946602, 52.62
1377946607, 52.62
1377946612, 52.62
1377946617, 52.62
1377946622, 52.62
1377946627, 52.62
1377946632, 52.62
1377946637, 52.62
1377946642, 52.62
1377946647, 52.62
1377946652, 52.62
1377946657, 52.62
1377946662, 52.62
1377946667, 52.62
1377946672, 52.62
1377946677, 52.62
1377946682, 52.62
1377946687, 52.62
1377946692, 52.62
1377946697, 52.62
1377946702, 52.62
1377946707, 52.62
1377946712, 52.62
1377946717, 52.62
1377946722, 52.62
1377946727, 52.62
1377946732, 52.62
1377946737, 52.62
1377946742, 52.62
1377946747, 52.62
1377946752, 52.62
1377946757, 52.62
1377946762, 52.62
1377946767, 52.59
1377946772, 52.62
1377946777, 52.62
1377946782, 52.62
1377946787, 52.62
1377946792, 52.62
1377946797, 52.59
1377946802, 52.59
1377946807, 52.62
1377946812, 52.62
1377946817, 52.62
1377946822, 52.59
1377946827, 52.59
1377946832, 52.59
1377946837, 52.59
1377946842, 52.62
1377946847, 52.59
1377946852, 52.62
1377946857, 52.62
1377946862, 52.59
1377946867, 52.59
1377946872, 52.59
1377946877, 52.59
1377946882, 52.59
1377946887, 52.59
1377946892, 52.59
1377946897, 52.59
1377946902, 52.59
1377946907, 52.62
1377946912, 52.62
1377946917, 52.59
1377946922, 52.59
1377946927, 52.59
1377946932, 52.59
1377946937, 52.62
1377946942, 52.59
1377946947, 52.59
1377946952, 52.59
1377946957, 52.59
1377946962, 52.59
1377946967, 52.59
1377946972, 52.56
1377946977, 52.59
1377946982, 52.59
1377946987, 52.59
1377946992, 52.56
1377946997, 52.59
1377947002, 52.59
1377947007, 52.59
1377947012, 52.59
1377947017, 52.59
1377947022, 52.59
1377947027, 52.59
1377947032, 52.56
1377947037, 52.59
1377947042, 52.59
1377947047, 52.56
1377947052, 52.59
1377947057, 52.56
1377947062, 52.56
1377947067, 52.56
1377947072, 52.56
1377947077, 52.56
1377947082, 52.56
1377947087, 52.56
1377947092, 52.56
1377947097, 52.56
1377947102, 52.56
1377947107, 52.56
1377947112, 52.56
1377947117, 52.56
1377947122, 52.56
1377947127, 52.56
1377947132, 52.56
1377947137, 52.56
1377947146, 52.56
1377947147, 52.56
1377947152, 52.56
1377947157, 52.56
1377947162, 52.56
1377947167, 52.56
1377947172, 52.56
1377947177, 52.56
1377947182, 52.56
1377947187, 52.56
1377947192, 52.56
1377947197, 52.56
1377947202, 52.56
1377947207, 52.56
1377947212, 52.56
1377947217, 52.56
1377947222, 52.56
1377947227, 52.56
1377947232, 52.56
1377947237, 52.56
1377947242, 52.52
1377947247, 52.52
1377947252, 52.56
1377947257, 52.52
1377947262, 52.56
1377947267, 52.52
1377947272, 52.56
1377947277, 52.52
1377947282, 52.56
1377947287, 52.52
1377947292, 52.56
1377947297, 52.56
1377947302, 52.56
1377947307, 52.52
1377947312, 52.52
1377947317, 52.52
1377947322, 52.56
1377947327, 52.56
1377947332, 52.56
1377947337, 52.56
1377947342, 52.56
1377947347, 52.52
1377947352, 52.52
1377947357, 52.52
1377947362, 52.56
1377947367, 52.56
1377947372, 52.49
1377947377, 52.52
1377947382, 52.52
1377947387, 52.52
1377947392, 52.52
1377947397, 52.52
1377947402, 52.52
1377947407, 52.52
1377947412, 52.49
1377947417, 52.52
1377947422, 52.52
1377947427, 52.52
1377947432, 52.49
1377947437, 52.49
1377947442, 52.49
1377947447, 52.49
1377947452, 52.52
1377947457, 52.52
1377947462, 52.52
1377947467, 52.49
1377947472, 52.49
1377947477, 52.52
1377947482, 52.49
1377947487, 52.52
1377947492, 52.49
1377947497, 52.49
1377947502, 52.49
1377947507, 52.49
1377947512, 52.49
1377947517, 52.49
1377947522, 52.49
1377947527, 52.49
1377947532, 52.49
1377947537, 52.49
1377947542, 52.49
1377947547, 52.49
1377947552, 52.49
1377947557, 52.49
1377947562, 52.49
1377947567, 52.49
1377947572, 52.49
1377947577, 52.49
1377947582, 52.49
1377947587, 52.49
1377947592, 52.49
1377947597, 52.49
1377947602, 52.49
1377947607, 52.49
1377947612, 52.49
1377947617, 52.49
1377947622, 52.49
1377947627, 52.49
1377947632, 52.49
1377947637, 52.49
1377947642, 52.49
1377947647, 52.49
1377947652, 52.49
1377947657, 52.49
1377947662, 52.49
1377947667, 52.49
1377947672, 52.49
1377947677, 52.49
1377947682, 52.49
1377947687, 52.49
1377947692, 52.46
1377947697, 52.46
1377947702, 52.46
1377947707, 52.46
1377947712, 52.46
1377947717, 52.46
1377947722, 52.46
1377947727, 52.46
1377947732, 52.49
1377947737, 52.49
1377947742, 52.46
1377947747, 52.49
1377947752, 52.46
1377947757, 52.46
1377947762, 52.46
1377947767, 52.46
1377947772, 52.46
1377947777, 52.46
1377947782, 52.46
1377947787, 52.46
1377947792, 52.46
1377947797, 52.46
1377947802, 52.43
1377947807, 52.43
1377947812, 52.43
1377947817, 52.43
1377947822, 52.43
1377947827, 52.43
1377947832, 52.43
1377947837, 52.46
1377947842, 52.43
1377947847, 52.43
1377947852, 52.43
1377947857, 52.43
1377947862, 52.43
1377947870, 52.43
1377947872, 52.43
1377947877, 52.43
1377947882, 52.43
1377947887, 52.43
1377947892, 52.43
1377947897, 52.43
1377947902, 52.43
1377947907, 52.43
1377947912, 52.43
1377947917, 52.43
1377947922, 52.43
1377947927, 52.43
1377947932, 52.43
1377947937, 52.43
1377947942, 52.43
1377947947, 52.43
1377947952, 52.43
1377947957, 52.43
1377947962, 52.43
1377947967, 52.43
1377947972, 52.43
1377947977, 52.43
1377947982, 52.43
1377947987, 52.43
1377947992, 52.43
1377947997, 52.43
1377948002, 52.43
1377948007, 52.40
1377948012, 52.43
1377948017, 52.40
1377948022, 52.43
1377948027, 52.40
1377948032, 52.43
1377948037, 52.40
1377948042, 52.43
1377948047, 52.43
1377948052, 52.40
1377948057, 52.40
1377948062, 52.43
1377948067, 52.43
1377948072, 52.43
1377948077, 52.40
1377948082, 52.40
1377948087, 52.43
1377948092, 52.40
1377948097, 52.40
1377948102, 52.43
1377948107, 52.40
1377948112, 52.40
1377948117, 52.43
1377948122, 52.37
1377948127, 52.40
1377948132, 52.37
1377948137, 52.40
1377948142, 52.40
1377948147, 52.40
1377948152, 52.40
1377948157, 52.40
1377948162, 52.40
1377948167, 52.40
1377948172, 52.40
1377948177, 52.40
1377948182, 52.40
1377948187, 52.37
1377948192, 52.40
1377948197, 52.40
1377948202, 52.37
1377948207, 52.37
1377948212, 52.40
1377948217, 52.37
1377948222, 52.37
1377948227, 52.37
1377948232, 52.40
1377948237, 52.40
1377948242, 52.40
1377948247, 52.40
1377948252, 52.37
1377948256, 52.37
1377948262, 52.37
1377948267, 52.37
1377948272, 52.37
1377948277, 52.37
1377948282, 52.37
1377948287, 52.40
1377948292, 52.37
1377948297, 52.40
1377948302, 52.37
1377948307, 52.37
1377948312, 52.37
1377948317, 52.37
1377948322, 52.37
1377948327, 52.37
1377948332, 52.37
1377948337, 52.37
1377948342, 52.37
1377948347, 52.37
1377948352, 52.37
1377948357, 52.37
1377948362, 52.37
1377948367, 52.37
1377948372, 52.37
1377948377, 52.37
1377948382, 52.37
1377948387, 52.37
1377948392, 52.37
1377948397, 52.37
1377948402, 52.37
1377948406, 52.37
1377948412, 52.37
1377948417, 52.37
1377948422, 52.37
1377948426, 52.37
1377948432, 52.37
1377948437, 52.37
1377948442, 52.37
1377948447, 52.33
1377948451, 52.37
1377948457, 52.33
1377948462, 52.37
1377948467, 52.33
1377948472, 52.33
1377948477, 52.33
1377948481, 52.33
1377948487, 52.37
1377948492, 52.33
1377948497, 52.33
1377948502, 52.33
1377948506, 52.33
1377948511, 52.33
1377948517, 52.33
1377948522, 52.33
1377948527, 52.33
1377948532, 52.33
1377948536, 52.33
1377948542, 52.30
1377948547, 52.30
1377948552, 52.33
1377948557, 52.33
1377948561, 52.33
1377948567, 52.30
1377948572, 52.30
1377948577, 52.33
1377948582, 52.30
1377948587, 52.30
1377948591, 52.30
1377948596, 52.30
1377948601, 52.30
1377948607, 52.30
1377948612, 52.30
1377948619, 52.30
1377948621, 52.30
1377948627, 52.30
1377948632, 52.30
1377948637, 52.30
1377948641, 52.30
1377948646, 52.30
1377948652, 52.30
1377948657, 52.30
1377948662, 52.30
1377948666, 52.30
1377948671, 52.30
1377948676, 52.30
1377948682, 52.30
1377948686, 52.30
1377948691, 52.30
1377948696, 52.30
1377948702, 52.27
1377948707, 52.30
1377948712, 52.30
1377948716, 52.27
1377948721, 52.30
1377948727, 52.27
1377948731, 52.30
1377948736, 52.30
1377948741, 52.30
1377948746, 52.27
1377948752, 52.30
1377948756, 52.30
1377948761, 52.30
1377948766, 52.30
1377948771, 52.27
1377948777, 52.27
1377948782, 52.30
1377948786, 52.30
1377948791, 52.27
1377948797, 52.27
1377948801, 52.27
1377948806, 52.27
1377948811, 52.27
1377948816, 52.27
1377948822, 52.27
1377948826, 52.27
1377948831, 52.27
1377948836, 52.27
1377948841, 52.30
1377948847, 52.27
1377948851, 52.30
1377948856, 52.27
1377948861, 52.27
1377948866, 52.27
1377948871, 52.27
1377948876, 52.27
1377948881, 52.27
1377948886, 52.27
1377948891, 52.27
1377948896, 52.27
1377948901, 52.27
1377948906, 52.27
1377948911, 52.27
1377948916, 52.27
1377948921, 52.27
1377948926, 52.27
1377948931, 52.27
1377948936, 52.27
1377948941, 52.27
1377948946, 52.27
1377948951, 52.27
1377948956, 52.27
1377948961, 52.27
1377948966, 52.27
1377948971, 52.24
1377948976, 52.27
1377948981, 52.27
1377948986, 52.27
1377948991, 52.27
1377948996, 52.27
1377949001, 52.27
1377949006, 52.27
1377949011, 52.27
1377949016, 52.27
1377949021, 52.27
1377949026, 52.27
1377949031, 52.27
1377949036, 52.27
1377949041, 52.27
1377949046, 52.27
1377949051, 52.27
1377949056, 52.27
1377949062, 52.27
1377949066, 52.27
1377949072, 52.27
1377949076, 52.30
1377949081, 52.27
1377949087, 52.27
1377949091, 52.27
1377949096, 52.27
1377949101, 52.27
1377949106, 52.27
1377949111, 52.27
1377949116, 52.27
1377949121, 52.27
1377949126, 52.27
1377949132, 52.27
1377949136, 52.24
1377949142, 52.24
1377949146, 52.27
1377949151, 52.27
1377949156, 52.27
1377949161, 52.27
1377949166, 52.27
1377949171, 52.27
1377949176, 52.24
1377949182, 52.27
1377949186, 52.27
1377949191, 52.27
1377949196, 52.27
1377949201, 52.27
1377949206, 52.24
1377949211, 52.24
1377949216, 52.24
1377949221, 52.27
1377949226, 52.24
1377949231, 52.27
1377949237, 52.27
1377949241, 52.27
1377949246, 52.24
1377949251, 52.24
1377949256, 52.24
1377949261, 52.24
1377949266, 52.24
1377949271, 52.24
1377949276, 52.24
1377949281, 52.27
1377949286, 52.24
1377949291, 52.24
1377949296, 52.27
1377949301, 52.24
1377949306, 52.24
1377949311, 52.24
1377949316, 52.24
1377949321, 52.24
1377949326, 52.24
1377949331, 52.24
1377949336, 52.27
1377949341, 52.24
1377949346, 52.24
1377949351, 52.24
1377949356, 52.24
1377949361, 52.24
1377949366, 52.24
1377949374, 52.27
1377949376, 52.24
1377949381, 52.24
1377949386, 52.24
1377949391, 52.24
1377949396, 52.24
1377949401, 52.24
1377949406, 52.24
1377949412, 52.24
1377949416, 52.24
1377949421, 52.24
1377949426, 52.24
1377949431, 52.24
1377949436, 52.24
1377949441, 52.24
1377949446, 52.24
1377949451, 52.24
1377949456, 52.24
1377949461, 52.24
1377949466, 52.24
1377949471, 52.24
1377949476, 52.24
1377949481, 52.24
1377949486, 52.24
1377949491, 52.24
1377949496, 52.24
1377949501, 52.24
1377949506, 52.24
1377949511, 52.24
1377949516, 52.24
1377949521, 52.24
1377949526, 52.21
1377949531, 52.24
1377949536, 52.24
1377949541, 52.24
1377949546, 52.24
1377949551, 52.24
1377949556, 52.24
1377949562, 52.24
1377949566, 52.24
1377949571, 52.24
1377949576, 52.24
1377949581, 52.24
1377949586, 52.24
1377949591, 52.24
1377949596, 52.24
1377949601, 52.24
1377949606, 52.24
1377949611, 52.24
1377949616, 52.24
1377949621, 52.24
1377949626, 52.24
1377949631, 52.24
1377949636, 52.24
1377949641, 52.24
1377949646, 52.24
1377949651, 52.24
1377949656, 52.24
1377949661, 52.24
1377949666, 52.24
1377949671, 52.24
1377949676, 52.24
1377949681, 52.24
1377949686, 52.24
1377949691, 52.24
1377949696, 52.24
1377949701, 52.24
1377949706, 52.24
1377949712, 52.24
1377949716, 52.24
1377949721, 52.24
1377949726, 52.24
1377949731, 52.24
1377949736, 52.24
1377949741, 52.24
1377949746, 52.24
1377949751, 52.24
1377949756, 52.24
1377949761, 52.24
1377949766, 52.24
1377949771, 52.24
1377949776, 52.24
1377949781, 52.24
1377949786, 52.24
1377949791, 52.24
1377949796, 52.24
1377949801, 52.24
1377949806, 52.27
1377949811, 52.24
1377949816, 52.24
1377949821, 52.24
1377949826, 52.24
1377949831, 52.24
1377949836, 52.24
1377949841, 52.24
1377949846, 52.24
1377949851, 52.24
1377949856, 52.24
1377949862, 52.24
1377949866, 52.24
1377949871, 52.21
1377949876, 52.24
1377949881, 52.24
1377949886, 52.24
1377949891, 52.24
1377949896, 52.24
1377949901, 52.24
1377949906, 52.24
1377949911, 52.24
1377949916, 52.24
1377949921, 52.24
1377949926, 52.24
1377949931, 52.24
1377949936, 52.24
1377949941, 52.24
1377949946, 52.24
1377949951, 52.24
1377949956, 52.24
1377949961, 52.24
1377949966, 52.24
1377949971, 52.24
1377949976, 52.24
1377949981, 52.24
1377949986, 52.24
1377949991, 52.24
1377949996, 52.24
1377950001, 52.24
1377950006, 52.24
1377950012, 52.21
1377950016, 52.24
1377950021, 52.21
1377950026, 52.24
1377950031, 52.21
1377950036, 52.24
1377950041, 52.24
1377950046, 52.24
1377950051, 52.24
1377950056, 52.24
1377950061, 52.24
1377950066, 52.24
1377950071, 52.24
1377950076, 52.24
1377950081, 52.24
1377950086, 52.24
1377950096, 52.21
1377950101, 52.24
1377950106, 52.21
1377950111, 52.21
1377950116, 52.21
1377950121, 52.24
1377950126, 52.24
1377950131, 52.21
1377950136, 52.24
1377950141, 52.24
1377950146, 52.24
1377950151, 52.24
1377950156, 52.24
1377950161, 52.21
1377950166, 52.21
1377950171, 52.24
1377950176, 52.21
1377950181, 52.21
1377950186, 52.24
1377950191, 52.24
1377950196, 52.21
1377950201, 52.24
1377950206, 52.21
1377950211, 52.21
1377950216, 52.24
1377950221, 52.21
1377950226, 52.21
1377950231, 52.21
1377950236, 52.21
1377950241, 52.24
1377950246, 52.24
1377950251, 52.24
1377950256, 52.21
1377950261, 52.21
1377950266, 52.21
1377950271, 52.24
1377950276, 52.21
1377950281, 52.21
1377950286, 52.24
1377950291, 52.21
1377950296, 52.21
1377950301, 52.21
1377950306, 52.21
1377950312, 52.21
1377950316, 52.21
1377950321, 52.21
1377950326, 52.21
1377950331, 52.21
1377950336, 52.21
1377950341, 52.21
1377950346, 52.21
1377950351, 52.21
1377950356, 52.21
1377950361, 52.24
1377950366, 52.24
1377950371, 52.21
1377950376, 52.21
1377950381, 52.21
1377950386, 52.21
1377950391, 52.18
1377950396, 52.21
1377950401, 52.21
1377950406, 52.21
1377950411, 52.21
1377950416, 52.21
1377950421, 52.21
1377950426, 52.21
1377950431, 52.18
1377950436, 52.21
1377950441, 52.21
1377950446, 52.21
1377950451, 52.21
1377950456, 52.21
1377950461, 52.18
1377950466, 52.21
1377950471, 52.21
1377950476, 52.21
1377950481, 52.18
1377950486, 52.21
1377950491, 52.18
1377950496, 52.21
1377950501, 52.18
1377950506, 52.21
1377950511, 52.21
1377950516, 52.21
1377950521, 52.21
1377950526, 52.21
1377950531, 52.18
1377950536, 52.18
1377950541, 52.18
1377950546, 52.21
1377950551, 52.18
1377950556, 52.21
1377950561, 52.18
1377950566, 52.18
1377950571, 52.18
1377950576, 52.18
1377950581, 52.18
1377950586, 52.18
1377950591, 52.18
1377950596, 52.18
1377950601, 52.18
1377950606, 52.18
1377950611, 52.18
1377950616, 52.18
1377950621, 52.18
1377950626, 52.18
1377950631, 52.18
1377950636, 52.18
1377950641, 52.18
1377950646, 52.18
1377950651, 52.18
1377950656, 52.18
1377950661, 52.18
1377950666, 52.18
1377950671, 52.18
1377950676, 52.21
1377950681, 52.18
1377950686, 52.18
1377950691, 52.18
1377950696, 52.18
1377950701, 52.18
1377950706, 52.18
1377950711, 52.18
1377950716, 52.18
1377950721, 52.18
1377950726, 52.18
1377950731, 52.18
1377950736, 52.14
1377950741, 52.14
1377950746, 52.18
1377950751, 52.18
1377950757, 52.18
1377950761, 52.18
1377950766, 52.14
1377950771, 52.14
1377950776, 52.18
1377950781, 52.18
1377950786, 52.18
1377950791, 52.14
1377950796, 52.18
1377950801, 52.18
1377950806, 52.18
1377950811, 52.18
1377950821, 52.14
1377950826, 52.18
1377950831, 52.18
1377950836, 52.14
1377950841, 52.18
1377950846, 52.18
1377950851, 52.18
1377950856, 52.18
1377950861, 52.14
1377950866, 52.18
1377950871, 52.14
1377950876, 52.14
1377950881, 52.14
1377950886, 52.14
1377950891, 52.18
1377950896, 52.18
1377950901, 52.14
1377950907, 52.18
1377950911, 52.14
1377950916, 52.14
1377950921, 52.14
1377950926, 52.18
1377950931, 52.18
1377950936, 52.14
1377950941, 52.14
1377950946, 52.14
1377950951, 52.14
1377950956, 52.14
1377950961, 52.14
1377950966, 52.14
1377950971, 52.14
1377950976, 52.14
1377950981, 52.14
1377950986, 52.14
1377950991, 52.14
1377950996, 52.11
1377951001, 52.14
1377951006, 52.14
1377951011, 52.14
1377951016, 52.14
1377951021, 52.14
1377951026, 52.11
1377951031, 52.14
1377951036, 52.14
1377951041, 52.14
1377951046, 52.11
1377951051, 52.14
1377951056, 52.14
1377951061, 52.14
1377951066, 52.11
1377951071, 52.14
1377951076, 52.11
1377951081, 52.11
1377951086, 52.11
1377951091, 52.14
1377951096, 52.14
1377951101, 52.14
1377951106, 52.14
1377951111, 52.11
1377951116, 52.14
1377951121, 52.11
1377951126, 52.11
1377951131, 52.14
1377951136, 52.14
1377951141, 52.11
1377951146, 52.14
1377951151, 52.11
1377951156, 52.11
1377951161, 52.14
1377951166, 52.11
1377951171, 52.11
1377951176, 52.11
1377951181, 52.11
1377951186, 52.11
1377951191, 52.11
1377951196, 52.11
1377951201, 52.11
1377951206, 52.11
1377951211, 52.11
1377951216, 52.11
1377951221, 52.11
1377951226, 52.11
1377951231, 52.11
1377951236, 52.11
1377951241, 52.11
1377951246, 52.11
1377951251, 52.11
1377951256, 52.11
1377951261, 52.11
1377951266, 52.11
1377951271, 52.11
1377951276, 52.11
1377951281, 52.11
1377951286, 52.11
1377951291, 52.11
1377951296, 52.11
1377951301, 52.11
1377951306, 52.11
1377951311, 52.11
1377951316, 52.11
1377951321, 52.11
1377951326, 52.11
1377951331, 52.11
1377951336, 52.11
1377951341, 52.11
1377951346, 52.11
1377951351, 52.11
1377951356, 52.11
1377951361, 52.11
1377951366, 52.11
1377951371, 52.11
1377951376, 52.11
1377951381, 52.11
1377951386, 52.11
1377951391, 52.11
1377951396, 52.11
1377951401, 52.11
1377951406, 52.11
1377951411, 52.11
1377951416, 52.11
1377951421, 52.11
1377951426, 52.11
1377951431, 52.11
1377951436, 52.11
1377951441, 52.11
1377951446, 52.11
1377951451, 52.11
1377951456, 52.11
1377951461, 52.11
1377951466, 52.11
1377951471, 52.11
1377951476, 52.11
1377951481, 52.11
1377951486, 52.08
1377951491, 52.11
1377951496, 52.11
1377951501, 52.11
1377951506, 52.11
1377951511, 52.11
1377951516, 52.11
1377951521, 52.11
1377951526, 52.11
1377951531, 52.11
1377951541, 52.11
1377951546, 52.11
1377951551, 52.11
1377951556, 52.11
1377951561, 52.11
1377951566, 52.08
1377951571, 52.11
1377951576, 52.11
1377951581, 52.11
1377951586, 52.11
1377951591, 52.11
1377951596, 52.11
1377951601, 52.08
1377951606, 52.11
1377951611, 52.11
1377951616, 52.11
1377951621, 52.11
1377951626, 52.11
1377951631, 52.11
1377951636, 52.11
1377951641, 52.08
1377951646, 52.11
1377951651, 52.11
1377951656, 52.11
1377951661, 52.11
1377951666, 52.11
1377951671, 52.11
1377951676, 52.11
1377951681, 52.11
1377951686, 52.11
1377951691, 52.11
1377951696, 52.11
1377951701, 52.11
1377951706, 52.11
1377951711, 52.11
1377951716, 52.11
1377951721, 52.11
1377951726, 52.11
1377951731, 52.11
1377951736, 52.11
1377951741, 52.11
1377951746, 52.11
1377951751, 52.11
1377951756, 52.11
1377951761, 52.11
1377951766, 52.11
1377951771, 52.11
1377951776, 52.11
1377951781, 52.11
1377951786, 52.11
1377951791, 52.11
1377951796, 52.11
1377951801, 52.08
1377951806, 52.11
1377951811, 52.11
1377951816, 52.11
1377951821, 52.11
1377951826, 52.11
1377951831, 52.11
1377951836, 52.11
1377951841, 52.11
1377951846, 52.11
1377951851, 52.08
1377951856, 52.11
1377951861, 52.11
1377951866, 52.11
1377951871, 52.11
1377951876, 52.11
1377951881, 52.08
1377951886, 52.11
1377951891, 52.11
1377951896, 52.11
1377951901, 52.08
1377951906, 52.11
1377951911, 52.11
1377951916, 52.08
1377951921, 52.08
1377951926, 52.08
1377951931, 52.11
1377951936, 52.11
1377951941, 52.11
1377951946, 52.08
1377951951, 52.08
1377951956, 52.11
1377951961, 52.08
1377951966, 52.08
1377951971, 52.08
1377951976, 52.08
1377951981, 52.08
1377951986, 52.11
1377951991, 52.08
1377951996, 52.08
1377952001, 52.05
1377952006, 52.08
1377952011, 52.08
1377952016, 52.08
1377952021, 52.08
1377952026, 52.08
1377952031, 52.08
1377952036, 52.08
1377952041, 52.08
1377952046, 52.05
1377952051, 52.08
1377952056, 52.08
1377952061, 52.08
1377952066, 52.08
1377952071, 52.11
1377952076, 52.08
1377952081, 52.08
1377952086, 52.05
1377952091, 52.08
1377952096, 52.11
1377952101, 52.08
1377952106, 52.08
1377952111, 52.08
1377952116, 52.05
1377952121, 52.08
1377952126, 52.08
1377952131, 52.08
1377952136, 52.08
1377952141, 52.08
1377952146, 52.08
1377952151, 52.08
1377952156, 52.08
1377952161, 52.08
1377952166, 52.08
1377952171, 52.08
1377952176, 52.05
1377952181, 52.08
1377952186, 52.08
1377952191, 52.08
1377952196, 52.08
1377952201, 52.08
1377952206, 52.08
1377952211, 52.08
1377952216, 52.05
1377952225, 52.11
1377952226, 52.08
1377952231, 52.08
1377952236, 52.05
1377952241, 52.08
1377952246, 52.08
1377952251, 52.08
1377952256, 52.08
1377952261, 52.08
1377952266, 52.08
1377952271, 52.08
1377952276, 52.05
1377952281, 52.08
1377952286, 52.05
1377952291, 52.08
1377952296, 52.08
1377952301, 52.08
1377952306, 52.08
1377952311, 52.05
1377952316, 52.08
1377952321, 52.08
1377952326, 52.08
1377952331, 52.08
1377952336, 52.05
1377952341, 52.08
1377952346, 52.08
1377952351, 52.08
1377952356, 52.08
1377952361, 52.08
1377952366, 52.05
1377952371, 52.05
1377952377, 52.08
1377952381, 52.05
1377952386, 52.05
1377952391, 52.08
1377952396, 52.05
1377952401, 52.05
1377952406, 52.05
1377952411, 52.05
1377952416, 52.08
1377952421, 52.08
1377952426, 52.08
1377952431, 52.08
1377952436, 52.08
1377952441, 52.08
1377952446, 52.05
1377952451, 52.05
1377952456, 52.05
1377952461, 52.08
1377952466, 52.08
1377952471, 52.05
1377952476, 52.08
1377952481, 52.08
1377952486, 52.05
1377952491, 52.08
1377952496, 52.05
1377952501, 52.05
1377952506, 52.08
1377952511, 52.05
1377952516, 52.08
1377952521, 52.08
1377952527, 52.08
1377952531, 52.08
1377952536, 52.08
1377952541, 52.05
1377952546, 52.05
1377952551, 52.05
1377952556, 52.08
1377952561, 52.05
1377952566, 52.08
1377952571, 52.05
1377952576, 52.08
1377952581, 52.05
1377952586, 52.08
1377952591, 52.05
1377952596, 52.08
1377952601, 52.05
1377952606, 52.05
1377952611, 52.08
1377952616, 52.08
1377952621, 52.05
1377952626, 52.05
1377952631, 52.05
1377952636, 52.05
1377952641, 52.05
1377952646, 52.05
1377952651, 52.08
1377952656, 52.05
1377952661, 52.05
1377952666, 52.05
1377952671, 52.05
1377952676, 52.05
1377952681, 52.05
1377952686, 52.05
1377952691, 52.05
1377952696, 52.05
1377952701, 52.05
1377952706, 52.08
1377952711, 52.05
1377952716, 52.05
1377952721, 52.05
1377952726, 52.05
1377952731, 52.08
1377952736, 52.05
1377952743, 52.05
1377952746, 52.05
1377952751, 52.05
1377952756, 52.08
1377952761, 52.05
1377952766, 52.05
1377952771, 52.05
1377952776, 52.08
1377952781, 52.08
1377952786, 52.05
1377952791, 52.05
1377952796, 52.05
1377952801, 52.05
1377952806, 52.05
1377952811, 52.08
1377952816, 52.05
1377952821, 52.05
1377952826, 52.05
1377952831, 52.05
1377952836, 52.05
1377952841, 52.05
1377952846, 52.05
1377952851, 52.05
1377952856, 52.05
1377952861, 52.05
1377952866, 52.05
1377952871, 52.05
1377952876, 52.05
1377952881, 52.05
1377952886, 52.05
1377952891, 52.05
1377952896, 52.05
1377952901, 52.05
1377952906, 52.05
1377952911, 52.05
1377952916, 52.08
1377952921, 52.05
1377952926, 52.05
1377952931, 52.05
1377952936, 52.05
1377952941, 52.05
1377952946, 52.05
1377952951, 52.05
1377952956, 52.05
1377952964, 52.05
1377952966, 52.05
1377952971, 52.05
1377952976, 52.05
1377952982, 52.05
1377952986, 52.05
1377952991, 52.05
1377952996, 52.05
1377953001, 52.05
1377953006, 52.05
1377953011, 52.05
1377953016, 52.05
1377953021, 52.05
1377953026, 52.05
1377953031, 52.05
1377953036, 52.08
1377953041, 52.05
1377953046, 52.05
1377953051, 52.08
1377953056, 52.05
1377953061, 52.05
1377953066, 52.05
1377953071, 52.05
1377953076, 52.05
1377953081, 52.08
1377953086, 52.05
1377953091, 52.05
1377953096, 52.05
1377953101, 52.05
1377953106, 52.05
1377953111, 52.05
1377953116, 52.05
1377953121, 52.05
1377953126, 52.05
1377953131, 52.05
1377953136, 52.05
1377953141, 52.05
1377953146, 52.05
1377953151, 52.05
1377953156, 52.05
1377953161, 52.05
1377953166, 52.05
1377953171, 52.05
1377953176, 52.05
1377953181, 52.05
1377953186, 52.05
1377953191, 52.05
1377953196, 52.05
1377953201, 52.05
1377953206, 52.05
1377953211, 52.05
1377953216, 52.05
1377953221, 52.05
1377953226, 52.05
1377953231, 52.05
1377953236, 52.05
1377953241, 52.05
1377953246, 52.05
1377953251, 52.05
1377953256, 52.05
1377953261, 52.05
1377953266, 52.05
1377953271, 52.05
1377953276, 52.05
1377953281, 52.05
1377953286, 52.05
1377953291, 52.05
1377953296, 52.05
1377953301, 52.08
1377953306, 52.05
1377953311, 52.05
1377953316, 52.05
1377953321, 52.05
1377953326, 52.05
1377953331, 52.05
1377953336, 52.05
1377953341, 52.05
1377953346, 52.05
1377953351, 52.05
1377953356, 52.05
1377953361, 52.05
1377953366, 52.05
1377953371, 52.05
1377953376, 52.05
1377953381, 52.05
1377953386, 52.05
1377953391, 52.05
1377953396, 52.05
1377953401, 52.05
1377953406, 52.05
1377953411, 52.05
1377953416, 52.05
1377953421, 52.05
1377953426, 52.05
1377953431, 52.05
1377953436, 52.05
1377953441, 52.05
1377953446, 52.05
1377953451, 52.05
1377953456, 52.05
1377953461, 52.05
1377953466, 52.02
1377953471, 52.05
1377953476, 52.05
1377953481, 52.05
1377953486, 52.05
1377953491, 52.05
1377953496, 52.05
1377953501, 52.02
1377953506, 52.05
1377953511, 52.05
1377953516, 52.02
1377953521, 52.05
1377953526, 52.05
1377953531, 52.05
1377953536, 52.05
1377953541, 52.02
1377953546, 52.05
1377953551, 52.05
1377953556, 52.05
1377953561, 52.05
1377953566, 52.05
1377953571, 52.05
1377953576, 52.05
1377953581, 52.05
1377953586, 52.05
1377953591, 52.02
1377953596, 52.05
1377953601, 52.05
1377953606, 52.05
1377953611, 52.05
1377953616, 52.05
1377953621, 52.05
1377953626, 52.05
1377953631, 52.02
1377953636, 52.05
1377953641, 52.05
1377953646, 52.05
1377953651, 52.05
1377953656, 52.05
1377953661, 52.05
1377953666, 52.05
1377953671, 52.05
1377953676, 52.05
1377953681, 52.05
1377953686, 52.05
1377953691, 52.05
1377953696, 52.05
1377953701, 52.05
1377953710, 52.05
1377953711, 52.02
1377953716, 52.05
1377953721, 52.05
1377953726, 52.05
1377953731, 52.05
1377953736, 52.05
1377953741, 52.05
1377953746, 52.05
1377953751, 52.05
1377953756, 52.05
1377953761, 52.05
1377953766, 52.05
1377953771, 52.05
1377953776, 52.05
1377953781, 52.05
1377953786, 52.05
1377953791, 52.05
1377953796, 52.05
1377953801, 52.02
1377953806, 52.05
1377953811, 52.05
1377953816, 52.05
1377953821, 52.05
1377953826, 52.02
1377953831, 52.05
1377953836, 52.05
1377953841, 52.05
1377953846, 52.05
1377953851, 52.05
1377953856, 52.05
1377953861, 52.05
1377953866, 52.02
1377953871, 52.05
1377953876, 52.05
1377953881, 52.05
1377953886, 52.02
1377953892, 52.05
1377953896, 52.05
1377953901, 52.05
1377953906, 52.05
1377953911, 52.05
1377953916, 52.02
1377953921, 52.05
1377953926, 52.05
1377953931, 52.05
1377953936, 52.05
1377953941, 52.02
1377953946, 52.05
1377953951, 52.05
1377953956, 52.05
1377953961, 52.02
1377953966, 52.05
1377953971, 52.05
1377953976, 52.05
1377953981, 52.05
1377953986, 52.05
1377953991, 52.05
1377953996, 52.02
1377954001, 52.05
1377954006, 52.05
1377954011, 52.02
1377954016, 52.05
1377954021, 52.02
1377954026, 52.05
1377954031, 52.05
1377954036, 52.05
1377954041, 52.05
1377954046, 52.05
1377954051, 52.05
1377954056, 52.05
1377954061, 52.05
1377954066, 52.05
1377954071, 52.05
1377954076, 52.05
1377954081, 52.05
1377954086, 52.05
1377954091, 52.05
1377954096, 52.05
1377954101, 52.05
1377954106, 52.05
1377954111, 52.05
1377954116, 52.05
1377954121, 52.05
1377954126, 52.05
1377954131, 52.05
1377954136, 52.05
1377954141, 52.05
1377954146, 52.05
1377954151, 52.05
1377954156, 52.05
1377954161, 52.05
1377954166, 52.05
1377954171, 52.05
1377954176, 52.05
1377954181, 52.05
1377954186, 52.05
1377954191, 52.05
1377954196, 52.05
1377954201, 52.05
1377954206, 52.05
1377954211, 52.05
1377954216, 52.05
1377954221, 52.05
1377954226, 52.05
1377954231, 52.05
1377954236, 52.05
1377954241, 52.05
1377954246, 52.05
1377954251, 52.05
1377954256, 52.05
1377954261, 52.05
1377954266, 52.05
1377954271, 52.05
1377954276, 52.05
1377954281, 52.05
1377954286, 52.05
1377954291, 52.05
1377954296, 52.05
1377954301, 52.05
1377954306, 52.05
1377954311, 52.05
1377954316, 52.05
1377954321, 52.05
1377954326, 52.05
1377954331, 52.08
1377954336, 52.05
1377954341, 52.05
1377954346, 52.08
1377954351, 52.05
1377954356, 52.05
1377954361, 52.05
1377954366, 52.05
1377954371, 52.08
1377954376, 52.05
1377954381, 52.05
1377954386, 52.08
1377954391, 52.05
1377954396, 52.05
1377954401, 52.05
1377954406, 52.05
1377954411, 52.08
1377954416, 52.05
1377954421, 52.05
1377954426, 52.08
1377954431, 52.05
1377954436, 52.08
1377954441, 52.08
1377954446, 52.08
1377954451, 52.08
1377954456, 52.08
1377954461, 52.08
1377954466, 52.05
1377954471, 52.08
1377954476, 52.08
1377954481, 52.08
1377954486, 52.05
1377954491, 52.08
1377954500, 52.08
1377954501, 52.08
1377954506, 52.08
1377954511, 52.08
1377954516, 52.08
1377954521, 52.08
1377954526, 52.08
1377954531, 52.05
1377954536, 52.08
1377954541, 52.08
1377954546, 52.08
1377954551, 52.08
1377954556, 52.08
1377954561, 52.08
1377954566, 52.08
1377954571, 52.08
1377954576, 52.11
1377954581, 52.08
1377954586, 52.08
1377954591, 52.11
1377954596, 52.08
1377954601, 52.08
1377954606, 52.08
1377954611, 52.08
1377954616, 52.08
1377954621, 52.08
1377954626, 52.11
1377954631, 52.08
1377954636, 52.08
1377954641, 52.11
1377954646, 52.11
1377954651, 52.11
1377954656, 52.08
1377954661, 52.08
1377954666, 52.08
1377954671, 52.08
1377954676, 52.11
1377954681, 52.11
1377954686, 52.11
1377954691, 52.11
1377954696, 52.08
1377954701, 52.11
1377954706, 52.11
1377954711, 52.11
1377954716, 52.11
1377954721, 52.11
1377954726, 52.11
1377954731, 52.11
1377954736, 52.08
1377954741, 52.11
1377954746, 52.11
1377954751, 52.11
1377954756, 52.11
1377954761, 52.11
1377954766, 52.11
1377954771, 52.11
1377954776, 52.11
1377954781, 52.11
1377954786, 52.11
1377954791, 52.08
1377954796, 52.11
1377954801, 52.11
1377954807, 52.11
1377954811, 52.11
1377954816, 52.11
1377954821, 52.11
1377954826, 52.11
1377954831, 52.11
1377954836, 52.11
1377954841, 52.11
1377954846, 52.11
1377954851, 52.11
1377954856, 52.11
1377954861, 52.11
1377954866, 52.11
1377954871, 52.11
1377954876, 52.11
1377954881, 52.11
1377954886, 52.11
1377954891, 52.11
1377954896, 52.11
1377954901, 52.08
1377954906, 52.11
1377954911, 52.11
1377954916, 52.11
1377954921, 52.11
1377954926, 52.11
1377954931, 52.11
1377954936, 52.11
1377954941, 52.11
1377954946, 52.11
1377954951, 52.11
1377954956, 52.11
1377954961, 52.11
1377954966, 52.11
1377954971, 52.11
1377954976, 52.11
1377954981, 52.11
1377954986, 52.11
1377954991, 52.11
1377954996, 52.11
1377955001, 52.11
1377955006, 52.11
1377955011, 52.11
1377955016, 52.11
1377955021, 52.11
1377955026, 52.11
1377955031, 52.08
1377955036, 52.11
1377955041, 52.08
1377955046, 52.11
1377955051, 52.08
1377955056, 52.11
1377955061, 52.11
1377955066, 52.11
1377955071, 52.11
1377955076, 52.11
1377955081, 52.11
1377955086, 52.11
1377955091, 52.11
1377955096, 52.11
1377955101, 52.08
1377955106, 52.11
1377955111, 52.11
1377955116, 52.11
1377955121, 52.11
1377955126, 52.11
1377955131, 52.11
1377955136, 52.08
1377955141, 52.11
1377955146, 52.11
1377955151, 52.11
1377955156, 52.11
1377955161, 52.11
1377955166, 52.08
1377955171, 52.11
1377955176, 52.11
1377955181, 52.11
1377955186, 52.11
1377955191, 52.11
1377955196, 52.11
1377955201, 52.11
1377955206, 52.08
1377955211, 52.11
1377955216, 52.08
1377955221, 52.11
1377955226, 52.08
1377955231, 52.11
1377955236, 52.11
1377955245, 52.11
1377955246, 52.11
1377955251, 52.08
1377955256, 52.11
1377955261, 52.11
1377955266, 52.11
1377955271, 52.11
1377955276, 52.08
1377955281, 52.11
1377955286, 52.08
1377955291, 52.08
1377955296, 52.08
1377955301, 52.11
1377955306, 52.08
1377955311, 52.08
1377955316, 52.11
1377955321, 52.08
1377955326, 52.08
1377955331, 52.11
1377955336, 52.11
1377955341, 52.08
1377955346, 52.08
1377955351, 52.11
1377955356, 52.11
1377955361, 52.08
1377955366, 52.11
1377955371, 52.11
1377955376, 52.11
1377955381, 52.08
1377955386, 52.08
1377955391, 52.08
1377955396, 52.08
1377955401, 52.11
1377955406, 52.08
1377955411, 52.08
1377955416, 52.08
1377955421, 52.11
1377955426, 52.08
1377955431, 52.08
1377955436, 52.08
1377955441, 52.08
1377955446, 52.08
1377955451, 52.11
1377955456, 52.11
1377955461, 52.08
1377955466, 52.08
1377955471, 52.08
1377955476, 52.08
1377955481, 52.08
1377955486, 52.08
1377955491, 52.08
1377955496, 52.08
1377955501, 52.08
1377955506, 52.08
1377955511, 52.08
1377955516, 52.08
1377955521, 52.08
1377955526, 52.08
1377955531, 52.08
1377955536, 52.08
1377955541, 52.08
1377955546, 52.08
1377955551, 52.05
1377955556, 52.05
1377955561, 52.05
1377955566, 52.05
1377955571, 52.08
1377955576, 52.05
1377955581, 52.05
1377955586, 52.08
1377955591, 52.08
1377955596, 52.05
1377955601, 52.05
1377955606, 52.08
1377955611, 52.08
1377955616, 52.08
1377955621, 52.08
1377955626, 52.05
1377955631, 52.08
1377955636, 52.08
1377955641, 52.05
1377955646, 52.08
1377955651, 52.05
1377955656, 52.05
1377955661, 52.08
1377955666, 52.05
1377955671, 52.08
1377955676, 52.08
1377955681, 52.05
1377955686, 52.05
1377955691, 52.05
1377955696, 52.08
1377955701, 52.05
1377955706, 52.05
1377955711, 52.05
1377955716, 52.08
1377955721, 52.05
1377955726, 52.05
1377955731, 52.05
1377955736, 52.05
1377955741, 52.08
1377955746, 52.05
1377955751, 52.05
1377955756, 52.05
1377955761, 52.08
1377955766, 52.05
1377955771, 52.05
1377955776, 52.05
1377955781, 52.05
1377955786, 52.05
1377955791, 52.05
1377955796, 52.05
1377955801, 52.08
1377955806, 52.05
1377955811, 52.05
1377955816, 52.08
1377955821, 52.05
1377955826, 52.08
1377955831, 52.05
1377955836, 52.05
1377955841, 52.05
1377955846, 52.05
1377955851, 52.05
1377955856, 52.05
1377955861, 52.05
1377955866, 52.05
1377955871, 52.05
1377955876, 52.05
1377955881, 52.05
1377955886, 52.05
1377955891, 52.05
1377955896, 52.05
1377955901, 52.05
1377955906, 52.05
1377955911, 52.05
1377955916, 52.05
1377955921, 52.05
1377955926, 52.05
1377955931, 52.05
1377955936, 52.05
1377955947, 52.05
1377955951, 52.05
1377955956, 52.05
1377955961, 52.05
1377955966, 52.05
1377955971, 52.05
1377955976, 52.08
1377955981, 52.05
1377955986, 52.05
1377955991, 52.05
1377955996, 52.05
1377956001, 52.05
1377956006, 52.08
1377956011, 52.05
1377956016, 52.05
1377956021, 52.05
1377956026, 52.05
1377956031, 52.05
1377956036, 52.05
1377956041, 52.05
1377956046, 52.08
1377956051, 52.05
1377956056, 52.08
1377956061, 52.08
1377956066, 52.08
1377956071, 52.08
1377956076, 52.08
1377956081, 52.08
1377956086, 52.08
1377956091, 52.08
1377956096, 52.08
1377956101, 52.05
1377956106, 52.08
1377956111, 52.08
1377956116, 52.08
1377956121, 52.08
1377956126, 52.05
1377956131, 52.08
1377956136, 52.08
1377956142, 52.08
1377956146, 52.05
1377956151, 52.08
1377956156, 52.08
1377956161, 52.08
1377956166, 52.08
1377956171, 52.11
1377956176, 52.08
1377956182, 52.08
1377956186, 52.05
1377956191, 52.08
1377956196, 52.11
1377956201, 52.05
1377956206, 52.08
1377956211, 52.08
1377956216, 52.05
1377956221, 52.08
1377956226, 52.08
1377956231, 52.08
1377956236, 52.05
1377956241, 52.05
1377956246, 52.08
1377956251, 52.08
1377956256, 52.08
1377956261, 52.08
1377956266, 52.11
1377956271, 52.05
1377956276, 52.08
1377956282, 52.11
1377956286, 52.08
1377956291, 52.11
1377956296, 52.08
1377956301, 52.11
1377956306, 52.08
1377956311, 52.08
1377956316, 52.08
1377956321, 52.08
1377956326, 52.08
1377956331, 52.08
1377956336, 52.08
1377956341, 52.11
1377956346, 52.08
1377956351, 52.08
1377956356, 52.08
1377956361, 52.08
1377956366, 52.11
1377956371, 52.11
1377956376, 52.11
1377956381, 52.11
1377956386, 52.08
1377956391, 52.08
1377956396, 52.08
1377956401, 52.11
1377956406, 52.08
1377956411, 52.11
1377956416, 52.08
1377956421, 52.11
1377956426, 52.08
1377956431, 52.08
1377956436, 52.11
1377956441, 52.08
1377956446, 52.11
1377956451, 52.11
1377956456, 52.11
1377956461, 52.08
1377956466, 52.11
1377956471, 52.11
1377956476, 52.11
1377956481, 52.11
1377956486, 52.11
1377956491, 52.11
1377956496, 52.11
1377956501, 52.11
1377956506, 52.11
1377956511, 52.08
1377956516, 52.08
1377956521, 52.11
1377956526, 52.11
1377956531, 52.11
1377956536, 52.11
1377956541, 52.11
1377956546, 52.11
1377956551, 52.11
1377956556, 52.11
1377956561, 52.11
1377956566, 52.11
1377956571, 52.11
1377956576, 52.11
1377956581, 52.11
1377956586, 52.11
1377956591, 52.08
1377956596, 52.11
1377956605, 52.11
1377956606, 52.11
1377956611, 52.11
1377956616, 52.11
1377956621, 52.11
1377956626, 52.11
1377956631, 52.11
1377956636, 52.11
1377956641, 52.11
1377956646, 52.11
1377956651, 52.11
1377956656, 52.11
1377956663, 52.11
1377956666, 52.11
1377956671, 52.11
1377956676, 52.11
1377956681, 52.11
1377956686, 52.11
1377956691, 52.11
1377956696, 52.11
1377956701, 52.11
1377956706, 52.11
1377956711, 52.11
1377956716, 52.11
1377956721, 52.11
1377956726, 52.11
1377956731, 52.11
1377956736, 52.14
1377956741, 52.11
1377956746, 52.11
1377956751, 52.11
1377956756, 52.11
1377956761, 52.11
1377956766, 52.11
1377956771, 52.11
1377956776, 52.11
1377956781, 52.11
1377956786, 52.14
1377956791, 52.11
1377956796, 52.14
1377956801, 52.14
1377956806, 52.14
1377956811, 52.14
1377956816, 52.14
1377956821, 52.14
1377956826, 52.14
1377956831, 52.14
1377956836, 52.11
1377956841, 52.14
1377956846, 52.14
1377956852, 52.14
1377956856, 52.18
1377956861, 52.14
1377956866, 52.14
1377956871, 52.14
1377956876, 52.11
1377956881, 52.14
1377956886, 52.14
1377956891, 52.14
1377956896, 52.14
1377956901, 52.14
1377956906, 52.14
1377956911, 52.14
1377956916, 52.14
1377956921, 52.11
1377956926, 52.14
1377956931, 52.14
1377956936, 52.14
1377956941, 52.14
1377956946, 52.14
1377956951, 52.14
1377956956, 52.14
1377956961, 52.14
1377956966, 52.18
1377956971, 52.14
1377956976, 52.18
1377956981, 52.14
1377956986, 52.18
1377956991, 52.18
1377956997, 52.18
1377957001, 52.14
1377957006, 52.18
1377957011, 52.14
1377957016, 52.18
1377957021, 52.14
1377957026, 52.18
1377957031, 52.18
1377957036, 52.18
1377957041, 52.18
1377957046, 52.18
1377957051, 52.18
1377957056, 52.18
1377957061, 52.18
1377957066, 52.18
1377957071, 52.18
1377957076, 52.18
1377957081, 52.18
1377957086, 52.18
1377957091, 52.18
1377957096, 52.18
1377957101, 52.18
1377957106, 52.18
1377957111, 52.18
1377957116, 52.18
1377957121, 52.21
1377957126, 52.18
1377957131, 52.18
1377957136, 52.18
1377957141, 52.18
1377957146, 52.18
1377957151, 52.21
1377957156, 52.18
1377957161, 52.18
1377957166, 52.18
1377957171, 52.18
1377957176, 52.18
1377957181, 52.21
1377957186, 52.18
1377957191, 52.21
1377957196, 52.18
1377957201, 52.21
1377957206, 52.21
1377957211, 52.21
1377957216, 52.21
1377957221, 52.21
1377957226, 52.18
1377957231, 52.18
1377957236, 52.21
1377957241, 52.21
1377957246, 52.21
1377957251, 52.24
1377957256, 52.21
1377957261, 52.21
1377957266, 52.21
1377957271, 52.21
1377957276, 52.24
1377957281, 52.21
1377957286, 52.21
1377957292, 52.21
1377957299, 52.24
1377957301, 52.24
1377957306, 52.24
1377957311, 52.24
1377957316, 52.24
1377957321, 52.24
1377957326, 52.24
1377957331, 52.24
1377957336, 52.24
1377957341, 52.24
1377957346, 52.24
1377957351, 52.24
1377957356, 52.24
1377957361, 52.24
1377957366, 52.24
1377957371, 52.24
1377957376, 52.24
1377957381, 52.24
1377957386, 52.24
1377957391, 52.24
1377957396, 52.24
1377957401, 52.24
1377957406, 52.24
1377957411, 52.24
1377957416, 52.24
1377957421, 52.24
1377957426, 52.24
1377957431, 52.27
1377957436, 52.24
1377957442, 52.24
1377957446, 52.24
1377957451, 52.27
1377957456, 52.24
1377957461, 52.24
1377957466, 52.24
1377957471, 52.27
1377957476, 52.27
1377957481, 52.24
1377957486, 52.24
1377957491, 52.24
1377957496, 52.27
1377957501, 52.27
1377957506, 52.27
1377957511, 52.27
1377957516, 52.27
1377957521, 52.27
1377957526, 52.27
1377957531, 52.27
1377957536, 52.27
1377957541, 52.30
1377957546, 52.27
1377957551, 52.30
1377957556, 52.30
1377957561, 52.27
1377957566, 52.27
1377957571, 52.30
1377957576, 52.27
1377957581, 52.27
1377957586, 52.30
1377957591, 52.30
1377957596, 52.30
1377957601, 52.30
1377957606, 52.30
1377957611, 52.30
1377957616, 52.27
1377957621, 52.30
1377957626, 52.30
1377957631, 52.30
1377957636, 52.30
1377957641, 52.30
1377957646, 52.30
1377957651, 52.30
1377957656, 52.30
1377957661, 52.30
1377957666, 52.30
1377957671, 52.30
1377957676, 52.33
1377957681, 52.30
1377957686, 52.30
1377957691, 52.30
1377957696, 52.33
1377957701, 52.30
1377957706, 52.33
1377957711, 52.30
1377957716, 52.30
1377957721, 52.33
1377957726, 52.30
1377957731, 52.30
1377957736, 52.30
1377957741, 52.33
1377957746, 52.33
1377957751, 52.30
1377957756, 52.33
1377957761, 52.33
1377957766, 52.33
1377957771, 52.33
1377957776, 52.33
1377957781, 52.33
1377957786, 52.33
1377957791, 52.33
1377957796, 52.33
1377957801, 52.37
1377957806, 52.33
1377957811, 52.33
1377957816, 52.37
1377957821, 52.33
1377957826, 52.37
1377957831, 52.37
1377957836, 52.33
1377957841, 52.37
1377957846, 52.33
1377957851, 52.33
1377957856, 52.37
1377957861, 52.37
1377957866, 52.33
1377957871, 52.33
1377957876, 52.33
1377957881, 52.33
1377957886, 52.37
1377957891, 52.33
1377957896, 52.37
1377957901, 52.37
1377957906, 52.33
1377957911, 52.37
1377957916, 52.33
1377957921, 52.37
1377957926, 52.33
1377957931, 52.37
1377957936, 52.37
1377957941, 52.37
1377957946, 52.37
1377957951, 52.37
1377957956, 52.37
1377957961, 52.37
1377957966, 52.37
1377957971, 52.37
1377957976, 52.37
1377957981, 52.37
1377957986, 52.37
1377957991, 52.37
1377957996, 52.37
1377958001, 52.33
1377958006, 52.37
1377958011, 52.37
1377958016, 52.37
1377958021, 52.37
1377958026, 52.37
1377958033, 52.37
1377958036, 52.37
1377958041, 52.37
1377958046, 52.37
1377958051, 52.33
1377958056, 52.37
1377958061, 52.37
1377958066, 52.37
1377958071, 52.37
1377958076, 52.37
1377958081, 52.37
1377958086, 52.37
1377958091, 52.37
1377958096, 52.37
1377958101, 52.37
1377958106, 52.37
1377958111, 52.37
1377958116, 52.37
1377958121, 52.37
1377958126, 52.37
1377958131, 52.37
1377958136, 52.37
1377958141, 52.37
1377958146, 52.37
1377958151, 52.37
1377958156, 52.37
1377958161, 52.37
1377958166, 52.37
1377958171, 52.37
1377958176, 52.37
1377958181, 52.37
1377958186, 52.37
1377958191, 52.37
1377958196, 52.37
1377958201, 52.37
1377958206, 52.37
1377958211, 52.37
1377958216, 52.37
1377958221, 52.37
1377958226, 52.37
1377958231, 52.37
1377958236, 52.37
1377958241, 52.37
1377958246, 52.37
1377958251, 52.37
1377958256, 52.37
1377958261, 52.37
1377958266, 52.37
1377958271, 52.37
1377958276, 52.40
1377958281, 52.40
1377958286, 52.40
1377958291, 52.37
1377958296, 52.37
1377958301, 52.37
1377958306, 52.37
1377958311, 52.40
1377958316, 52.40
1377958321, 52.40
1377958326, 52.37
1377958331, 52.37
1377958336, 52.37
1377958342, 52.37
1377958346, 52.40
1377958351, 52.37
1377958356, 52.40
1377958361, 52.37
1377958366, 52.37
1377958371, 52.40
1377958376, 52.37
1377958381, 52.40
1377958386, 52.37
1377958391, 52.37
1377958396, 52.37
1377958401, 52.37
1377958406, 52.37
1377958411, 52.37
1377958416, 52.40
1377958421, 52.37
1377958426, 52.37
1377958431, 52.37
1377958436, 52.37
1377958441, 52.37
1377958446, 52.37
1377958451, 52.37
1377958456, 52.40
1377958461, 52.40
1377958466, 52.37
1377958471, 52.37
1377958476, 52.37
1377958481, 52.37
1377958486, 52.37
1377958491, 52.37
1377958496, 52.37
1377958501, 52.37
1377958506, 52.37
1377958511, 52.37
1377958516, 52.37
1377958521, 52.37
1377958526, 52.37
1377958531, 52.40
1377958536, 52.37
1377958541, 52.40
1377958546, 52.37
1377958551, 52.37
1377958556, 52.37
1377958561, 52.37
1377958566, 52.40
1377958571, 52.37
1377958576, 52.37
1377958581, 52.37
1377958586, 52.37
1377958591, 52.37
1377958596, 52.37
1377958601, 52.37
1377958606, 52.40
1377958611, 52.37
1377958616, 52.37
1377958621, 52.37
1377958626, 52.37
1377958631, 52.37
1377958636, 52.37
1377958641, 52.37
1377958646, 52.37
1377958651, 52.37
1377958656, 52.40
1377958661, 52.40
1377958666, 52.37
1377958671, 52.37
1377958676, 52.37
1377958681, 52.37
1377958686, 52.37
1377958691, 52.37
1377958696, 52.37
1377958701, 52.37
1377958706, 52.37
1377958711, 52.37
1377958716, 52.37
1377958721, 52.37
1377958726, 52.37
1377958731, 52.37
1377958736, 52.40
1377958741, 52.37
1377958746, 52.37
1377958751, 52.37
1377958756, 52.37
1377958761, 52.37
1377958766, 52.37
1377958773, 52.37
1377958776, 52.37
1377958781, 52.37
1377958786, 52.37
1377958791, 52.37
1377958797, 52.37
1377958801, 52.37
1377958806, 52.37
1377958811, 52.37
1377958816, 52.37
1377958821, 52.37
1377958826, 52.37
1377958831, 52.37
1377958836, 52.37
1377958841, 52.37
1377958846, 52.37
1377958851, 52.37
1377958856, 52.37
1377958861, 52.37
1377958866, 52.37
1377958871, 52.37
1377958876, 52.37
1377958881, 52.37
1377958886, 52.37
1377958891, 52.37
1377958896, 52.37
1377958901, 52.37
1377958906, 52.37
1377958911, 52.37
1377958916, 52.37
1377958921, 52.37
1377958926, 52.37
1377958931, 52.37
1377958936, 52.37
1377958941, 52.37
1377958946, 52.37
1377958951, 52.37
1377958956, 52.37
1377958961, 52.37
1377958966, 52.37
1377958971, 52.37
1377958976, 52.37
1377958981, 52.37
1377958986, 52.37
1377958991, 52.37
1377958996, 52.37
1377959001, 52.37
1377959006, 52.33
1377959011, 52.37
1377959016, 52.37
1377959021, 52.37
1377959026, 52.37
1377959031, 52.37
1377959036, 52.37
1377959041, 52.37
1377959046, 52.37
1377959051, 52.37
1377959056, 52.37
1377959061, 52.37
1377959066, 52.37
1377959071, 52.37
1377959076, 52.37
1377959081, 52.37
1377959086, 52.37
1377959091, 52.37
1377959096, 52.37
1377959101, 52.37
1377959106, 52.37
1377959111, 52.37
1377959116, 52.37
1377959121, 52.37
1377959126, 52.37
1377959131, 52.37
1377959136, 52.37
1377959141, 52.37
1377959146, 52.37
1377959151, 52.37
1377959156, 52.37
1377959161, 52.37
1377959166, 52.37
1377959171, 52.37
1377959176, 52.37
1377959181, 52.37
1377959186, 52.37
1377959191, 52.37
1377959196, 52.37
1377959201, 52.37
1377959206, 52.37
1377959211, 52.37
1377959216, 52.37
1377959221, 52.37
1377959226, 52.37
1377959231, 52.37
1377959236, 52.33
1377959241, 52.37
1377959246, 52.37
1377959251, 52.37
1377959256, 52.37
1377959261, 52.37
1377959266, 52.37
1377959271, 52.37
1377959276, 52.37
1377959281, 52.37
1377959286, 52.37
1377959291, 52.37
1377959296, 52.40
1377959301, 52.37
1377959306, 52.37
1377959311, 52.37
1377959316, 52.37
1377959321, 52.37
1377959326, 52.37
1377959331, 52.37
1377959336, 52.37
1377959341, 52.37
1377959346, 52.37
1377959351, 52.37
1377959356, 52.37
1377959361, 52.37
1377959366, 52.37
1377959371, 52.40
1377959376, 52.37
1377959381, 52.37
1377959386, 52.37
1377959391, 52.37
1377959396, 52.37
1377959401, 52.37
1377959406, 52.37
1377959411, 52.37
1377959416, 52.37
1377959421, 52.37
1377959426, 52.37
1377959431, 52.37
1377959436, 52.37
1377959441, 52.37
1377959446, 52.40
1377959451, 52.37
1377959456, 52.37
1377959461, 52.37
1377959466, 52.37
1377959471, 52.37
1377959476, 52.37
1377959481, 52.37
1377959486, 52.37
1377959491, 52.37
1377959496, 52.37
1377959501, 52.37
1377959506, 52.37
1377959511, 52.37
1377959518, 52.37
1377959521, 52.40
1377959526, 52.37
1377959531, 52.37
1377959536, 52.37
1377959541, 52.37
1377959546, 52.37
1377959552, 52.37
1377959556, 52.37
1377959561, 52.37
1377959566, 52.37
1377959571, 52.37
1377959576, 52.37
1377959581, 52.37
1377959586, 52.37
1377959591, 52.37
1377959596, 52.37
1377959601, 52.37
1377959606, 52.37
1377959611, 52.37
1377959616, 52.37
1377959621, 52.37
1377959626, 52.37
1377959631, 52.37
1377959636, 52.37
1377959641, 52.37
1377959646, 52.37
1377959651, 52.37
1377959656, 52.37
1377959661, 52.37
1377959666, 52.37
1377959671, 52.37
1377959676, 52.37
1377959681, 52.37
1377959686, 52.37
1377959691, 52.37
1377959696, 52.37
1377959702, 52.37
1377959706, 52.37
1377959711, 52.37
1377959716, 52.37
1377959721, 52.37
1377959726, 52.37
1377959731, 52.37
1377959736, 52.37
1377959741, 52.37
1377959746, 52.37
1377959751, 52.37
1377959756, 52.37
1377959761, 52.37
1377959766, 52.37
1377959771, 52.37
1377959776, 52.33
1377959781, 52.37
1377959786, 52.37
1377959791, 52.37
1377959796, 52.37
1377959801, 52.37
1377959806, 52.37
1377959811, 52.37
1377959816, 52.37
1377959821, 52.37
1377959826, 52.37
1377959831, 52.37
1377959836, 52.37
1377959841, 52.37
1377959846, 52.37
1377959851, 52.37
1377959856, 52.37
1377959861, 52.37
1377959866, 52.37
1377959871, 52.37
1377959876, 52.33
1377959881, 52.37
1377959886, 52.37
1377959891, 52.37
1377959896, 52.37
1377959901, 52.37
1377959906, 52.37
1377959911, 52.37
1377959916, 52.37
1377959921, 52.33
1377959926, 52.37
1377959931, 52.37
1377959936, 52.37
1377959941, 52.37
1377959946, 52.37
1377959951, 52.37
1377959956, 52.37
1377959961, 52.37
1377959966, 52.37
1377959971, 52.37
1377959976, 52.37
1377959981, 52.37
1377959986, 52.37
1377959991, 52.37
1377959996, 52.37
1377960001, 52.37
1377960006, 52.37
1377960011, 52.37
1377960016, 52.37
1377960021, 52.33
1377960026, 52.37
1377960031, 52.37
1377960036, 52.33
1377960041, 52.37
1377960046, 52.37
1377960051, 52.37
1377960056, 52.33
1377960061, 52.37
1377960066, 52.37
1377960071, 52.37
1377960076, 52.37
1377960081, 52.37
1377960086, 52.37
1377960091, 52.37
1377960096, 52.33
1377960101, 52.37
1377960106, 52.33
1377960111, 52.37
1377960116, 52.37
1377960121, 52.33
1377960126, 52.37
1377960131, 52.37
1377960136, 52.33
1377960141, 52.33
1377960146, 52.33
1377960151, 52.37
1377960156, 52.37
1377960161, 52.33
1377960166, 52.37
1377960171, 52.37
1377960176, 52.33
1377960181, 52.37
1377960186, 52.33
1377960191, 52.37
1377960196, 52.37
1377960201, 52.37
1377960206, 52.37
1377960211, 52.33
1377960216, 52.33
1377960221, 52.37
1377960226, 52.33
1377960231, 52.33
1377960240, 52.33
1377960241, 52.33
1377960246, 52.33
1377960251, 52.37
1377960256, 52.33
1377960261, 52.33
1377960266, 52.33
1377960271, 52.33
1377960276, 52.33
1377960281, 52.33
1377960286, 52.37
1377960291, 52.33
1377960297, 52.33
1377960301, 52.33
1377960306, 52.30
1377960311, 52.33
1377960316, 52.33
1377960321, 52.37
1377960326, 52.33
1377960331, 52.33
1377960336, 52.33
1377960341, 52.33
1377960346, 52.37
1377960351, 52.33
1377960356, 52.33
1377960361, 52.30
1377960366, 52.33
1377960371, 52.33
1377960376, 52.33
1377960381, 52.33
1377960386, 52.33
1377960391, 52.33
1377960396, 52.33
1377960401, 52.33
1377960406, 52.33
1377960411, 52.33
1377960416, 52.33
1377960421, 52.33
1377960426, 52.33
1377960431, 52.30
1377960436, 52.33
1377960441, 52.33
1377960446, 52.33
1377960451, 52.30
1377960456, 52.33
1377960461, 52.33
1377960466, 52.30
1377960471, 52.30
1377960476, 52.30
1377960481, 52.33
1377960486, 52.33
1377960491, 52.33
1377960496, 52.33
1377960501, 52.33
1377960506, 52.30
1377960511, 52.30
1377960516, 52.33
1377960521, 52.33
1377960526, 52.30
1377960531, 52.30
1377960536, 52.30
1377960541, 52.30
1377960546, 52.33
1377960551, 52.30
1377960556, 52.30
1377960561, 52.30
1377960566, 52.30
1377960571, 52.30
1377960576, 52.30
1377960581, 52.33
1377960586, 52.30
1377960591, 52.30
1377960596, 52.30
1377960601, 52.30
1377960606, 52.30
1377960611, 52.30
1377960616, 52.30
1377960621, 52.30
1377960626, 52.30
1377960631, 52.30
1377960636, 52.33
1377960641, 52.30
1377960646, 52.30
1377960651, 52.30
1377960656, 52.30
1377960661, 52.30
1377960666, 52.30
1377960671, 52.30
1377960676, 52.30
1377960681, 52.30
1377960686, 52.30
1377960691, 52.30
1377960696, 52.30
1377960701, 52.30
1377960706, 52.30
1377960711, 52.30
1377960716, 52.30
1377960721, 52.30
1377960726, 52.30
1377960731, 52.30
1377960736, 52.30
1377960741, 52.30
1377960746, 52.30
1377960751, 52.27
1377960756, 52.30
1377960761, 52.30
1377960766, 52.30
1377960771, 52.30
1377960776, 52.30
1377960781, 52.30
1377960786, 52.30
1377960791, 52.27
1377960796, 52.27
1377960801, 52.30
1377960806, 52.27
1377960811, 52.30
1377960816, 52.27
1377960821, 52.30
1377960826, 52.27
1377960831, 52.27
1377960836, 52.30
1377960841, 52.27
1377960846, 52.27
1377960851, 52.27
1377960856, 52.27
1377960861, 52.27
1377960866, 52.27
1377960871, 52.30
1377960876, 52.24
1377960881, 52.27
1377960886, 52.27
1377960891, 52.24
1377960896, 52.27
1377960901, 52.27
1377960906, 52.24
1377960911, 52.24
1377960916, 52.27
1377960921, 52.24
1377960926, 52.27
1377960931, 52.24
1377960936, 52.24
1377960941, 52.27
1377960946, 52.27
1377960951, 52.24
1377960956, 52.24
1377960961, 52.24
1377960968, 52.24
1377960971, 52.24
1377960976, 52.24
1377960981, 52.24
1377960986, 52.24
1377960991, 52.24
1377960996, 52.24
1377961001, 52.24
1377961006, 52.24
1377961011, 52.24
1377961016, 52.24
1377961021, 52.24
1377961026, 52.24
1377961031, 52.24
1377961036, 52.24
1377961041, 52.24
1377961047, 52.24
1377961051, 52.24
1377961056, 52.24
1377961061, 52.24
1377961066, 52.24
1377961071, 52.24
1377961076, 52.24
1377961081, 52.24
1377961086, 52.24
1377961091, 52.24
1377961096, 52.24
1377961101, 52.24
1377961106, 52.24
1377961111, 52.24
1377961116, 52.24
1377961121, 52.24
1377961126, 52.24
1377961131, 52.24
1377961136, 52.24
1377961141, 52.24
1377961146, 52.24
1377961151, 52.24
1377961156, 52.27
1377961161, 52.24
1377961166, 52.24
1377961171, 52.24
1377961176, 52.24
1377961181, 52.24
1377961186, 52.24
1377961191, 52.24
1377961196, 52.27
1377961201, 52.27
1377961206, 52.27
1377961211, 52.27
1377961216, 52.27
1377961221, 52.27
1377961226, 52.24
1377961231, 52.27
1377961236, 52.24
1377961241, 52.27
1377961246, 52.24
1377961251, 52.24
1377961256, 52.24
1377961261, 52.27
1377961266, 52.24
1377961271, 52.24
1377961276, 52.24
1377961281, 52.27
1377961286, 52.27
1377961291, 52.27
1377961296, 52.24
1377961301, 52.24
1377961306, 52.24
1377961311, 52.24
1377961316, 52.24
1377961321, 52.24
1377961326, 52.24
1377961331, 52.24
1377961336, 52.24
1377961341, 52.24
1377961346, 52.24
1377961351, 52.24
1377961356, 52.24
1377961361, 52.24
1377961366, 52.24
1377961371, 52.24
1377961376, 52.24
1377961381, 52.24
1377961386, 52.24
1377961391, 52.24
1377961396, 52.24
1377961401, 52.24
1377961406, 52.24
1377961411, 52.24
1377961416, 52.24
1377961421, 52.24
1377961426, 52.21
1377961431, 52.24
1377961436, 52.24
1377961441, 52.24
1377961446, 52.21
1377961451, 52.24
1377961456, 52.21
1377961461, 52.21
1377961466, 52.21
1377961471, 52.21
1377961476, 52.24
1377961481, 52.21
1377961486, 52.21
1377961491, 52.21
1377961496, 52.21
1377961501, 52.21
1377961506, 52.21
1377961511, 52.21
1377961516, 52.24
1377961521, 52.21
1377961526, 52.21
1377961531, 52.21
1377961536, 52.24
1377961541, 52.21
1377961546, 52.18
1377961551, 52.18
1377961556, 52.21
1377961561, 52.21
1377961566, 52.21
1377961571, 52.21
1377961576, 52.18
1377961581, 52.18
1377961586, 52.18
1377961591, 52.18
1377961596, 52.18
1377961601, 52.18
1377961606, 52.18
1377961611, 52.18
1377961616, 52.18
1377961621, 52.18
1377961626, 52.18
1377961631, 52.18
1377961636, 52.18
1377961641, 52.18
1377961646, 52.18
1377961651, 52.18
1377961656, 52.18
1377961661, 52.18
1377961666, 52.18
1377961671, 52.18
1377961676, 52.18
1377961681, 52.18
1377961686, 52.18
1377961691, 52.18
1377961696, 52.18
1377961701, 52.18
1377961706, 52.18
1377961711, 52.18
1377961716, 52.14
1377961721, 52.14
1377961726, 52.18
1377961731, 52.18
1377961742, 52.18
1377961746, 52.18
1377961751, 52.18
1377961756, 52.18
1377961761, 52.18
1377961766, 52.14
1377961771, 52.14
1377961776, 52.14
1377961781, 52.18
1377961786, 52.18
1377961791, 52.18
1377961796, 52.18
1377961801, 52.18
1377961806, 52.14
1377961811, 52.18
1377961816, 52.18
1377961821, 52.14
1377961826, 52.18
1377961831, 52.14
1377961836, 52.14
1377961841, 52.14
1377961846, 52.14
1377961851, 52.18
1377961856, 52.14
1377961861, 52.14
1377961866, 52.18
1377961871, 52.14
1377961876, 52.14
1377961881, 52.14
1377961886, 52.14
1377961891, 52.14
1377961896, 52.14
1377961901, 52.14
1377961906, 52.14
1377961911, 52.14
1377961916, 52.18
1377961921, 52.14
1377961926, 52.14
1377961931, 52.14
1377961936, 52.14
1377961941, 52.14
1377961946, 52.14
1377961951, 52.14
1377961956, 52.14
1377961961, 52.14
1377961966, 52.18
1377961971, 52.14
1377961976, 52.14
1377961981, 52.14
1377961986, 52.14
1377961991, 52.14
1377961996, 52.14
1377962001, 52.11
1377962006, 52.14
1377962011, 52.11
1377962016, 52.14
1377962021, 52.14
1377962026, 52.14
1377962031, 52.14
1377962036, 52.14
1377962041, 52.14
1377962046, 52.14
1377962051, 52.14
1377962056, 52.14
1377962061, 52.11
1377962066, 52.14
1377962071, 52.14
1377962076, 52.14
1377962081, 52.14
1377962086, 52.14
1377962091, 52.11
1377962096, 52.11
1377962101, 52.14
1377962106, 52.14
1377962111, 52.11
1377962116, 52.11
1377962121, 52.14
1377962126, 52.11
1377962131, 52.11
1377962136, 52.14
1377962141, 52.14
1377962146, 52.18
1377962151, 52.14
1377962156, 52.14
1377962161, 52.11
1377962166, 52.11
1377962171, 52.11
1377962176, 52.11
1377962181, 52.11
1377962186, 52.11
1377962191, 52.14
1377962196, 52.14
1377962201, 52.11
1377962206, 52.11
1377962211, 52.11
1377962216, 52.11
1377962221, 52.14
1377962226, 52.11
1377962231, 52.14
1377962236, 52.14
1377962241, 52.14
1377962246, 52.11
1377962251, 52.14
1377962256, 52.11
1377962262, 52.11
1377962266, 52.14
1377962271, 52.11
1377962276, 52.11
1377962281, 52.11
1377962286, 52.11
1377962291, 52.11
1377962296, 52.11
1377962301, 52.11
1377962306, 52.11
1377962311, 52.11
1377962316, 52.11
1377962321, 52.11
1377962326, 52.08
1377962331, 52.11
1377962336, 52.11
1377962341, 52.11
1377962346, 52.11
1377962351, 52.11
1377962356, 52.11
1377962361, 52.11
1377962366, 52.11
1377962371, 52.11
1377962376, 52.11
1377962381, 52.11
1377962386, 52.11
1377962391, 52.11
1377962396, 52.11
1377962401, 52.11
1377962406, 52.11
1377962411, 52.11
1377962416, 52.11
1377962421, 52.11
1377962426, 52.11
1377962431, 52.11
1377962436, 52.11
1377962441, 52.08
1377962446, 52.08
1377962451, 52.11
1377962456, 52.11
1377962461, 52.11
1377962466, 52.11
1377962473, 52.08
1377962476, 52.11
1377962481, 52.11
1377962486, 52.11
1377962491, 52.11
1377962496, 52.08
1377962501, 52.08
1377962506, 52.08
1377962511, 52.08
1377962516, 52.08
1377962521, 52.08
1377962526, 52.08
1377962531, 52.11
1377962536, 52.11
1377962541, 52.08
1377962546, 52.08
1377962551, 52.08
1377962556, 52.08
1377962561, 52.05
1377962566, 52.05
1377962571, 52.08
1377962576, 52.08
1377962581, 52.08
1377962586, 52.08
1377962591, 52.08
1377962596, 52.08
1377962601, 52.08
1377962606, 52.08
1377962611, 52.08
1377962616, 52.08
1377962621, 52.05
1377962626, 52.05
1377962631, 52.08
1377962636, 52.08
1377962641, 52.05
1377962646, 52.05
1377962651, 52.08
1377962656, 52.05
1377962661, 52.08
1377962666, 52.08
1377962671, 52.05
1377962676, 52.05
1377962681, 52.08
1377962686, 52.05
1377962691, 52.05
1377962696, 52.05
1377962701, 52.05
1377962706, 52.05
1377962711, 52.05
1377962716, 52.05
1377962721, 52.05
1377962726, 52.05
1377962731, 52.08
1377962736, 52.05
1377962741, 52.05
1377962746, 52.05
1377962751, 52.05
1377962756, 52.05
1377962761, 52.05
1377962766, 52.05
1377962771, 52.05
1377962776, 52.05
1377962781, 52.05
1377962786, 52.05
1377962791, 52.05
1377962796, 52.05
1377962801, 52.05
1377962806, 52.05
1377962811, 52.05
1377962816, 52.05
1377962821, 52.05
1377962826, 52.05
1377962831, 52.05
1377962836, 52.08
1377962841, 52.05
1377962846, 52.05
1377962851, 52.05
1377962856, 52.05
1377962861, 52.05
1377962866, 52.05
1377962871, 52.05
1377962876, 52.05
1377962881, 52.05
1377962886, 52.05
1377962891, 52.05
1377962896, 52.05
1377962901, 52.05
1377962906, 52.05
1377962911, 52.05
1377962916, 52.05
1377962921, 52.05
1377962926, 52.05
1377962931, 52.05
1377962936, 52.05
1377962941, 52.05
1377962946, 52.02
1377962951, 52.05
1377962956, 52.05
1377962961, 52.05
1377962966, 52.05
1377962971, 52.05
1377962976, 52.02
1377962981, 52.05
1377962986, 52.05
1377962991, 52.05
1377962996, 52.02
1377963001, 52.05
1377963006, 52.05
1377963011, 52.05
1377963016, 52.05
1377963021, 52.05
1377963026, 52.02
1377963031, 52.02
1377963036, 52.05
1377963041, 52.02
1377963046, 52.05
1377963051, 52.02
1377963056, 52.05
1377963061, 52.02
1377963066, 52.05
1377963071, 52.02
1377963076, 52.05
1377963081, 52.05
1377963086, 52.02
1377963091, 52.02
1377963096, 52.02
1377963101, 52.02
1377963106, 52.05
1377963111, 52.05
1377963116, 52.05
1377963121, 52.02
1377963126, 52.02
1377963131, 52.05
1377963136, 52.05
1377963141, 52.02
1377963146, 52.02
1377963151, 52.05
1377963156, 52.02
1377963161, 52.02
1377963166, 52.02
1377963171, 52.05
1377963176, 52.02
1377963181, 52.02
1377963186, 52.05
1377963195, 52.02
1377963196, 52.02
1377963201, 52.02
1377963206, 52.02
1377963211, 52.02
1377963216, 52.02
1377963221, 52.05
1377963226, 52.02
1377963231, 52.02
1377963236, 52.02
1377963241, 52.02
1377963246, 52.02
1377963251, 52.02
1377963256, 52.05
1377963261, 52.02
1377963266, 52.02
1377963271, 52.02
1377963276, 52.02
1377963281, 52.02
1377963286, 52.05
1377963291, 51.98
1377963296, 52.02
1377963301, 52.02
1377963306, 52.05
1377963311, 52.02
1377963316, 52.02
1377963321, 52.02
1377963326, 52.02
1377963331, 52.02
1377963336, 52.05
1377963341, 52.02
1377963346, 52.02
1377963351, 52.02
1377963356, 52.02
1377963361, 52.02
1377963366, 52.02
1377963371, 52.05
1377963376, 52.02
1377963381, 52.05
1377963386, 52.02
1377963391, 52.02
1377963396, 52.02
1377963401, 52.02
1377963406, 52.05
1377963411, 52.02
1377963416, 52.02
1377963421, 52.02
1377963426, 52.02
1377963431, 52.05
1377963436, 52.02
1377963441, 52.02
1377963446, 52.02
1377963451, 52.02
1377963456, 52.02
1377963461, 52.05
1377963466, 51.98
1377963471, 52.02
1377963476, 52.02
1377963481, 52.02
1377963486, 52.02
1377963491, 52.02
1377963496, 52.02
1377963501, 52.02
1377963506, 52.02
1377963511, 51.98
1377963516, 52.02
1377963521, 52.02
1377963526, 52.02
1377963531, 52.02
1377963536, 52.02
1377963541, 52.05
1377963546, 52.02
1377963551, 52.02
1377963556, 52.02
1377963561, 52.02
1377963566, 52.02
1377963571, 52.02
1377963576, 52.02
1377963581, 52.02
1377963586, 52.05
1377963591, 52.02
1377963596, 52.02
1377963601, 52.05
1377963606, 52.02
1377963611, 52.02
1377963616, 52.02
1377963621, 52.02
1377963626, 51.98
1377963631, 52.05
1377963636, 52.02
1377963641, 52.02
1377963646, 52.02
1377963651, 52.02
1377963656, 52.02
1377963661, 52.02
1377963666, 52.02
1377963671, 52.02
1377963676, 52.02
1377963681, 52.02
1377963686, 52.02
1377963691, 52.02
1377963696, 52.02
1377963701, 52.02
1377963706, 52.02
1377963711, 52.05
1377963716, 52.02
1377963721, 52.05
1377963726, 52.02
1377963731, 52.02
1377963736, 52.02
1377963741, 52.02
1377963746, 52.02
1377963751, 52.02
1377963756, 52.02
1377963761, 52.02
1377963766, 52.02
1377963771, 52.02
1377963776, 52.05
1377963781, 52.05
1377963786, 52.02
1377963791, 52.02
1377963796, 52.02
1377963801, 52.02
1377963806, 52.02
1377963811, 52.02
1377963816, 51.98
1377963821, 52.02
1377963826, 52.02
1377963831, 52.02
1377963836, 52.02
1377963841, 51.98
1377963846, 52.02
1377963851, 52.02
1377963856, 52.05
1377963861, 52.02
1377963866, 52.02
1377963871, 52.02
1377963876, 52.02
1377963881, 52.02
1377963886, 52.02
1377963891, 52.02
1377963896, 51.98
1377963905, 52.02
1377963907, 52.02
1377963911, 51.98
1377963916, 52.02
1377963921, 52.02
1377963926, 51.98
1377963931, 51.98
1377963936, 51.98
1377963941, 52.02
1377963946, 52.02
1377963951, 52.02
1377963956, 52.02
1377963961, 51.98
1377963966, 52.02
1377963971, 52.02
1377963976, 52.02
1377963981, 52.02
1377963986, 52.02
1377963991, 52.02
1377963996, 52.05
1377964001, 52.02
1377964006, 52.02
1377964011, 52.02
1377964016, 52.02
1377964021, 52.02
1377964026, 52.02
1377964031, 52.02
1377964036, 52.02
1377964041, 52.02
1377964046, 51.98
1377964051, 52.02
1377964056, 52.02
1377964061, 51.98
1377964066, 52.02
1377964071, 51.98
1377964076, 52.02
1377964081, 52.02
1377964086, 51.98
1377964091, 52.02
1377964096, 51.98
1377964101, 52.02
1377964106, 52.02
1377964111, 51.98
1377964116, 52.02
1377964121, 52.02
1377964126, 51.98
1377964131, 51.98
1377964136, 52.02
1377964141, 51.98
1377964146, 52.02
1377964151, 51.98
1377964156, 51.98
1377964161, 51.98
1377964166, 51.98
1377964171, 51.98
1377964176, 51.98
1377964181, 51.98
1377964186, 52.02
1377964191, 52.02
1377964197, 51.98
1377964201, 52.02
1377964206, 52.02
1377964211, 51.98
1377964216, 51.98
1377964221, 52.02
1377964226, 52.02
1377964231, 51.98
1377964236, 51.98
1377964241, 52.02
1377964246, 51.98
1377964251, 52.02
1377964256, 51.98
1377964261, 52.02
1377964266, 52.02
1377964271, 52.02
1377964276, 51.98
1377964281, 51.98
1377964286, 51.98
1377964291, 52.02
1377964296, 51.98
1377964301, 51.98
1377964306, 52.02
1377964311, 51.98
1377964316, 51.98
1377964321, 51.98
1377964326, 51.98
1377964331, 51.98
1377964336, 51.98
1377964341, 52.02
1377964346, 51.98
1377964351, 51.98
1377964356, 51.98
1377964361, 51.98
1377964366, 51.98
1377964371, 51.98
1377964376, 51.98
1377964381, 51.98
1377964386, 51.98
1377964391, 51.98
1377964396, 52.02
1377964401, 51.98
1377964406, 51.98
1377964411, 51.98
1377964416, 51.98
1377964421, 51.98
1377964426, 51.98
1377964431, 51.98
1377964436, 51.98
1377964441, 51.98
1377964446, 51.98
1377964451, 51.98
1377964456, 51.98
1377964461, 52.02
1377964466, 51.98
1377964471, 51.98
1377964476, 51.98
1377964481, 51.98
1377964486, 52.02
1377964491, 52.02
1377964496, 51.98
1377964501, 51.98
1377964506, 51.98
1377964511, 51.98
1377964516, 51.98
1377964521, 51.98
1377964526, 51.98
1377964531, 51.98
1377964536, 51.98
1377964541, 51.98
1377964546, 51.98
1377964551, 51.98
1377964556, 51.98
1377964561, 51.98
1377964566, 51.98
1377964571, 51.98
1377964576, 51.98
1377964586, 51.98
1377964591, 51.98
1377964596, 51.98
1377964601, 51.98
1377964606, 51.98
1377964611, 51.98
1377964616, 51.98
1377964621, 51.98
1377964626, 51.98
1377964631, 51.98
1377964636, 51.98
1377964641, 51.98
1377964646, 52.02
1377964651, 51.98
1377964656, 51.98
1377964661, 51.98
1377964666, 51.98
1377964671, 51.98
1377964676, 51.98
1377964681, 51.98
1377964686, 51.98
1377964691, 51.98
1377964696, 51.98
1377964701, 52.02
1377964706, 51.98
1377964711, 51.98
1377964716, 51.98
1377964721, 51.98
1377964726, 51.98
1377964731, 51.98
1377964736, 51.98
1377964741, 51.98
1377964746, 51.98
1377964751, 51.98
1377964756, 51.98
1377964761, 51.98
1377964766, 51.98
1377964771, 51.98
1377964776, 51.98
1377964781, 51.98
1377964786, 51.98
1377964791, 51.98
1377964796, 51.98
1377964801, 51.98
1377964806, 51.98
1377964811, 51.98
1377964816, 51.98
1377964821, 51.98
1377964826, 51.98
1377964831, 51.98
1377964836, 51.98
1377964841, 51.98
1377964846, 51.98
1377964851, 51.98
1377964856, 51.98
1377964861, 51.98
1377964866, 51.98
1377964871, 51.98
1377964876, 51.98
1377964881, 51.98
1377964886, 51.98
1377964891, 52.02
1377964896, 51.98
1377964901, 51.98
1377964906, 51.98
1377964911, 51.98
1377964916, 51.98
1377964921, 51.98
1377964926, 51.98
1377964931, 51.98
1377964936, 51.98
1377964941, 51.98
1377964946, 51.98
1377964951, 51.98
1377964956, 51.98
1377964961, 51.98
1377964966, 51.98
1377964971, 51.98
1377964976, 51.98
1377964981, 51.98
1377964986, 51.98
1377964991, 51.98
1377964996, 51.98
1377965001, 51.98
1377965006, 51.98
1377965011, 51.98
1377965016, 51.98
1377965021, 51.98
1377965026, 51.95
1377965031, 51.95
1377965036, 51.95
1377965041, 51.95
1377965046, 51.98
1377965051, 51.98
1377965056, 51.95
1377965061, 51.98
1377965066, 51.98
1377965071, 51.98
1377965076, 51.95
1377965081, 51.98
1377965086, 51.95
1377965091, 51.98
1377965096, 51.98
1377965101, 51.98
1377965106, 51.98
1377965111, 51.95
1377965116, 51.95
1377965121, 51.98
1377965126, 51.98
1377965131, 51.95
1377965136, 51.95
1377965141, 51.95
1377965146, 51.95
1377965151, 51.98
1377965156, 51.92
1377965161, 51.95
1377965166, 51.92
1377965171, 51.95
1377965176, 51.95
1377965181, 51.95
1377965186, 51.92
1377965191, 51.95
1377965196, 51.95
1377965201, 51.95
1377965206, 51.95
1377965211, 51.95
1377965216, 51.95
1377965221, 51.95
1377965226, 51.92
1377965231, 51.98
1377965236, 51.95
1377965241, 51.92
1377965246, 51.95
1377965251, 51.92
1377965256, 51.95
1377965261, 51.92
1377965266, 51.95
1377965271, 51.92
1377965276, 51.92
1377965281, 51.92
1377965288, 51.95
1377965291, 51.92
1377965296, 51.92
1377965301, 51.92
1377965306, 51.95
1377965311, 51.92
1377965316, 51.92
1377965321, 51.92
1377965326, 51.95
1377965331, 51.92
1377965336, 51.95
1377965341, 51.92
1377965346, 51.95
1377965351, 51.92
1377965356, 51.95
1377965361, 51.95
1377965366, 51.92
1377965371, 51.92
1377965376, 51.92
1377965381, 51.92
1377965386, 51.95
1377965391, 51.92
1377965396, 51.92
1377965401, 51.92
1377965406, 51.92
1377965411, 51.92
1377965416, 51.92
1377965421, 51.92
1377965426, 51.92
1377965431, 51.95
1377965436, 51.92
1377965441, 51.92
1377965446, 51.92
1377965451, 51.95
1377965456, 51.92
1377965461, 51.92
1377965466, 51.92
1377965471, 51.92
1377965476, 51.95
1377965481, 51.92
1377965486, 51.92
1377965491, 51.92
1377965496, 51.92
1377965501, 51.92
1377965506, 51.92
1377965511, 51.92
1377965516, 51.92
1377965521, 51.92
1377965526, 51.92
1377965531, 51.92
1377965536, 51.92
1377965541, 51.92
1377965546, 51.92
1377965551, 51.92
1377965556, 51.92
1377965561, 51.92
1377965566, 51.92
1377965571, 51.92
1377965576, 51.92
1377965581, 51.92
1377965586, 51.92
1377965591, 51.92
1377965596, 51.92
1377965601, 51.92
1377965606, 51.89
1377965611, 51.92
1377965616, 51.89
1377965621, 51.92
1377965626, 51.92
1377965631, 51.92
1377965636, 51.89
1377965641, 51.92
1377965646, 51.92
1377965651, 51.89
1377965656, 51.89
1377965661, 51.92
1377965666, 51.92
1377965671, 51.92
1377965676, 51.92
1377965681, 51.92
1377965686, 51.92
1377965691, 51.92
1377965696, 51.92
1377965701, 51.92
1377965706, 51.92
1377965711, 51.92
1377965716, 51.92
1377965721, 51.92
1377965726, 51.89
1377965731, 51.89
1377965736, 51.92
1377965741, 51.89
1377965746, 51.92
1377965751, 51.89
1377965756, 51.89
1377965761, 51.89
1377965766, 51.86
1377965771, 51.89
1377965776, 51.92
1377965781, 51.89
1377965786, 51.89
1377965791, 51.89
1377965796, 51.89
1377965801, 51.89
1377965806, 51.89
1377965811, 51.89
1377965816, 51.89
1377965821, 51.89
1377965826, 51.92
1377965831, 51.86
1377965836, 51.89
1377965841, 51.89
1377965846, 51.89
1377965851, 51.89
1377965856, 51.86
1377965861, 51.86
1377965866, 51.86
1377965871, 51.86
1377965876, 51.86
1377965881, 51.86
1377965886, 51.89
1377965891, 51.89
1377965896, 51.89
1377965901, 51.89
1377965906, 51.86
1377965911, 51.89
1377965916, 51.86
1377965921, 51.86
1377965926, 51.86
1377965931, 51.86
1377965936, 51.86
1377965941, 51.89
1377965946, 51.86
1377965951, 51.86
1377965956, 51.86
1377965961, 51.86
1377965966, 51.86
1377965971, 51.86
1377965976, 51.86
1377965981, 51.86
1377965986, 51.86
1377965991, 51.86
1377965997, 51.86
1377966001, 51.86
1377966006, 51.86
1377966011, 51.86
1377966016, 51.86
1377966021, 51.86
1377966026, 51.86
1377966031, 51.86
1377966036, 51.86
1377966041, 51.83
1377966046, 51.86
1377966051, 51.86
1377966056, 51.86
1377966061, 51.86
1377966066, 51.86
1377966071, 51.86
1377966076, 51.86
1377966081, 51.86
1377966086, 51.86
1377966091, 51.86
1377966096, 51.86
1377966101, 51.86
1377966106, 51.86
1377966111, 51.86
1377966116, 51.86
1377966121, 51.86
1377966126, 51.86
1377966131, 51.86
1377966136, 51.86
1377966141, 51.86
1377966146, 51.86
1377966151, 51.86
1377966156, 51.86
1377966161, 51.86
1377966166, 51.86
1377966171, 51.86
1377966176, 51.86
1377966181, 51.83
1377966186, 51.86
1377966191, 51.86
1377966196, 51.86
1377966201, 51.86
1377966206, 51.83
1377966211, 51.86
1377966216, 51.86
1377966221, 51.83
1377966226, 51.86
1377966231, 51.86
1377966236, 51.86
1377966241, 51.86
1377966246, 51.86
1377966251, 51.86
1377966256, 51.86
1377966261, 51.86
1377966266, 51.86
1377966271, 51.86
1377966277, 51.86
1377966281, 51.86
1377966286, 51.83
1377966291, 51.83
1377966296, 51.83
1377966301, 51.83
1377966306, 51.83
1377966311, 51.86
1377966316, 51.83
1377966321, 51.86
1377966326, 51.86
1377966331, 51.83
1377966336, 51.83
1377966341, 51.86
1377966346, 51.83
1377966351, 51.83
1377966356, 51.83
1377966361, 51.86
1377966366, 51.86
1377966371, 51.83
1377966376, 51.86
1377966381, 51.83
1377966386, 51.83
1377966391, 51.83
1377966396, 51.86
1377966401, 51.83
1377966406, 51.83
1377966411, 51.83
1377966416, 51.83
1377966421, 51.83
1377966426, 51.83
1377966431, 51.86
1377966436, 51.83
1377966441, 51.83
1377966446, 51.83
1377966451, 51.83
1377966456, 51.83
1377966461, 51.83
1377966466, 51.83
1377966471, 51.83
1377966476, 51.83
1377966481, 51.83
1377966486, 51.83
1377966491, 51.79
1377966496, 51.83
1377966501, 51.79
1377966506, 51.83
1377966511, 51.83
1377966516, 51.83
1377966521, 51.83
1377966526, 51.83
1377966531, 51.83
1377966536, 51.79
1377966541, 51.83
1377966546, 51.83
1377966551, 51.79
1377966556, 51.83
1377966561, 51.83
1377966566, 51.83
1377966571, 51.79
1377966576, 51.79
1377966581, 51.83
1377966586, 51.79
1377966591, 51.79
1377966596, 51.79
1377966601, 51.79
1377966606, 51.79
1377966611, 51.79
1377966616, 51.83
1377966621, 51.83
1377966626, 51.79
1377966631, 51.79
1377966636, 51.79
1377966641, 51.79
1377966646, 51.79
1377966651, 51.79
1377966656, 51.79
1377966661, 51.79
1377966666, 51.79
1377966671, 51.79
1377966676, 51.79
1377966681, 51.79
1377966686, 51.83
1377966691, 51.79
1377966696, 51.79
1377966701, 51.79
1377966706, 51.79
1377966711, 51.79
1377966716, 51.79
1377966724, 51.79
1377966726, 51.79
1377966731, 51.79
1377966736, 51.79
1377966741, 51.79
1377966746, 51.79
1377966751, 51.79
1377966756, 51.79
1377966761, 51.79
1377966766, 51.79
1377966771, 51.79
1377966776, 51.79
1377966781, 51.79
1377966786, 51.79
1377966791, 51.79
1377966796, 51.79
1377966801, 51.79
1377966806, 51.79
1377966811, 51.79
1377966816, 51.79
1377966821, 51.79
1377966826, 51.79
1377966831, 51.79
1377966836, 51.79
1377966841, 51.79
1377966846, 51.79
1377966851, 51.79
1377966856, 51.79
1377966861, 51.79
1377966866, 51.79
1377966871, 51.76
1377966876, 51.79
1377966882, 51.79
1377966886, 51.79
1377966891, 51.79
1377966896, 51.79
1377966901, 51.79
1377966906, 51.79
1377966911, 51.79
1377966916, 51.79
1377966921, 51.79
1377966926, 51.79
1377966931, 51.79
1377966936, 51.79
1377966941, 51.79
1377966946, 51.79
1377966951, 51.79
1377966956, 51.79
1377966961, 51.79
1377966966, 51.79
1377966971, 51.79
1377966976, 51.79
1377966981, 51.79
1377966986, 51.79
1377966991, 51.79
1377966996, 51.79
1377967001, 51.79
1377967006, 51.79
1377967011, 51.79
1377967016, 51.79
1377967021, 51.79
1377967026, 51.79
1377967031, 51.79
1377967036, 51.79
1377967041, 51.83
1377967046, 51.79
1377967051, 51.79
1377967056, 51.79
1377967061, 51.79
1377967066, 51.79
1377967071, 51.79
1377967076, 51.79
1377967081, 51.79
1377967086, 51.79
1377967091, 51.79
1377967096, 51.79
1377967101, 51.79
1377967106, 51.79
1377967111, 51.79
1377967116, 51.79
1377967121, 51.79
1377967126, 51.79
1377967131, 51.79
1377967136, 51.76
1377967141, 51.79
1377967146, 51.79
1377967151, 51.79
1377967156, 51.79
1377967161, 51.79
1377967166, 51.79
1377967171, 51.79
1377967176, 51.79
1377967181, 51.79
1377967186, 51.83
1377967191, 51.79
1377967196, 51.79
1377967201, 51.79
1377967206, 51.79
1377967211, 51.79
1377967216, 51.79
1377967221, 51.79
1377967226, 51.79
1377967231, 51.79
1377967236, 51.79
1377967241, 51.79
1377967246, 51.83
1377967251, 51.79
1377967256, 51.79
1377967261, 51.79
1377967266, 51.79
1377967271, 51.79
1377967276, 51.79
1377967281, 51.79
1377967286, 51.79
1377967291, 51.79
1377967296, 51.79
1377967301, 51.83
1377967306, 51.83
1377967311, 51.83
1377967316, 51.79
1377967321, 51.79
1377967326, 51.79
1377967331, 51.79
1377967336, 51.79
1377967341, 51.83
1377967346, 51.79
1377967351, 51.79
1377967356, 51.83
1377967361, 51.79
1377967366, 51.79
1377967371, 51.79
1377967376, 51.79
1377967381, 51.79
1377967386, 51.79
1377967391, 51.79
1377967396, 51.79
1377967401, 51.79
1377967406, 51.79
1377967411, 51.79
1377967416, 51.79
1377967421, 51.79
1377967426, 51.79
1377967431, 51.79
1377967436, 51.79
1377967441, 51.79
1377967446, 51.79
1377967451, 51.83
1377967456, 51.79
1377967463, 51.83
1377967466, 51.79
1377967471, 51.79
1377967476, 51.83
1377967481, 51.79
1377967486, 51.79
1377967491, 51.79
1377967496, 51.79
1377967501, 51.79
1377967506, 51.83
1377967511, 51.79
1377967516, 51.79
1377967521, 51.79
1377967526, 51.83
1377967531, 51.79
1377967536, 51.79
1377967541, 51.79
1377967546, 51.83
1377967551, 51.83
1377967556, 51.79
1377967561, 51.79
1377967566, 51.83
1377967571, 51.83
1377967576, 51.79
1377967581, 51.79
1377967586, 51.83
1377967591, 51.83
1377967596, 51.79
1377967601, 51.79
1377967606, 51.83
1377967611, 51.83
1377967616, 51.83
1377967621, 51.79
1377967626, 51.79
1377967631, 51.83
1377967636, 51.83
1377967641, 51.79
1377967646, 51.79
1377967651, 51.79
1377967656, 51.83
1377967661, 51.83
1377967666, 51.79
1377967671, 51.79
1377967676, 51.83
1377967681, 51.83
1377967686, 51.83
1377967691, 51.79
1377967696, 51.79
1377967701, 51.79
1377967706, 51.79
1377967711, 51.83
1377967716, 51.83
1377967721, 51.83
1377967726, 51.83
1377967731, 51.83
1377967736, 51.79
1377967741, 51.79
1377967746, 51.79
1377967751, 51.83
1377967756, 51.83
1377967761, 51.83
1377967766, 51.83
1377967771, 51.83
1377967776, 51.83
1377967781, 51.79
1377967786, 51.79
1377967791, 51.83
1377967796, 51.79
1377967801, 51.79
1377967806, 51.83
1377967811, 51.83
1377967816, 51.83
1377967821, 51.83
1377967826, 51.83
1377967831, 51.79
1377967836, 51.83
1377967841, 51.79
1377967846, 51.83
1377967851, 51.79
1377967856, 51.79
1377967861, 51.79
1377967866, 51.79
1377967871, 51.83
1377967876, 51.79
1377967881, 51.83
1377967886, 51.79
1377967891, 51.83
1377967896, 51.83
1377967901, 51.83
1377967906, 51.83
1377967911, 51.83
1377967916, 51.79
1377967921, 51.83
1377967926, 51.79
1377967931, 51.83
1377967936, 51.83
1377967941, 51.79
1377967946, 51.79
1377967951, 51.79
1377967956, 51.83
1377967961, 51.83
1377967966, 51.83
1377967971, 51.83
1377967976, 51.83
1377967981, 51.79
1377967986, 51.83
1377967991, 51.79
1377967996, 51.83
1377968001, 51.79
1377968006, 51.79
1377968011, 51.83
1377968016, 51.79
1377968021, 51.83
1377968026, 51.83
1377968031, 51.83
1377968036, 51.86
1377968041, 51.83
1377968046, 51.83
1377968051, 51.86
1377968056, 51.83
1377968061, 51.83
1377968066, 51.83
1377968071, 51.79
1377968076, 51.83
1377968081, 51.83
1377968087, 51.83
1377968091, 51.79
1377968096, 51.79
1377968101, 51.83
1377968106, 51.83
1377968111, 51.79
1377968116, 51.83
1377968121, 51.83
1377968126, 51.79
1377968131, 51.83
1377968136, 51.83
1377968141, 51.83
1377968146, 51.83
1377968151, 51.83
1377968156, 51.83
1377968161, 51.79
1377968166, 51.83
1377968171, 51.83
1377968176, 51.79
1377968181, 51.79
1377968186, 51.79
1377968191, 51.83
1377968196, 51.79
1377968205, 51.79
1377968206, 51.83
1377968211, 51.83
1377968216, 51.79
1377968221, 51.83
1377968226, 51.79
1377968231, 51.83
1377968236, 51.83
1377968241, 51.79
1377968246, 51.79
1377968251, 51.83
1377968256, 51.83
1377968261, 51.83
1377968266, 51.83
1377968271, 51.83
1377968276, 51.79
1377968281, 51.79
1377968286, 51.83
1377968291, 51.79
1377968296, 51.83
1377968301, 51.83
1377968306, 51.79
1377968311, 51.79
1377968316, 51.79
1377968321, 51.83
1377968326, 51.79
1377968331, 51.83
1377968336, 51.79
1377968341, 51.79
1377968346, 51.79
1377968351, 51.83
1377968356, 51.83
1377968361, 51.83
1377968366, 51.79
1377968371, 51.83
1377968376, 51.79
1377968381, 51.83
1377968386, 51.79
1377968391, 51.83
1377968396, 51.79
1377968401, 51.83
1377968406, 51.79
1377968411, 51.79
1377968416, 51.79
1377968421, 51.79
1377968426, 51.79
1377968431, 51.79
1377968436, 51.79
1377968441, 51.83
1377968446, 51.79
1377968451, 51.79
1377968456, 51.79
1377968461, 51.79
1377968466, 51.83
1377968471, 51.79
1377968476, 51.79
1377968481, 51.83
1377968486, 51.79
1377968491, 51.83
1377968496, 51.79
1377968501, 51.79
1377968506, 51.79
1377968511, 51.83
1377968516, 51.83
1377968521, 51.79
1377968526, 51.79
1377968531, 51.83
1377968536, 51.79
1377968541, 51.83
1377968546, 51.83
1377968551, 51.79
1377968556, 51.83
1377968561, 51.83
1377968566, 51.83
1377968571, 51.79
1377968576, 51.79
1377968581, 51.79
1377968586, 51.79
1377968591, 51.79
1377968596, 51.79
1377968601, 51.83
1377968606, 51.79
1377968611, 51.83
1377968616, 51.79
1377968621, 51.79
1377968626, 51.83
1377968631, 51.79
1377968636, 51.79
1377968641, 51.83
1377968646, 51.83
1377968651, 51.83
1377968656, 51.79
1377968661, 51.79
1377968666, 51.83
1377968671, 51.79
1377968676, 51.83
1377968681, 51.79
1377968686, 51.83
1377968691, 51.79
1377968696, 51.79
1377968701, 51.83
1377968706, 51.83
1377968711, 51.83
1377968716, 51.83
1377968721, 51.83
1377968726, 51.79
1377968731, 51.79
1377968736, 51.79
1377968741, 51.83
1377968746, 51.83
1377968751, 51.79
1377968756, 51.79
1377968761, 51.83
1377968766, 51.83
1377968771, 51.83
1377968776, 51.83
1377968781, 51.83
1377968786, 51.83
1377968791, 51.83
1377968796, 51.83
1377968801, 51.83
1377968806, 51.83
1377968811, 51.83
1377968816, 51.83
1377968821, 51.83
1377968826, 51.86
1377968831, 51.83
1377968836, 51.83
1377968841, 51.86
1377968846, 51.83
1377968851, 51.83
1377968856, 51.83
1377968861, 51.86
1377968866, 51.86
1377968871, 51.83
1377968876, 51.83
1377968881, 51.83
1377968886, 51.83
1377968891, 51.86
1377968896, 51.83
1377968901, 51.86
1377968906, 51.83
1377968911, 51.86
1377968916, 51.86
1377968923, 51.83
1377968926, 51.86
1377968931, 51.83
1377968936, 51.86
1377968941, 51.83
1377968946, 51.86
1377968951, 51.83
1377968956, 51.83
1377968961, 51.86
1377968966, 51.86
1377968971, 51.83
1377968976, 51.86
1377968981, 51.83
1377968986, 51.83
1377968991, 51.86
1377968996, 51.83
1377969001, 51.86
1377969006, 51.86
1377969011, 51.86
1377969016, 51.86
1377969021, 51.86
1377969026, 51.86
1377969031, 51.86
1377969036, 51.83
1377969041, 51.86
1377969046, 51.86
1377969051, 51.83
1377969056, 51.86
1377969061, 51.86
1377969066, 51.86
1377969071, 51.86
1377969076, 51.86
1377969081, 51.86
1377969086, 51.86
1377969091, 51.86
1377969096, 51.86
1377969101, 51.86
1377969106, 51.86
1377969111, 51.86
1377969116, 51.86
1377969121, 51.86
1377969126, 51.86
1377969131, 51.86
1377969136, 51.86
1377969141, 51.86
1377969146, 51.86
1377969151, 51.86
1377969156, 51.86
1377969161, 51.86
1377969166, 51.86
1377969171, 51.86
1377969176, 51.86
1377969181, 51.86
1377969186, 51.86
1377969191, 51.86
1377969196, 51.86
1377969201, 51.86
1377969206, 51.86
1377969211, 51.86
1377969216, 51.86
1377969221, 51.86
1377969226, 51.86
1377969231, 51.86
1377969236, 51.86
1377969241, 51.86
1377969246, 51.86
1377969251, 51.86
1377969256, 51.86
1377969261, 51.86
1377969266, 51.86
1377969271, 51.86
1377969276, 51.89
1377969281, 51.86
1377969286, 51.89
1377969291, 51.86
1377969296, 51.86
1377969301, 51.86
1377969306, 51.86
1377969311, 51.86
1377969316, 51.86
1377969321, 51.86
1377969326, 51.86
1377969331, 51.86
1377969336, 51.86
1377969341, 51.86
1377969346, 51.86
1377969351, 51.86
1377969356, 51.86
1377969361, 51.86
1377969366, 51.86
1377969371, 51.86
1377969376, 51.89
1377969381, 51.86
1377969386, 51.86
1377969391, 51.86
1377969396, 51.86
1377969401, 51.86
1377969406, 51.89
1377969411, 51.86
1377969416, 51.86
1377969421, 51.86
1377969426, 51.86
1377969431, 51.89
1377969436, 51.86
1377969441, 51.89
1377969446, 51.86
1377969451, 51.86
1377969456, 51.89
1377969461, 51.86
1377969466, 51.86
1377969471, 51.89
1377969476, 51.86
1377969481, 51.86
1377969486, 51.86
1377969491, 51.89
1377969496, 51.89
1377969501, 51.89
1377969506, 51.86
1377969511, 51.89
1377969516, 51.89
1377969521, 51.89
1377969526, 51.89
1377969531, 51.89
1377969536, 51.89
1377969541, 51.92
1377969546, 51.89
1377969551, 51.92
1377969556, 51.92
1377969561, 51.89
1377969566, 51.92
1377969571, 51.89
1377969576, 51.89
1377969581, 51.92
1377969586, 51.89
1377969591, 51.89
1377969596, 51.89
1377969601, 51.89
1377969606, 51.89
1377969611, 51.89
1377969616, 51.92
1377969621, 51.89
1377969626, 51.89
1377969631, 51.92
1377969636, 51.89
1377969641, 51.92
1377969646, 51.92
1377969651, 51.92
1377969656, 51.92
1377969661, 51.92
1377969666, 51.92
1377969671, 51.92
1377969676, 51.92
1377969681, 51.89
1377969689, 51.92
1377969691, 51.89
1377969696, 51.92
1377969701, 51.89
1377969706, 51.92
1377969711, 51.92
1377969716, 51.92
1377969721, 51.92
1377969726, 51.92
1377969731, 51.92
1377969736, 51.89
1377969741, 51.89
1377969746, 51.92
1377969751, 51.92
1377969756, 51.92
1377969761, 51.92
1377969766, 51.89
1377969771, 51.92
1377969776, 51.92
1377969781, 51.89
1377969786, 51.92
1377969791, 51.92
1377969796, 51.92
1377969801, 51.92
1377969806, 51.92
1377969811, 51.92
1377969816, 51.92
1377969821, 51.92
1377969826, 51.92
1377969831, 51.92
1377969836, 51.92
1377969841, 51.92
1377969846, 51.92
1377969851, 51.92
1377969856, 51.92
1377969861, 51.92
1377969866, 51.92
1377969871, 51.92
1377969876, 51.92
1377969881, 51.92
1377969886, 51.92
1377969891, 51.92
1377969896, 51.92
1377969901, 51.92
1377969906, 51.92
1377969911, 51.92
1377969916, 51.92
1377969921, 51.92
1377969926, 51.92
1377969931, 51.92
1377969936, 51.92
1377969941, 51.92
1377969946, 51.92
1377969951, 51.92
1377969956, 51.92
1377969961, 51.92
1377969966, 51.95
1377969971, 51.92
1377969976, 51.92
1377969981, 51.92
1377969986, 51.92
1377969991, 51.92
1377969996, 51.92
1377970001, 51.92
1377970006, 51.95
1377970011, 51.92
1377970016, 51.92
1377970021, 51.95
1377970026, 51.95
1377970031, 51.92
1377970036, 51.95
1377970041, 51.92
1377970046, 51.95
1377970051, 51.95
1377970056, 51.95
1377970061, 51.95
1377970066, 51.92
1377970071, 51.95
1377970076, 51.95
1377970081, 51.92
1377970086, 51.95
1377970091, 51.95
1377970096, 51.95
1377970101, 51.92
1377970106, 51.95
1377970111, 51.95
1377970116, 51.95
1377970121, 51.95
1377970126, 51.92
1377970131, 51.95
1377970136, 51.95
1377970141, 51.92
1377970146, 51.95
1377970151, 51.95
1377970156, 51.95
1377970161, 51.95
1377970166, 51.95
1377970171, 51.95
1377970176, 51.95
1377970181, 51.95
1377970186, 51.95
1377970191, 51.95
1377970196, 51.95
1377970201, 51.98
1377970206, 51.95
1377970211, 51.98
1377970216, 51.98
1377970221, 51.95
1377970226, 51.95
1377970231, 51.95
1377970236, 51.95
1377970241, 51.95
1377970246, 51.98
1377970251, 51.95
1377970256, 51.92
1377970261, 51.95
1377970266, 51.98
1377970271, 51.98
1377970276, 51.98
1377970281, 51.98
1377970286, 51.95
1377970291, 51.95
1377970296, 51.98
1377970301, 51.95
1377970306, 51.98
1377970311, 51.98
1377970316, 51.98
1377970321, 51.98
1377970326, 51.95
1377970331, 51.98
1377970336, 51.98
1377970341, 51.98
1377970346, 51.98
1377970351, 51.98
1377970356, 51.98
1377970361, 51.98
1377970366, 51.98
1377970371, 51.98
1377970376, 51.98
1377970381, 51.98
1377970386, 51.98
1377970391, 51.98
1377970396, 51.98
1377970401, 51.98
1377970406, 51.98
1377970411, 51.98
1377970416, 52.02
1377970421, 51.98
1377970426, 51.98
1377970431, 51.98
1377970436, 51.98
1377970441, 51.98
1377970451, 51.98
1377970456, 51.98
1377970461, 51.98
1377970466, 51.98
1377970471, 52.02
1377970476, 51.98
1377970481, 51.98
1377970486, 51.98
1377970491, 51.98
1377970496, 52.02
1377970501, 52.02
1377970506, 51.98
1377970511, 52.02
1377970516, 52.02
1377970521, 52.02
1377970526, 52.02
1377970531, 52.02
1377970536, 52.02
1377970541, 52.02
1377970546, 51.98
1377970551, 52.02
1377970556, 52.02
1377970561, 52.05
1377970566, 52.02
1377970571, 52.02
1377970576, 52.02
1377970581, 52.02
1377970586, 52.02
1377970591, 52.02
1377970596, 52.02
1377970601, 52.02
1377970606, 52.02
1377970611, 52.05
1377970616, 52.02
1377970621, 51.98
1377970626, 52.02
1377970631, 51.98
1377970636, 52.02
1377970641, 52.02
1377970646, 52.05
1377970651, 52.02
1377970656, 52.02
1377970661, 52.02
1377970666, 52.02
1377970671, 52.02
1377970676, 52.02
1377970681, 52.02
1377970686, 52.02
1377970691, 52.05
1377970696, 52.02
1377970701, 52.02
1377970706, 52.02
1377970711, 52.05
1377970716, 52.05
1377970721, 52.02
1377970726, 52.02
1377970731, 52.02
1377970736, 52.05
1377970741, 52.02
1377970746, 52.02
1377970751, 52.02
1377970756, 52.02
1377970761, 52.02
1377970766, 52.05
1377970771, 52.05
1377970776, 52.02
1377970781, 52.05
1377970786, 52.05
1377970791, 52.05
1377970796, 52.02
1377970801, 52.02
1377970806, 52.02
1377970811, 52.05
1377970816, 52.02
1377970821, 52.05
1377970826, 52.02
1377970831, 52.05
1377970836, 52.05
1377970841, 52.05
1377970846, 52.05
1377970851, 52.02
1377970856, 52.02
1377970861, 52.05
1377970866, 52.05
1377970871, 52.02
1377970876, 52.05
1377970881, 52.05
1377970886, 52.05
1377970891, 52.05
1377970896, 52.05
1377970901, 52.05
1377970906, 52.02
1377970911, 52.05
1377970916, 52.05
1377970921, 52.05
1377970926, 52.05
1377970931, 52.05
1377970936, 52.05
1377970941, 52.05
1377970946, 52.02
1377970951, 52.05
1377970956, 52.05
1377970961, 52.05
1377970966, 52.05
1377970971, 52.05
1377970976, 52.05
1377970981, 52.05
1377970986, 52.05
1377970991, 52.02
1377970996, 52.02
1377971001, 52.05
1377971006, 52.05
1377971011, 52.05
1377971016, 52.05
1377971021, 52.02
1377971026, 52.02
1377971031, 52.05
1377971036, 52.05
1377971041, 52.05
1377971046, 52.02
1377971051, 52.05
1377971056, 52.05
1377971061, 52.05
1377971066, 52.05
1377971071, 52.02
1377971076, 52.05
1377971081, 52.05
1377971086, 52.05
1377971091, 52.05
1377971096, 52.05
1377971101, 52.05
1377971106, 52.05
1377971111, 52.05
1377971116, 52.05
1377971121, 52.05
1377971126, 52.05
1377971131, 52.05
1377971136, 52.05
1377971141, 52.05
1377971146, 52.05
1377971151, 52.05
1377971156, 52.05
1377971161, 52.05
1377971166, 52.05
1377971171, 52.05
1377971180, 52.05
1377971181, 52.05
1377971186, 52.05
1377971191, 52.05
1377971196, 52.05
1377971201, 52.05
1377971206, 52.05
1377971211, 52.05
1377971216, 52.05
1377971221, 52.05
1377971226, 52.05
1377971231, 52.05
1377971236, 52.05
1377971241, 52.05
1377971246, 52.05
1377971251, 52.05
1377971256, 52.05
1377971261, 52.05
1377971266, 52.05
1377971271, 52.08
1377971276, 52.05
1377971281, 52.05
1377971286, 52.05
1377971291, 52.05
1377971296, 52.05
1377971301, 52.05
1377971306, 52.05
1377971311, 52.08
1377971316, 52.05
1377971321, 52.05
1377971326, 52.08
1377971331, 52.05
1377971336, 52.08
1377971341, 52.08
1377971346, 52.08
1377971351, 52.08
1377971356, 52.08
1377971361, 52.08
1377971366, 52.08
1377971371, 52.08
1377971376, 52.08
1377971381, 52.08
1377971386, 52.08
1377971391, 52.08
1377971396, 52.08
1377971401, 52.05
1377971406, 52.11
1377971411, 52.08
1377971416, 52.11
1377971421, 52.08
1377971426, 52.08
1377971431, 52.08
1377971436, 52.05
1377971441, 52.08
1377971446, 52.08
1377971451, 52.08
1377971456, 52.08
1377971461, 52.08
1377971466, 52.11
1377971471, 52.08
1377971476, 52.08
1377971481, 52.08
1377971486, 52.08
1377971491, 52.11
1377971496, 52.08
1377971501, 52.08
1377971506, 52.08
1377971511, 52.11
1377971516, 52.08
1377971521, 52.11
1377971526, 52.08
1377971531, 52.08
1377971536, 52.08
1377971541, 52.11
1377971546, 52.11
1377971551, 52.11
1377971556, 52.08
1377971561, 52.11
1377971566, 52.11
1377971571, 52.08
1377971576, 52.08
1377971581, 52.11
1377971586, 52.11
1377971591, 52.11
1377971596, 52.11
1377971601, 52.11
1377971606, 52.08
1377971611, 52.11
1377971616, 52.08
1377971621, 52.08
1377971626, 52.11
1377971631, 52.11
1377971636, 52.08
1377971641, 52.11
1377971646, 52.11
1377971651, 52.11
1377971656, 52.11
1377971661, 52.11
1377971666, 52.11
1377971671, 52.11
1377971676, 52.11
1377971681, 52.11
1377971686, 52.11
1377971691, 52.11
1377971696, 52.11
1377971701, 52.11
1377971706, 52.11
1377971711, 52.11
1377971716, 52.11
1377971721, 52.11
1377971726, 52.11
1377971731, 52.11
1377971736, 52.11
1377971741, 52.11
1377971746, 52.11
1377971751, 52.11
1377971756, 52.11
1377971761, 52.11
1377971766, 52.11
1377971771, 52.11
1377971776, 52.11
1377971781, 52.11
1377971786, 52.11
1377971791, 52.11
1377971796, 52.11
1377971801, 52.11
1377971806, 52.14
1377971811, 52.11
1377971816, 52.11
1377971821, 52.11
1377971826, 52.11
1377971831, 52.11
1377971836, 52.11
1377971841, 52.11
1377971846, 52.14
1377971851, 52.11
1377971856, 52.14
1377971861, 52.11
1377971866, 52.11
1377971871, 52.11
1377971876, 52.11
1377971881, 52.14
1377971886, 52.11
1377971891, 52.14
1377971896, 52.11
1377971901, 52.11
1377971912, 52.14
1377971916, 52.14
1377971921, 52.14
1377971926, 52.14
1377971931, 52.14
1377971936, 52.14
1377971941, 52.14
1377971946, 52.14
1377971951, 52.14
1377971956, 52.14
1377971961, 52.14
1377971966, 52.14
1377971971, 52.14
1377971976, 52.14
1377971981, 52.14
1377971986, 52.18
1377971991, 52.11
1377971996, 52.11
1377972001, 52.14
1377972006, 52.14
1377972011, 52.14
1377972016, 52.14
1377972021, 52.18
1377972026, 52.11
1377972031, 52.14
1377972036, 52.14
1377972041, 52.14
1377972046, 52.14
1377972051, 52.14
1377972056, 52.14
1377972061, 52.18
1377972066, 52.14
1377972071, 52.14
1377972076, 52.14
1377972081, 52.11
1377972086, 52.14
1377972091, 52.18
1377972096, 52.14
1377972101, 52.14
1377972106, 52.14
1377972111, 52.18
1377972116, 52.18
1377972121, 52.14
1377972126, 52.14
1377972131, 52.18
1377972136, 52.18
1377972141, 52.18
1377972146, 52.18
1377972151, 52.18
1377972156, 52.14
1377972161, 52.18
1377972166, 52.14
1377972171, 52.14
1377972176, 52.14
1377972181, 52.14
1377972186, 52.18
1377972191, 52.14
1377972196, 52.18
1377972201, 52.18
1377972206, 52.14
1377972211, 52.14
1377972216, 52.18
1377972221, 52.18
1377972226, 52.18
1377972231, 52.18
1377972236, 52.18
1377972241, 52.14
1377972246, 52.18
1377972251, 52.18
1377972256, 52.18
1377972261, 52.14
1377972266, 52.18
1377972271, 52.18
1377972276, 52.18
1377972281, 52.18
1377972286, 52.14
1377972291, 52.18
1377972296, 52.18
1377972301, 52.18
1377972306, 52.18
1377972311, 52.18
1377972316, 52.14
1377972321, 52.18
1377972326, 52.14
1377972331, 52.18
1377972336, 52.18
1377972341, 52.18
1377972346, 52.18
1377972351, 52.18
1377972356, 52.18
1377972361, 52.18
1377972366, 52.18
1377972371, 52.18
1377972376, 52.18
1377972381, 52.18
1377972386, 52.18
1377972391, 52.18
1377972396, 52.18
1377972401, 52.18
1377972406, 52.18
1377972411, 52.18
1377972416, 52.18
1377972421, 52.18
1377972426, 52.18
1377972431, 52.18
1377972436, 52.18
1377972441, 52.18
1377972446, 52.18
1377972451, 52.18
1377972456, 52.18
1377972461, 52.18
1377972466, 52.18
1377972472, 52.18
1377972476, 52.14
1377972481, 52.18
1377972486, 52.18
1377972491, 52.18
1377972496, 52.18
1377972501, 52.18
1377972506, 52.18
1377972511, 52.14
1377972516, 52.18
1377972521, 52.18
1377972526, 52.18
1377972531, 52.18
1377972536, 52.18
1377972541, 52.18
1377972546, 52.18
1377972551, 52.18
1377972556, 52.18
1377972561, 52.18
1377972566, 52.18
1377972571, 52.18
1377972576, 52.18
1377972581, 52.18
1377972586, 52.18
1377972591, 52.18
1377972596, 52.18
1377972601, 52.18
1377972606, 52.18
1377972611, 52.18
1377972616, 52.18
1377972621, 52.18
1377972626, 52.18
1377972631, 52.18
1377972636, 52.18
1377972641, 52.18
1377972650, 52.18
1377972651, 52.21
1377972656, 52.18
1377972661, 52.18
1377972666, 52.18
1377972671, 52.18
1377972676, 52.18
1377972681, 52.18
1377972686, 52.18
1377972691, 52.18
1377972696, 52.18
1377972701, 52.18
1377972706, 52.18
1377972711, 52.18
1377972716, 52.18
1377972721, 52.14
1377972726, 52.18
1377972731, 52.18
1377972736, 52.18
1377972741, 52.18
1377972746, 52.18
1377972751, 52.18
1377972756, 52.18
1377972761, 52.18
1377972766, 52.18
1377972771, 52.18
1377972776, 52.18
1377972781, 52.18
1377972786, 52.18
1377972791, 52.18
1377972796, 52.18
1377972801, 52.18
1377972806, 52.18
1377972811, 52.14
1377972816, 52.18
1377972821, 52.18
1377972826, 52.18
1377972831, 52.18
1377972836, 52.18
1377972841, 52.18
1377972846, 52.18
1377972851, 52.18
1377972856, 52.18
1377972861, 52.18
1377972866, 52.18
1377972871, 52.18
1377972876, 52.18
1377972881, 52.18
1377972886, 52.18
1377972891, 52.18
1377972896, 52.18
1377972901, 52.18
1377972906, 52.18
1377972911, 52.18
1377972916, 52.18
1377972921, 52.18
1377972926, 52.18
1377972931, 52.18
1377972936, 52.18
1377972941, 52.18
1377972946, 52.18
1377972951, 52.18
1377972956, 52.18
1377972961, 52.14
1377972966, 52.18
1377972971, 52.18
1377972976, 52.14
1377972981, 52.18
1377972986, 52.18
1377972991, 52.18
1377972996, 52.18
1377973001, 52.18
1377973006, 52.18
1377973011, 52.18
1377973016, 52.18
1377973021, 52.18
1377973026, 52.18
1377973031, 52.18
1377973036, 52.18
1377973041, 52.18
1377973046, 52.18
1377973051, 52.18
1377973056, 52.18
1377973061, 52.18
1377973066, 52.18
1377973071, 52.18
1377973076, 52.18
1377973081, 52.18
1377973086, 52.18
1377973091, 52.18
1377973096, 52.18
1377973101, 52.18
1377973106, 52.18
1377973111, 52.18
1377973116, 52.18
1377973121, 52.14
1377973126, 52.18
1377973131, 52.18
1377973136, 52.18
1377973141, 52.18
1377973146, 52.18
1377973151, 52.18
1377973156, 52.18
1377973161, 52.18
1377973166, 52.18
1377973171, 52.18
1377973176, 52.18
1377973181, 52.18
1377973186, 52.18
1377973191, 52.18
1377973196, 52.18
1377973201, 52.18
1377973206, 52.18
1377973211, 52.18
1377973216, 52.18
1377973221, 52.18
1377973226, 52.18
1377973231, 52.18
1377973236, 52.18
1377973241, 52.18
1377973246, 52.18
1377973251, 52.18
1377973256, 52.18
1377973261, 52.18
1377973266, 52.18
1377973271, 52.18
1377973276, 52.18
1377973281, 52.18
1377973286, 52.18
1377973291, 52.18
1377973296, 52.18
1377973301, 52.14
1377973306, 52.18
1377973311, 52.18
1377973316, 52.18
1377973321, 52.18
1377973326, 52.14
1377973331, 52.18
1377973336, 52.18
1377973341, 52.18
1377973346, 52.18
1377973351, 52.18
1377973356, 52.18
1377973361, 52.18
1377973366, 52.18
1377973371, 52.18
1377973376, 52.14
1377973381, 52.18
1377973386, 52.18
1377973391, 52.14
1377973396, 52.18
1377973401, 52.18
1377982430, 52.56
1378017914, 52.33
1378017979, 52.37
1378017999, 52.33
1378018184, 52.30
1378018199, 52.30
1378018284, 52.30
1378018309, 52.30
1378018369, 52.30
